fp64
 2048 524288 8058.681 8069.335 8075.557 265.9239044439907 266.1289496594205 266.48078612368454 16.62024402774942 16.633059353713783 16.655049132730284
 2240 262144 4622.446 4624.552 4628.514 253.73264939892155 253.95003018670786 254.0657305677557 15.858290587432597 15.871876886669241 15.879108160484732
 2464 262144 5460.602 5465.822 5579.901 231.51766169328096 236.34974428365942 236.5756801173204 14.46985385583006 14.771859017728714 14.785980007332524
 2704 262144 5609.252 5628.679 5684.684 249.3849705630075 251.86633524491268 252.73864536661927 15.586560660187969 15.741645952807042 15.796165335413704
 2960 262144 6330.147 6335.444 6345.604 244.56182264131198 244.95402058640244 245.15899551779762 15.285113915081999 15.309626286650152 15.322437219862351
 3248 262144 6836.927 6877.98 6940.784 245.34511144562347 247.58539920150977 249.0720500599173 15.334069465351467 15.47408745009436 15.567003128744831
 3568 262144 7669.031 7697.287 7745.244 241.52364780244494 243.02843118620885 243.92385217897802 15.095227987652809 15.189276949138053 15.245240761186126
 3920 262144 8051.026 8065.327 8090.407 254.0303547151583 254.82028936954444 255.27292546316457 15.876897169697394 15.926268085596528 15.954557841447786
 4304 131072 4306.624 4307.531 4311.267 261.7021344305514 261.9291134526948 261.9842772436135 16.35638340190946 16.370569590793426 16.374017327725845
 4720 131072 4685.93 4690.882 4699.823 263.2694209973439 263.77122255473495 264.04997087024344 16.454338812333994 16.485701409670934 16.503123179390215
 5184 131072 4992.242 5006.742 5019.429 270.73886212953704 271.42490985155615 272.21326530244323 16.921178883096065 16.96405686572226 17.013329081402702
 5696 131072 5484.176 5493.396 5518.236 270.5886852247711 271.81223126823556 272.26920215543777 16.911792826548194 16.988264454264723 17.01682513471486
 6256 131072 6066.215 6134.155 6157.764 266.3260339304981 267.351063675437 270.3453247206042 16.645377120656132 16.709441479714812 16.896582795037762
 6880 131072 6639.816 6677.398 6710.98 268.7462516651816 270.0978315206013 271.6266113398323 16.79664072907385 16.88111447003758 16.97666320873952
 7568 131072 7363.27 7396.636 8481.3 233.91529506089873 268.2173074354341 269.4327101953344 14.61970594130617 16.763581714714633 16.8395443872084
 8320 65536 4587.722 4596.899 4613.367 236.38245992568983 237.22927999940825 237.70381901954826 14.773903745355614 14.826829999963016 14.856488688721766
 9152 65536 4866.995 4873.098 4893.656 245.1277621475641 246.16187566923546 246.47055195248814 15.320485134222757 15.385117229327216 15.404409497030509
 10064 65536 5319.685 5325.091 5362.813 245.97326216670245 247.71569312148844 247.9674281465914 15.373328885418903 15.482230820093028 15.497964259161963
 11056 65536 5820.406 5842.701 5855.054 247.50105327807395 248.02433532025688 248.97438975906493 15.468815829879622 15.501520957516055 15.560899359941558
 12160 65536 6332.973 6337.097 6360.429 250.58616643625768 251.50877759958544 251.67255884400583 15.661635402266105 15.71929859997409 15.729534927750365
 13376 65536 6932.558 6955.067 6961.5 251.84501501113266 252.0779558270251 252.89641601267527 15.740313438195791 15.75487223918907 15.806026000792205
 14704 65536 7569.12 7577.562 7604.177 253.4505296233899 254.34073492239327 254.62440653603062 15.84065810146187 15.89629593264958 15.914025408501914
 16160 65536 8271.488 8281.343 8328.751 254.31466494796157 255.77053383732567 256.0752696491853 15.894666559247598 15.985658364832855 16.004704353074082
 17776 32768 4766.82 4788.562 4792.212 243.09607671780796 243.2813725707217 244.3910061634381 15.193504794862998 15.205085785670105 15.274437885214882
 19552 32768 5198.394 5205.815 5231.234 244.94409387918793 246.14010908954697 246.4914879480085 15.309005867449246 15.383756818096685 15.405717996750532
 21504 32768 5677.448 5681.797 5710.074 246.8069842877693 248.03528601954628 248.22528431788362 15.425436517985581 15.502205376221642 15.514080269867726
 23648 32768 6191.694 6205.36 6232.216 248.67484182191373 249.75107455490092 250.30231274349154 15.542177613869608 15.609442159681308 15.643894546468221
 26000 32768 6971.552 6975.205 6998.463 243.4728882613225 244.28471994729904 244.41272187312092 15.217055516332657 15.26779499670619 15.275795117070057
 28592 32768 7598.33 7614.146 7629.113 245.61247316693303 246.09526951545192 246.60751928384266 15.350779572933314 15.380954344715745 15.412969955240166
 31440 32768 8280.404 8287.959 8315.548 247.7830492951276 248.6078707677004 248.8346993697409 15.486440580945475 15.537991922981275 15.552168710608806
 34576 16384 4639.787 4641.139 4665.647 242.83585277668885 244.11817185393502 244.18930610392243 15.177240798543053 15.257385740870939 15.261831631495152
 38032 16384 5055.738 5084.761 5100.373 244.34145816394215 245.09167215528907 246.49864688399592 15.271341135246384 15.318229509705567 15.406165430249745
 41824 16384 5634.649 5642.789 5653.473 242.4153846670887 242.87437152089154 243.22523585763724 15.150961541693043 15.179648220055721 15.201577241102328
 46000 16384 6135.76 6151.836 6174.008 244.14092110019942 245.02083605609772 245.66280297795217 15.258807568762464 15.313802253506108 15.35392518612201
 50592 16384 6799.161 6806.299 6823.89 242.94041316609733 243.56829695551136 243.82400357926517 15.183775822881083 15.22301855971946 15.239000223704073
 55648 16384 7409.95 7483.214 7494.524 243.3074687598572 243.6751994530692 246.0844761435637 15.206716797491074 15.229699965816826 15.380279758972732
 61200 16384 8386.421 8391.954 8423.68 238.0671630451299 238.9671821366037 239.124842408937 14.879197690320618 14.935448883537731 14.945302650558563
 67312 8192 4993.14 4993.654 4993.724 220.84516645293172 220.8482622144025 220.87099660734526 13.802822903308233 13.803016388400156 13.804437287959079
 74032 8192 6394.016 6476.226 6512.262 186.25483557019052 187.29122300549733 189.6992888350608 11.640927223136908 11.705701437843583 11.8562055521913
 81424 8192 7047.465 7060.424 7068.202 188.7397694632949 188.94769152674115 189.2951317956173 11.79623559145593 11.809230720421322 11.830945737226081
 89552 8192 7697.678 7710.44 7735.785 189.6665907855505 190.29004414793448 190.6055264977309 11.854161924096907 11.893127759245905 11.91284540610818
 98496 8192 8483.247 8504.649 8523.169 189.33784652164 189.75015476829205 190.22886684780016 11.8336154076025 11.859384673018253 11.88930417798751
 108336 8192 9385.905 9426.133 9445.839 187.9109970009017 188.30383827599292 189.11090875094092 11.744437312556355 11.768989892249557 11.819431796933808
 119168 8192 10284.055 10310.898 10978.988 177.83501648785847 189.3577564243192 189.85200993187996 11.114688530491154 11.83485977651995 11.865750620742498
 131072 8192 11330.199 11354.539 13057.773 164.46017617246065 189.12997242776655 189.53626922174976 10.27876101077879 11.82062327673541 11.84601682635936
 144176 4096 6248.128 6278.337 6851.519 172.3836410582821 188.1214391645431 189.03098528071132 10.773977566142632 11.757589947783943 11.814436580044458
 158592 4096 6843.157 6850.791 7467.258 173.98430106472816 189.64024212678504 189.85179851930914 10.87401881654551 11.852515132924065 11.865737407456821
 174448 4096 7524.408 7529.235 7993.357 178.78320910726245 189.80387994265024 189.92564145910217 11.173950569203903 11.86274249641564 11.870352591193885
 191888 4096 8284.286 8295.095 8952.92 175.57919606117335 189.50313359883162 189.75038959301983 10.973699753823334 11.843945849926977 11.85939934956374
 211072 4096 9109.698 9128.963 9775.831 176.87517552216278 189.40835054321064 189.80890738639192 11.054698470135174 11.838021908950665 11.863056711649495
 232176 4096 10009.34 10068.004 10608.022 179.29693132235207 188.91388918796616 190.02109949307348 11.206058207647004 11.807118074247885 11.876318718317092
 255392 4096 11033.601 11048.093 11720.577 178.5041183552653 189.36944719781053 189.61817306969863 11.15650739720408 11.835590449863158 11.851135816856164
 280928 2048 6326.571 6339.928 6582.588 174.80679149295082 181.49750091799152 181.88068829070284 10.925424468309426 11.34359380737447 11.367543018168927
 309008 2048 6987.136 7324.417 7347.632 172.25913981538542 172.80512128132517 181.14671991499804 10.766196238461589 10.800320080082823 11.321669994687378
 339904 2048 7601.697 8356.994 8782.942 158.5171328696011 166.59659968644223 183.14947096681175 9.90732080435007 10.41228748040264 11.446841935425734
 373888 2048 8867.739 9563.522 10132.646 151.13971691106153 160.1340225912587 172.69850274122865 9.446232306941345 10.00837641195367 10.79365642132679
 411264 2048 10166.052 10366.382 11376.904 148.06641103766015 162.50002594926562 165.70221596348316 9.254150689853759 10.156251621829101 10.356388497717697
 452384 2048 11490.626 12075.851 12655.043 146.42106423502474 153.44383298535234 161.25882645558215 9.151316514689046 9.590239561584522 10.078676653473885
 497616 2048 12784.861 13414.667 14265.623 142.87740086780647 151.94079256682255 159.42567822990017 8.929837554237904 9.49629953542641 9.96410488936876
 547376 1024 7271.309 7672.063 7942.398 141.14453191592767 146.11794089803487 154.171146900785 8.82153324474548 9.13237130612718 9.635696681299063
 602112 1024 8417.295 8738.888 8965.85 137.53580262886396 141.107813259536 146.49900900467432 8.595987664303998 8.819238328721 9.156188062792145
 662320 1024 9569.555 10016.719 10209.021 132.86595844988466 135.41673276449106 141.7444552019399 8.304122403117791 8.463545797780691 8.859028450121244
 728544 1024 10947.939 11124.165 11438.479 130.4420029970768 134.12765021015062 136.28666655888384 8.1526251873173 8.382978138134414 8.51791665993024
 801392 1024 12237.631 12646.469 12771.361 128.51025164819941 129.77937288265997 134.11507635750743 8.031890728012463 8.111210805166248 8.382192272344215
 881520 1024 14080.164 14239.506 14264.962 126.55855374868858 126.78480278740008 128.21959744218887 7.909909609293036 7.924050174212505 8.013724840136804
 969664 1024 15934.22 16033.05 16208.757 122.51845542505201 123.86114132994034 124.62937451597882 7.657403464065751 7.741321333121271 7.7893359072486765
 1066624 512 8872.957 8887.396 9074.684 120.35933989547185 122.89572513703675 123.09571386404778 7.5224587434669905 7.680982821064797 7.693482116502986
 1173280 512 9823.251 9926.425 9954.64 120.69132786318744 121.0343824690158 122.30561145185033 7.543207991449215 7.564648904313487 7.644100715740645
 1290608 512 10747.855 10873.053 10900.968 121.23534276955954 121.54659707811595 122.96245083321277 7.577208923097471 7.596662317382247 7.685153177075798
 1419664 512 11948.74 12084.436 12098.257 120.16077489509439 120.29820307708195 121.66437097133254 7.5100484309433995 7.518637692317622 7.604023185708284
 1561616 512 13226.554 13301.122 13306.021 120.1782850034582 120.22254844365763 120.90033307239362 7.5111428127161375 7.513909277728602 7.556270817024601
 1717776 512 14540.032 14657.675 14657.962 120.00321900138641 120.00556868671192 120.97653045055198 7.500201187586651 7.500348042919495 7.5610331531594985
 1889552 512 16017.36 16076.326 16089.202 120.26085868025027 120.35717912164759 120.80025971820574 7.516303667515642 7.522323695102974 7.550016232387859
 2078496 512 17579.777 17666.143 17705.262 120.21171468685411 120.47790533564684 121.06978967935716 7.513232167928382 7.529869083477927 7.566861854959822
 2286336 256 9688.763 9750.814 9762.482 119.90844459431526 120.05192920303884 120.820793325216 7.4942777871447035 7.503245575189927 7.551299582826
 2514960 256 10698.021 10726.171 10912.249 118.00129560826554 120.04838632537185 120.36427298095602 7.375080975516596 7.503024145335741 7.522767061309751
 2766448 256 11682.315 11689.714 11883.235 119.19493100994804 121.16818050467273 121.24492243189812 7.449683188121752 7.573011281542046 7.577807651993632
 3043088 256 12925.855 13127.74 13259.951 117.50126799111099 118.68463695959854 120.53833622611425 7.343829249444437 7.417789809974908 7.533646014132141
 3347392 256 14242.069 14350.112 14424.291 118.81795119080724 119.43214826476616 120.33818288620846 7.426121949425452 7.464509266547885 7.521136430388029
 3682128 256 15778.833 15809.774 15908.098 118.50879570895276 119.2458245133675 119.47965581485019 7.4067997318095475 7.452864032085468 7.467478488428137
 4050336 256 17612.402 17774.965 17781.486 116.62535020976313 116.66813588662481 117.74498628863911 7.289084388110195 7.291758492914051 7.3590616430399445
 4455360 128 9854.993 10034.701 10066.933 113.29887265565391 113.66279473598668 115.73546120225554 7.081179540978369 7.1039246709991675 7.233466325140971
 4900896 128 11247.902 11356.693 11373.814 110.30858918565049 110.47488701156226 111.54341280711726 6.894286824103156 6.904680438222641 6.971463300444829
 5390976 128 12597.175 12902.76 12911.495 106.88846303235991 106.96082512578703 109.55550399196646 6.680528939522494 6.685051570361689 6.847218999497904
 5930064 128 14355.214 14908.729 15129.535 100.33992346757518 101.82600971551632 105.75226422956842 6.2712452167234485 6.36412560721977 6.609516514348027
 6523056 128 16607.4 17400.317 17491.592 95.46885932395405 95.9696502080968 100.55170201235593 5.966803707747128 5.99810313800605 6.284481375772246
 7175360 128 20196.019 20522.498 20948.492 87.68612843349298 89.5062657577065 90.95318042630086 5.480383027093311 5.594141609856656 5.684573776643804
 7892896 128 23656.062 24883.574 24929.494 81.0518406831683 81.2014132696533 85.41495097535675 5.065740042698018 5.075088329353331 5.338434435959797
 8682176 64 14307.436 14613.197 14758.666 75.2993887116898 76.04896642397964 77.67419179788747 4.7062117944806126 4.753060401498727 4.854636987367967
 9550384 64 16889.462 17672.157 17714.83 69.00710602359717 69.1737376484376 72.37940154636068 4.312944126474823 4.32335860302735 4.523712596647543
 10505408 64 19147.697 20535.717 21256.297 63.26088800885686 65.480656166035 70.22736071079461 3.9538055005535537 4.092541010377188 4.389210044424663
 11555936 64 22545.855 23860.802 25313.243 58.43422780716007 61.991202475088635 65.60672939660084 3.6521392379475044 3.8744501546930397 4.1004205872875525
 12711520 64 26163.43 28313.219 29162.439 55.79350067393197 57.46695774860499 62.18888578447092 3.4870937921207483 3.591684859287812 3.8868053615294325
 13982672 64 30563.874 32771.185 33934.418 52.74238137810408 54.61450405287451 58.55874212804306 3.296398836131505 3.413406503304657 3.659921383002691
 15380928 64 35236.313 37718.896 38957.483 50.53608786789434 52.19555694313004 55.873007598723504 3.158505491743396 3.2622223089456277 3.492062974920219
 16919008 32 21045.073 22855.876 23355.534 46.36231019166592 47.375848206386834 51.452257352587935 2.89764438697912 2.960990512899177 3.215766084536746
 18610896 32 23758.399 25694.586 26606.105 44.76782091929653 46.35596557189129 50.133737715239135 2.7979888074560333 2.8972478482432056 3.133358607202446
 20471984 32 27233.661 29189.307 30377.324 43.131086069332504 44.88653930701403 48.109836426325494 2.6956928793332815 2.805408706688377 3.0068647766453434
 22519168 32 31462.65 32844.211 33982.563 42.41077260711618 43.88069337394038 45.807544882582995 2.650673287944761 2.742543335871274 2.862971555161437
 24771072 32 34859.304 37242.684 38253.945 41.44274814009379 42.56805465470749 45.47849285803298 2.590171758755862 2.660503415919218 2.842405803627061
 27248176 32 39451.922 41963.889 42732.077 40.809700497357056 41.556760003821374 44.20274540743541 2.550606281084816 2.597297500238836 2.762671587964713
 29972992 32 43926.384 47777.539 47905.38 40.042923947164184 40.15006901046117 43.67014339263619 2.5026827466977615 2.5093793131538233 2.729383962039762
 32970288 32 49237.163 52543.864 53176.195 39.681260233079854 40.1587982185703 42.85580856882432 2.480078764567491 2.5099248886606436 2.67848803555152
 36267312 16 29331.357 31192.836 31632.735 36.68838574976208 37.205786097807845 39.56700619067846 2.29302410936013 2.3253616311129903 2.472937886917404
 39894032 16 32746.883 34509.916 35090.411 36.38056630342688 36.99252771290432 38.98413855144625 2.27378539396418 2.31203298205652 2.4365086594653906
 43883424 16 36590.093 38052.928 39102.052 35.91293797062107 36.903062176976235 38.37840936889665 2.244558623163817 2.3064413860610147 2.3986505855560405
 48271760 16 40223.365 42068.376 43211.489 35.747352284018724 36.71870575655214 38.40296106504267 2.2342095177511703 2.2949191097845087 2.4001850665651667
 53098928 16 44387.501 46743.691 47989.665 35.40690888340229 36.35069588321556 38.28027389962774 2.212931805212643 2.2719184927009723 2.3925171187267336
 58408816 16 49180.025 52607.45 53298.764 35.06801981374277 35.52884832851621 38.00490365753169 2.1917512383589233 2.220553020532263 2.3753064785957307
 64249696 16 54573.935 58663.875 59294.448 34.674245926026664 35.04695644466036 37.673484090894306 2.1671403703766665 2.1904347777912725 2.354592755680894
 70674656 8 33775.072 35831.85 36768.433 30.754492474563715 31.558362071732276 33.48015056785075 1.9221557796602322 1.9723976294832672 2.092509410490672
 77742112 8 37482.216 39683.616 40897.091 30.414725389637123 31.344769387950933 33.18570577577377 1.9009203368523202 1.9590480867469333 2.0741066109858606
 85516320 8 41707.749 43964.516 44538.085 30.721148428361932 31.121942068007755 32.805921029207305 1.9200717767726208 1.9451213792504847 2.0503700643254565
 94067952 8 46810.705 48145.884 48990.451 30.72205299763417 31.26097408451364 32.1526290193664 1.9201283123521355 1.9538108802821026 2.0095393137104
 103474736 8 50790.455 52611.163 53645.846 30.861583877342525 31.4685264798271 32.5965927259364 1.9288489923339078 1.9667829049891938 2.037287045371025
 113822208 8 56115.066 58140.607 59472.818 30.62164177254893 31.32329402752881 32.45394611137052 1.9138526107843081 1.9577058767205506 2.0283716319606575
 125204416 8 62110.874 64519.161 65638.254 30.51986507745925 31.04923599362986 32.25313905581171 1.9074915673412032 1.9405772496018663 2.0158211909882318
 137724848 4 41169.072 42464.242 43406.664 25.38317121076156 25.946507746447 26.762779204738937 1.5864482006725975 1.6216567341529375 1.6726737002961836
 151497328 4 45855.856 47116.982 47717.184 25.399206793091558 25.72275584204438 26.430182090592744 1.5874504245682224 1.6076722401277737 1.6518863806620465
 166647056 4 49803.68 51813.018 52614.076 25.338779075014067 25.730530655442614 26.768633321875008 1.5836736921883792 1.6081581659651634 1.673039582617188
 183311760 4 55280.61 57550.653 58655.228 25.00193299052558 25.481797400283188 26.52818194299954 1.5626208119078489 1.5926123375176993 1.6580113714374713
 201642928 4 61420.4 63362.357 64441.417 25.03271186603485 25.459018577860036 26.263968062728345 1.5645444916271782 1.5911886611162522 1.6414980039205216
 221807216 4 68564.816 70059.418 71478.333 24.825113478793636 25.327897071597143 25.88000422840776 1.5515695924246022 1.5829935669748214 1.617500264275485
 243987936 4 75409.186 76764.029 78856.046 24.752743600661894 25.42731945453254 25.884160690980007 1.5470464750413684 1.5892074659082838 1.6177600431862504
 268386720 4 83169.867 84004.487 87053.708 24.66401270351402 25.559274708742645 25.815765221796017 1.5415007939696264 1.5974546692964153 1.613485326362251
 295225392 2 60832.867 61474.024 63382.49 18.631353359579276 19.209765217256642 19.412229379226858 1.1644595849737047 1.2006103260785401 1.2132643362016786
 324747920 2 67464.661 67854.271 69092.361 18.800800279498336 19.143845492054584 19.254401648886965 1.175050017468646 1.1964903432534115 1.2034001030554353
 357222704 2 74073.621 75263.763 75512.948 18.922461032775463 18.98510995258103 19.290144004165803 1.1826538145484664 1.1865693720363144 1.2056340002603627
 392944960 2 81820.462 82660.837 83404.329 18.845302861917396 19.014806733689376 19.210107124547893 1.1778314288698373 1.188425420855586 1.2006316952842433
 432239456 2 90463.15 91077.926 91474.831 18.900913017264823 18.983280581070765 19.112288528533444 1.1813070635790515 1.1864550363169228 1.1945180330333403
 475463392 2 99677.229 100493.358 100758.603 18.875346733419875 18.925166855306 19.08012077663194 1.1797091708387422 1.182822928456625 1.1925075485394963
 523009728 2 109734.53 110089.181 110756.753 18.888590134093224 19.003129035904085 19.064545243871734 1.1805368833808265 1.1876955647440053 1.1915340777419834
 575310688 1 59614.363 59759.22 60206.002 19.11140646741499 19.254290400711387 19.30107642012379 1.194462904213437 1.2033931500444617 1.2063172762577368
 632841744 1 65571.761 65874.261 65889.464 19.209193870510163 19.213627125168053 19.302264705076325 1.2005746169068852 1.2008516953230033 1.2063915440672703
 696125904 1 71799.535 72031.39 72120.388 19.30455238260781 19.32840401941431 19.390819285946627 1.206534523912988 1.2080252512133944 1.2119262053716642
 765738480 1 78797.169 79270.085 79697.548 19.216111391532397 19.319734045951886 19.435685056147133 1.2010069619707748 1.207483377871993 1.2147303160091958
 842312320 1 86914.428 87392.035 87509.452 19.250773505015207 19.276638197062237 19.38256603380051 1.2031733440634504 1.2047898873163898 1.211410377112532
 926543552 1 95629.218 96251.621 96375.991 19.22768404010497 19.252528785982733 19.377833916826553 1.2017302525065605 1.2032830491239208 1.2111146198016596
 1019197904 1 105361.556 105849.917 106025.646 19.22549764987992 19.2574152703398 19.346675252214386 1.201593603117495 1.2035884543962374 1.209167203263399
 
META_DATA
 FLOPS          1
 OPENMP_THREADS 2
 ERT_VERSION  1.1.0
 HOSTNAME  ('laptop', [], ['127.0.1.1'])
 UNAME  uname_result(system='Linux', node='laptop', release='6.8.0-84-generic', version='#84-Ubuntu SMP PREEMPT_DYNAMIC Fri Sep  5 22:36:38 UTC 2025', machine='x86_64')
 TIMESTAMP_DATA  1765913280.6587765
 CONFIG  {'ERT_MPI': ['False'], 'ERT_OPENMP': ['True'], 'ERT_OPENMP_CFLAGS': ['-fopenmp'], 'ERT_OPENMP_LDFLAGS': ['-fopenmp'], 'ERT_PRECISION': ['FP64'], 'ERT_TRIALS_MIN': ['1'], 'ERT_TRIALS': ['3', '#', 'Run', 'each', 'test', '3', 'times', 'to', 'filter', 'out', 'background', 'noise'], 'ERT_RESULTS': ['Results/8250U'], 'ERT_GNUPLOT': ['gnuplot'], 'ERT_DRIVER': ['driver1'], 'ERT_KERNEL': ['kernel1'], 'ERT_CC': ['g++'], 'ERT_LD': ['g++'], 'ERT_CFLAGS': ['-O3', '-march=native', '-fopenmp', '-fstrict-aliasing', '-funroll-loops', '-Wno-all'], 'ERT_LDFLAGS': ['-O3', '-march=native', '-fopenmp'], 'ERT_LDLIBS': ['-lm'], 'ERT_RUN': ['export', 'OMP_NUM_THREADS=ERT_OPENMP_THREADS;', './ERT_CODE'], 'ERT_WORKING_SET_MIN': ['128'], 'ERT_MEMORY_MAX': ['1073741824'], 'ERT_ALIGN': ['64'], 'ERT_MIN_PROCS': ['1'], 'ERT_MAX_PROCS': ['1'], 'ERT_OPENMP_THREADS': ['1,2,4,8', '#', 'Logical', 'Threads'], 'ERT_NUM_EXPERIMENTS': ['4'], 'ERT_FLOPS': ['1,2,4,8'], 'ERT_GPU': [False], 'ERT_HIP': [False], 'ERT_OCL': [False], 'ERT_SYCL': [False], 'ERT_WSS_MULT': [1.1]}
 TIMESTAMP_DATA  1765913303.2648919
 TIMESTAMP_DATA  1765913325.8345172
 TIMESTAMP_DATA  1765913348.4177678
 