fp64
        2048            1           2.283         4096          256
        2048            2           1.673         8192          512
        2048            4           1.677        16384         1024
        2048            8           5.793        32768         2048
        2048           16           1.869        65536         4096
        2048           32           2.152       131072         8192
        2048           64           2.831       262144        16384
        2048          128           4.276       524288        32768
        2048          256           5.449      1048576        65536
        2048          512           9.369      2097152       131072
        2048         1024          17.222      4194304       262144
        2048         2048          32.747      8388608       524288
        2048         4096          64.088     16777216      1048576
        2048         8192         126.424     33554432      2097152
        2048        16384         250.678     67108864      4194304
        2048        32768         509.111    134217728      8388608
        2048        65536        1008.208    268435456     16777216
        2048       131072        2014.666    536870912     33554432
        2048       262144        4034.782   1073741824     67108864
        2048       524288        8062.819   2147483648    134217728
        2240            1           2.004         4480          280
        2240            2           1.652         8960          560
        2240            4           1.678        17920         1120
        2240            8           1.792        35840         2240
        2240           16           1.805        71680         4480
        2240           32           2.084       143360         8960
        2240           64           2.658       286720        17920
        2240          128           3.777       573440        35840
        2240          256           6.014      1146880        71680
        2240          512          10.460      2293760       143360
        2240         1024          19.518      4587520       286720
        2240         2048          37.466      9175040       573440
        2240         4096          79.169     18350080      1146880
        2240         8192         145.462     36700160      2293760
        2240        16384         289.091     73400320      4587520
        2240        32768         582.984    146800640      9175040
        2240        65536        1155.546    293601280     18350080
        2240       131072        2309.976    587202560     36700160
        2240       262144        4622.446   1174405120     73400320
        2464            1           2.840         4928          308
        2464            2           1.671         9856          616
        2464            4           1.754        19712         1232
        2464            8           1.854        39424         2464
        2464           16           1.842        78848         4928
        2464           32           2.218       157696         9856
        2464           64           2.879       315392        19712
        2464          128           4.226       630784        39424
        2464          256           6.930      1261568        78848
        2464          512          12.457      2523136       157696
        2464         1024          23.207      5046272       315392
        2464         2048          44.982     10092544       630784
        2464         4096          94.047     20185088      1261568
        2464         8192         175.204     40370176      2523136
        2464        16384         348.433     80740352      5046272
        2464        32768         699.922    161480704     10092544
        2464        65536        1396.888    322961408     20185088
        2464       131072        2790.111    645922816     40370176
        2464       262144        5579.901   1291845632     80740352
        2704            1           2.179         5408          338
        2704            2           1.628        10816          676
        2704            4           1.695        21632         1352
        2704            8           1.848        43264         2704
        2704           16           1.886        86528         5408
        2704           32           2.191       173056        10816
        2704           64           2.928       346112        21632
        2704          128           4.274       692224        43264
        2704          256           7.079      1384448        86528
        2704          512          12.579      2768896       173056
        2704         1024          23.614      5537792       346112
        2704         2048          45.852     11075584       692224
        2704         4096          96.249     22151168      1384448
        2704         8192         178.268     44302336      2768896
        2704        16384         355.182     88604672      5537792
        2704        32768         713.380    177209344     11075584
        2704        65536        1420.609    354418688     22151168
        2704       131072        2843.031    708837376     44302336
        2704       262144        5684.684   1417674752     88604672
        2960            1           2.562         5920          370
        2960            2           1.641        11840          740
        2960            4           1.751        23680         1480
        2960            8           1.810        47360         2960
        2960           16           2.061        94720         5920
        2960           32           2.596       189440        11840
        2960           64           3.689       378880        23680
        2960          128           4.576       757760        47360
        2960          256           7.680      1515520        94720
        2960          512          13.901      3031040       189440
        2960         1024          31.754      6062080       378880
        2960         2048          51.010     12124160       757760
        2960         4096         100.339     24248320      1515520
        2960         8192         199.094     48496640      3031040
        2960        16384         396.481     96993280      6062080
        2960        32768         796.614    193986560     12124160
        2960        65536        1589.989    387973120     24248320
        2960       131072        3173.704    775946240     48496640
        2960       262144        6345.604   1551892480     96993280
        3248            1           1.747         6496          406
        3248            2           1.652        12992          812
        3248            4           1.768        25984         1624
        3248            8           1.870        51968         3248
        3248           16           1.945       103936         6496
        3248           32           2.350       207872        12992
        3248           64           3.206       415744        25984
        3248          128           4.903       831488        51968
        3248          256           8.266      1662976       103936
        3248          512          15.067      3325952       207872
        3248         1024          28.541      6651904       415744
        3248         2048          55.558     13303808       831488
        3248         4096         109.549     26607616      1662976
        3248         8192         217.625     53215232      3325952
        3248        16384         441.927    106430464      6651904
        3248        32768         869.643    212860928     13303808
        3248        65536        1734.140    425721856     26607616
        3248       131072        3474.094    851443712     53215232
        3248       262144        6940.784   1702887424    106430464
        3568            1           2.576         7136          446
        3568            2           1.733        14272          892
        3568            4           1.813        28544         1784
        3568            8           1.872        57088         3568
        3568           16           2.188       114176         7136
        3568           32           2.866       228352        14272
        3568           64           3.473       456704        28544
        3568          128           5.331       913408        57088
        3568          256           9.134      1826816       114176
        3568          512          16.611      3653632       228352
        3568         1024          31.629      7307264       456704
        3568         2048          61.764     14614528       913408
        3568         4096         121.990     29229056      1826816
        3568         8192         242.447     58458112      3653632
        3568        16384         489.425    116916224      7307264
        3568        32768         971.674    233832448     14614528
        3568        65536        1937.151    467664896     29229056
        3568       131072        3867.993    935329792     58458112
        3568       262144        7745.244   1870659584    116916224
        3920            1           1.597         7840          490
        3920            2           1.689        15680          980
        3920            4           1.812        31360         1960
        3920            8           1.832        62720         3920
        3920           16           2.047       125440         7840
        3920           32           2.502       250880        15680
        3920           64           3.447       501760        31360
        3920          128           5.344      1003520        62720
        3920          256           9.213      2007040       125440
        3920          512          16.827      4014080       250880
        3920         1024          32.208      8028160       501760
        3920         2048          62.006     16056320      1003520
        3920         4096         124.506     32112640      2007040
        3920         8192         255.895     64225280      4014080
        3920        16384         500.003    128450560      8028160
        3920        32768        1006.336    256901120     16056320
        3920        65536        2012.017    513802240     32112640
        3920       131072        4023.686   1027604480     64225280
        3920       262144        8063.356   2055208960    128450560
        4304            1           2.174         8608          538
        4304            2           1.655        17216         1076
        4304            4           1.753        34432         2152
        4304            8           1.857        68864         4304
        4304           16           2.086       137728         8608
        4304           32           2.597       275456        17216
        4304           64           3.633       550912        34432
        4304          128           5.718      1101824        68864
        4304          256           9.915      2203648       137728
        4304          512          18.219      4407296       275456
        4304         1024          35.087      8814592       550912
        4304         2048          68.492     17629184      1101824
        4304         4096         135.370     35258368      2203648
        4304         8192         276.913     70516736      4407296
        4304        16384         537.170    141033472      8814592
        4304        32768        1079.443    282066944     17629184
        4304        65536        2151.586    564133888     35258368
        4304       131072        4307.531   1128267776     70516736
        4720            1           3.015         9440          590
        4720            2           1.654        18880         1180
        4720            4           1.780        37760         2360
        4720            8           1.977        75520         4720
        4720           16           2.407       151040         9440
        4720           32           2.708       302080        18880
        4720           64           3.893       604160        37760
        4720          128           6.088      1208320        75520
        4720          256          10.742      2416640       151040
        4720          512          19.736      4833280       302080
        4720         1024          38.095      9666560       604160
        4720         2048          80.096     19333120      1208320
        4720         4096         147.122     38666240      2416640
        4720         8192         292.750     77332480      4833280
        4720        16384         589.414    154664960      9666560
        4720        32768        1171.284    309329920     19333120
        4720        65536        2340.348    618659840     38666240
        4720       131072        4687.582   1237319680     77332480
        5184            1           2.515        10368          648
        5184            2           1.648        20736         1296
        5184            4           1.829        41472         2592
        5184            8           2.012        82944         5184
        5184           16           2.415       165888        10368
        5184           32           3.062       331776        20736
        5184           64           3.991       663552        41472
        5184          128           6.381      1327104        82944
        5184          256          11.290      2654208       165888
        5184          512          20.979      5308416       331776
        5184         1024          40.394     10616832       663552
        5184         2048          79.224     21233664      1327104
        5184         4096         156.856     42467328      2654208
        5184         8192         312.104     84934656      5308416
        5184        16384         628.021    169869312     10616832
        5184        32768        1247.902    339738624     21233664
        5184        65536        2498.981    679477248     42467328
        5184       131072        4992.277   1358954496     84934656
        5696            1           2.492        11392          712
        5696            2           1.668        22784         1424
        5696            4           1.742        45568         2848
        5696            8           1.963        91136         5696
        5696           16           2.249       182272        11392
        5696           32           2.863       364544        22784
        5696           64           4.199       729088        45568
        5696          128           6.872      1458176        91136
        5696          256          12.228      2916352       182272
        5696          512          22.918      5832704       364544
        5696         1024          44.287     11665408       729088
        5696         2048          86.971     23330816      1458176
        5696         4096         178.198     46661632      2916352
        5696         8192         342.911     93323264      5832704
        5696        16384         689.635    186646528     11665408
        5696        32768        1371.334    373293056     23330816
        5696        65536        2746.054    746586112     46661632
        5696       131072        5484.176   1493172224     93323264
        6256            1           2.724        12512          782
        6256            2           1.732        25024         1564
        6256            4           1.888        50048         3128
        6256            8           2.054       100096         6256
        6256           16           2.563       200192        12512
        6256           32           3.060       400384        25024
        6256           64           4.525       800768        50048
        6256          128           7.467      1601536       100096
        6256          256          13.321      3203072       200192
        6256          512          25.172      6406144       400384
        6256         1024          48.866     12812288       800768
        6256         2048          96.007     25624576      1601536
        6256         4096         190.335     51249152      3203072
        6256         8192         385.071    102498304      6406144
        6256        16384         761.471    204996608     12812288
        6256        32768        1515.446    409993216     25624576
        6256        65536        3035.055    819986432     51249152
        6256       131072        6066.215   1639972864    102498304
        6880            1           2.533        13760          860
        6880            2           1.721        27520         1720
        6880            4           1.901        55040         3440
        6880            8           2.079       110080         6880
        6880           16           2.382       220160        13760
        6880           32           3.167       440320        27520
        6880           64           4.785       880640        55040
        6880          128           8.009      1761280       110080
        6880          256          14.479      3522560       220160
        6880          512          27.388      7045120       440320
        6880         1024          53.326     14090240       880640
        6880         2048         104.965     28180480      1761280
        6880         4096         208.268     56360960      3522560
        6880         8192         420.927    112721920      7045120
        6880        16384         833.284    225443840     14090240
        6880        32768        1658.916    450887680     28180480
        6880        65536        3325.967    901775360     56360960
        6880       131072        6639.816   1803550720    112721920
        7568            1           3.003        15136          946
        7568            2           1.820        30272         1892
        7568            4           1.986        60544         3784
        7568            8           2.289       121088         7568
        7568           16           2.834       242176        15136
        7568           32           3.385       484352        30272
        7568           64           5.136       968704        60544
        7568          128           8.717      1937408       121088
        7568          256          15.907      3874816       242176
        7568          512          30.170      7749632       484352
        7568         1024          58.970     15499264       968704
        7568         2048         116.105     30998528      1937408
        7568         4096         230.530     61997056      3874816
        7568         8192         465.375    123994112      7749632
        7568        16384         921.710    247988224     15499264
        7568        32768        1841.477    495976448     30998528
        7568        65536        3675.865    991952896     61997056
        7568       131072        7363.270   1983905792    123994112
        8320            1           2.465        16640         1040
        8320            2           1.815        33280         2080
        8320            4           1.941        66560         4160
        8320            8           2.174       133120         8320
        8320           16           2.672       266240        16640
        8320           32           3.777       532480        33280
        8320           64           5.997      1064960        66560
        8320          128          10.410      2129920       133120
        8320          256          19.274      4259840       266240
        8320          512          36.767      8519680       532480
        8320         1024          72.675     17039360      1064960
        8320         2048         142.164     34078720      2129920
        8320         4096         287.672     68157440      4259840
        8320         8192         571.393    136314880      8519680
        8320        16384        1135.273    272629760     17039360
        8320        32768        2265.642    545259520     34078720
        8320        65536        4596.899   1090519040     68157440
        9152            1           2.190        18304         1144
        9152            2           1.799        36608         2288
        9152            4           1.985        73216         4576
        9152            8           2.222       146432         9152
        9152           16           2.767       292864        18304
        9152           32           3.955       585728        36608
        9152           64           6.412      1171456        73216
        9152          128          11.100      2342912       146432
        9152          256          20.530      4685824       292864
        9152          512          39.548      9371648       585728
        9152         1024          77.351     18743296      1171456
        9152         2048         153.118     37486592      2342912
        9152         4096         304.537     74973184      4685824
        9152         8192         613.719    149946368      9371648
        9152        16384        1218.157    299892736     18743296
        9152        32768        2439.625    599785472     37486592
        9152        65536        4866.995   1199570944     74973184
       10064            1           2.765        20128         1258
       10064            2           1.838        40256         2516
       10064            4           2.081        80512         5032
       10064            8           2.276       161024        10064
       10064           16           2.908       322048        20128
       10064           32           4.197       644096        40256
       10064           64           6.776      1288192        80512
       10064          128          11.981      2576384       161024
       10064          256          22.302      5152768       322048
       10064          512          43.012     10305536       644096
       10064         1024          84.451     20611072      1288192
       10064         2048         181.173     41222144      2576384
       10064         4096         332.753     82444288      5152768
       10064         8192         668.530    164888576     10305536
       10064        16384        1331.020    329777152     20611072
       10064        32768        2664.737    659554304     41222144
       10064        65536        5319.685   1319108608     82444288
       11056            1           2.733        22112         1382
       11056            2           1.910        44224         2764
       11056            4           2.162        88448         5528
       11056            8           2.649       176896        11056
       11056           16           3.411       353792        22112
       11056           32           4.440       707584        44224
       11056           64           7.278      1415168        88448
       11056          128          13.022      2830336       176896
       11056          256          24.251      5660672       353792
       11056          512          46.847     11321344       707584
       11056         1024          92.190     22642688      1415168
       11056         2048         182.649     45285376      2830336
       11056         4096         363.536     90570752      5660672
       11056         8192         730.510    181141504     11321344
       11056        16384        1458.117    362283008     22642688
       11056        32768        2905.545    724566016     45285376
       11056        65536        5820.406   1449132032     90570752
       12160            1           3.180        24320         1520
       12160            2           1.972        48640         3040
       12160            4           2.233        97280         6080
       12160            8           2.748       194560        12160
       12160           16           3.655       389120        24320
       12160           32           4.731       778240        48640
       12160           64           7.798      1556480        97280
       12160          128          13.972      3112960       194560
       12160          256          26.286      6225920       389120
       12160          512          50.910     12451840       778240
       12160         1024         100.223     24903680      1556480
       12160         2048         198.708     49807360      3112960
       12160         4096         401.382     99614720      6225920
       12160         8192         794.112    199229440     12451840
       12160        16384        1582.657    398458880     24903680
       12160        32768        3167.769    796917760     49807360
       12160        65536        6335.526   1593835520     99614720
       13376            1           4.142        26752         1672
       13376            2           1.937        53504         3344
       13376            4           2.133       107008         6688
       13376            8           2.544       214016        13376
       13376           16           3.345       428032        26752
       13376           32           5.036       856064        53504
       13376           64           8.432      1712128       107008
       13376          128          15.160      3424256       214016
       13376          256          28.619      6848512       428032
       13376          512          55.543     13697024       856064
       13376         1024         115.047     27394048      1712128
       13376         2048         217.308     54788096      3424256
       13376         4096         432.836    109576192      6848512
       13376         8192         869.263    219152384     13697024
       13376        16384        1745.099    438304768     27394048
       13376        32768        3464.635    876609536     54788096
       13376        65536        6955.067   1753219072    109576192
       14704            1           3.034        29408         1838
       14704            2           2.040        58816         3676
       14704            4           2.311       117632         7352
       14704            8           2.722       235264        14704
       14704           16           3.535       470528        29408
       14704           32           5.370       941056        58816
       14704           64           9.048      1882112       117632
       14704          128          16.418      3764224       235264
       14704          256          31.143      7528448       470528
       14704          512          60.662     15056896       941056
       14704         1024         119.554     30113792      1882112
       14704         2048         237.255     60227584      3764224
       14704         4096         478.521    120455168      7528448
       14704         8192         948.842    240910336     15056896
       14704        16384        1894.270    481820672     30113792
       14704        32768        3786.999    963641344     60227584
       14704        65536        7577.562   1927282688    120455168
       16160            1           3.288        32320         2020
       16160            2           2.057        64640         4040
       16160            4           2.343       129280         8080
       16160            8           2.815       258560        16160
       16160           16           3.766       517120        32320
       16160           32           5.789      1034240        64640
       16160           64           9.769      2068480       129280
       16160          128          17.790      4136960       258560
       16160          256          33.882      8273920       517120
       16160          512          66.117     16547840      1034240
       16160         1024         130.485     33095680      2068480
       16160         2048         259.040     66191360      4136960
       16160         4096         522.831    132382720      8273920
       16160         8192        1035.552    264765440     16547840
       16160        16384        2069.086    529530880     33095680
       16160        32768        4164.189   1059061760     66191360
       16160        65536        8281.343   2118123520    132382720
       17776            1           2.724        35552         2222
       17776            2           2.269        71104         4444
       17776            4           2.574       142208         8888
       17776            8           2.928       284416        17776
       17776           16           4.059       568832        35552
       17776           32           6.393      1137664        71104
       17776           64          11.014      2275328       142208
       17776          128          20.457      4550656       284416
       17776          256          38.898      9101312       568832
       17776          512          81.515     18202624      1137664
       17776         1024         150.316     36405248      2275328
       17776         2048         298.820     72810496      4550656
       17776         4096         601.764    145620992      9101312
       17776         8192        1194.687    291241984     18202624
       17776        16384        2383.771    582483968     36405248
       17776        32768        4788.562   1164967936     72810496
       19552            1           3.026        39104         2444
       19552            2           2.242        78208         4888
       19552            4           2.490       156416         9776
       19552            8           3.014       312832        19552
       19552           16           4.281       625664        39104
       19552           32           6.829      1251328        78208
       19552           64          11.853      2502656       156416
       19552          128          22.014      5005312       312832
       19552          256          42.227     10010624       625664
       19552          512          82.805     20021248      1251328
       19552         1024         163.693     40042496      2502656
       19552         2048         325.382     80084992      5005312
       19552         4096         655.399    160169984     10010624
       19552         8192        1300.550    320339968     20021248
       19552        16384        2603.533    640679936     40042496
       19552        32768        5201.188   1281359872     80084992
       21504            1           3.351        43008         2688
       21504            2           2.233        86016         5376
       21504            4           2.577       172032        10752
       21504            8           3.184       344064        21504
       21504           16           4.560       688128        43008
       21504           32           7.313      1376256        86016
       21504           64          12.848      2752512       172032
       21504          128          23.888      5505024       344064
       21504          256          45.960     11010048       688128
       21504          512          90.220     22020096      1376256
       21504         1024         178.519     44040192      2752512
       21504         2048         361.650     88080384      5505024
       21504         4096         707.796    176160768     11010048
       21504         8192        1422.601    352321536     22020096
       21504        16384        2841.715    704643072     44040192
       21504        32768        5677.448   1409286144     88080384
       23648            1           4.430        47296         2956
       23648            2           2.365        94592         5912
       23648            4           2.754       189184        11824
       23648            8           3.423       378368        23648
       23648           16           4.851       756736        47296
       23648           32           7.828      1513472        94592
       23648           64          13.880      3026944       189184
       23648          128          25.936      6053888       378368
       23648          256          49.952     12107776       756736
       23648          512          98.186     24215552      1513472
       23648         1024         202.617     48431104      3026944
       23648         2048         386.844     96862208      6053888
       23648         4096         778.493    193724416     12107776
       23648         8192        1546.227    387448832     24215552
       23648        16384        3095.214    774897664     48431104
       23648        32768        6191.694   1549795328     96862208
       26000            1           3.626        52000         3250
       26000            2           2.391       104000         6500
       26000            4           2.777       208000        13000
       26000            8           3.796       416000        26000
       26000           16           5.273       832000        52000
       26000           32           8.653      1664000       104000
       26000           64          15.427      3328000       208000
       26000          128          28.996      6656000       416000
       26000          256          56.184     13312000       832000
       26000          512         116.715     26624000      1664000
       26000         1024         218.806     53248000      3328000
       26000         2048         435.634    106496000      6656000
       26000         4096         874.163    212992000     13312000
       26000         8192        1746.257    425984000     26624000
       26000        16384        3487.925    851968000     53248000
       26000        32768        6971.552   1703936000    106496000
       28592            1           4.478        57184         3574
       28592            2           2.428       114368         7148
       28592            4           2.895       228736        14296
       28592            8           3.832       457472        28592
       28592           16           5.629       914944        57184
       28592           32           9.304      1829888       114368
       28592           64          16.729      3659776       228736
       28592          128          31.492      7319552       457472
       28592          256          61.172     14639104       914944
       28592          512         120.309     29278208      1829888
       28592         1024         244.852     58556416      3659776
       28592         2048         474.882    117112832      7319552
       28592         4096         952.338    234225664     14639104
       28592         8192        1902.782    468451328     29278208
       28592        16384        3807.613    936902656     58556416
       28592        32768        7598.330   1873805312    117112832
       31440            1           4.110        62880         3930
       31440            2           2.528       125760         7860
       31440            4           3.021       251520        15720
       31440            8           3.975       503040        31440
       31440           16           5.981      1006080        62880
       31440           32          10.022      2012160       125760
       31440           64          18.066      4024320       251520
       31440          128          34.174      8048640       503040
       31440          256          66.456     16097280      1006080
       31440          512         130.827     32194560      2012160
       31440         1024         265.443     64389120      4024320
       31440         2048         517.215    128778240      8048640
       31440         4096        1036.862    257556480     16097280
       31440         8192        2072.078    515112960     32194560
       31440        16384        4143.772   1030225920     64389120
       31440        32768        8286.227   2060451840    128778240
       34576            1           4.818        69152         4322
       34576            2           2.650       138304         8644
       34576            4           3.181       276608        17288
       34576            8           4.286       553216        34576
       34576           16           6.537      1106432        69152
       34576           32          11.090      2212864       138304
       34576           64          20.082      4425728       276608
       34576          128          38.141      8851456       553216
       34576          256          80.214     17702912      1106432
       34576          512         146.312     35405824      2212864
       34576         1024         290.514     70811648      4425728
       34576         2048         583.849    141623296      8851456
       34576         4096        1160.646    283246592     17702912
       34576         8192        2321.300    566493184     35405824
       34576        16384        4640.203   1132986368     70811648
       38032            1           4.704        76064         4754
       38032            2           3.007       152128         9508
       38032            4           3.361       304256        19016
       38032            8           4.552       608512        38032
       38032           16           7.029      1217024        76064
       38032           32          11.906      2434048       152128
       38032           64          21.779      4868096       304256
       38032          128          47.769      9736192       608512
       38032          256          80.868     19472384      1217024
       38032          512         159.491     38944768      2434048
       38032         1024         316.631     77889536      4868096
       38032         2048         636.061    155779072      9736192
       38032         4096        1352.452    311558144     19472384
       38032         8192        2664.728    623116288     38944768
       38032        16384        5100.373   1246232576     77889536
       41824            1           4.820        83648         5228
       41824            2           3.117       167296        10456
       41824            4           3.922       334592        20912
       41824            8           5.612       669184        41824
       41824           16           7.669      1338368        83648
       41824           32          13.093      2676736       167296
       41824           64          24.117      5353472       334592
       41824          128          46.088     10706944       669184
       41824          256          89.922     21413888      1338368
       41824          512         177.575     42827776      2676736
       41824         1024         352.862     85655552      5353472
       41824         2048         708.792    171311104     10706944
       41824         4096        1409.927    342622208     21413888
       41824         8192        2821.245    685244416     42827776
       41824        16384        5642.789   1370488832     85655552
       46000            1           5.363        92000         5750
       46000            2           3.109       184000        11500
       46000            4           3.794       368000        23000
       46000            8           5.235       736000        46000
       46000           16           8.202      1472000        92000
       46000           32          14.221      2944000       184000
       46000           64          26.117      5888000       368000
       46000          128          49.970     11776000       736000
       46000          256          97.776     23552000      1472000
       46000          512         193.217     47104000      2944000
       46000         1024         384.198     94208000      5888000
       46000         2048         771.455    188416000     11776000
       46000         4096        1539.337    376832000     23552000
       46000         8192        3069.446    753664000     47104000
       46000        16384        6135.760   1507328000     94208000
       50592            1           6.183       101184         6324
       50592            2           3.220       202368        12648
       50592            4           4.046       404736        25296
       50592            8           5.680       809472        50592
       50592           16           8.939      1618944       101184
       50592           32          15.609      3237888       202368
       50592           64          28.822      6475776       404736
       50592          128          55.278     12951552       809472
       50592          256         108.201     25903104      1618944
       50592          512         214.008     51806208      3237888
       50592         1024         425.528    103612416      6475776
       50592         2048         853.941    207224832     12951552
       50592         4096        1704.980    414449664     25903104
       50592         8192        3399.403    828899328     51806208
       50592        16384        6802.576   1657798656    103612416
       55648            1           6.195       111296         6956
       55648            2           3.880       222592        13912
       55648            4           4.313       445184        27824
       55648            8           6.109       890368        55648
       55648           16           9.723      1780736       111296
       55648           32          16.911      3561472       222592
       55648           64          31.322      7122944       445184
       55648          128          60.211     14245888       890368
       55648          256         117.647     28491776      1780736
       55648          512         234.506     56983552      3561472
       55648         1024         470.204    113967104      7122944
       55648         2048         929.421    227934208     14245888
       55648         4096        1855.918    455868416     28491776
       55648         8192        3704.099    911736832     56983552
       55648        16384        7413.929   1823473664    113967104
       61200            1           7.575       122400         7650
       61200            2           9.865       244800        15300
       61200            4           4.915       489600        30600
       61200            8           6.816       979200        61200
       61200           16          10.919      1958400       122400
       61200           32          19.109      3916800       244800
       61200           64          35.510      7833600       489600
       61200          128          68.374     15667200       979200
       61200          256         133.880     31334400      1958400
       61200          512         264.977     62668800      3916800
       61200         1024         532.700    125337600      7833600
       61200         2048        1056.572    250675200     15667200
       61200         4096        2108.151    501350400     31334400
       61200         8192        4214.349   1002700800     62668800
       61200        16384        8423.680   2005401600    125337600
       67312            1           7.929       134624         8414
       67312            2           4.111       269248        16828
       67312            4           5.486       538496        33656
       67312            8           7.704      1076992        67312
       67312           16          12.116      2153984       134624
       67312           32          21.416      4307968       269248
       67312           64          39.917      8615936       538496
       67312          128          77.095     17231872      1076992
       67312          256         151.260     34463744      2153984
       67312          512         314.767     68927488      4307968
       67312         1024         621.954    137854976      8615936
       67312         2048        1253.733    275709952     17231872
       67312         4096        2535.612    551419904     34463744
       67312         8192        4993.724   1102839808     68927488
       74032            1           8.542       148064         9254
       74032            2           4.698       296128        18508
       74032            4           6.250       592256        37016
       74032            8           9.349      1184512        74032
       74032           16          15.468      2369024       148064
       74032           32          27.950      4738048       296128
       74032           64          52.783      9476096       592256
       74032          128         102.397     18952192      1184512
       74032          256         203.224     37904384      2369024
       74032          512         409.175     75808768      4738048
       74032         1024         799.886    151617536      9476096
       74032         2048        1605.525    303235072     18952192
       74032         4096        3232.049    606470144     37904384
       74032         8192        6467.670   1212940288     75808768
       81424            1           9.468       162848        10178
       81424            2           5.000       325696        20356
       81424            4           6.657       651392        40712
       81424            8          10.788      1302784        81424
       81424           16          17.117      2605568       162848
       81424           32          31.014      5211136       325696
       81424           64          58.793     10422272       651392
       81424          128         114.345     20844544      1302784
       81424          256         225.325     41689088      2605568
       81424          512         447.092     83378176      5211136
       81424         1024         884.609    166756352     10422272
       81424         2048        1766.715    333512704     20844544
       81424         4096        3533.202    667025408     41689088
       81424         8192        7047.465   1334050816     83378176
       89552            1           9.329       179104        11194
       89552            2           5.449       358208        22388
       89552            4           7.157       716416        44776
       89552            8          10.914      1432832        89552
       89552           16          18.327      2865664       179104
       89552           32          33.265      5731328       358208
       89552           64          63.214     11462656       716416
       89552          128         122.863     22925312      1432832
       89552          256         242.371     45850624      2865664
       89552          512         489.056     91701248      5731328
       89552         1024         966.276    183402496     11462656
       89552         2048        1929.538    366804992     22925312
       89552         4096        3850.119    733609984     45850624
       89552         8192        7709.649   1467219968     91701248
       98496            1          10.824       196992        12312
       98496            2           5.699       393984        24624
       98496            4           7.735       787968        49248
       98496            8          11.834      1575936        98496
       98496           16          20.092      3151872       196992
       98496           32          36.536      6303744       393984
       98496           64          69.550     12607488       787968
       98496          128         135.497     25214976      1575936
       98496          256         267.278     50429952      3151872
       98496          512         536.845    100859904      6303744
       98496         1024        1063.983    201719808     12607488
       98496         2048        2122.095    403439616     25214976
       98496         4096        4241.202    806879232     50429952
       98496         8192        8485.558   1613758464    100859904
      108336            1          12.074       216672        13542
      108336            2           6.130       433344        27084
      108336            4           8.458       866688        54168
      108336            8          12.924      1733376       108336
      108336           16          21.992      3466752       216672
      108336           32          40.177      6933504       433344
      108336           64          76.722     13867008       866688
      108336          128         149.605     27734016      1733376
      108336          256         297.918     55468032      3466752
      108336          512         595.373    110936064      6933504
      108336         1024        1178.730    221872128     13867008
      108336         2048        2351.685    443744256     27734016
      108336         4096        4698.915    887488512     55468032
      108336         8192        9393.367   1774977024    110936064
      119168            1          13.221       238336        14896
      119168            2           6.677       476672        29792
      119168            4           9.096       953344        59584
      119168            8          14.028      1906688       119168
      119168           16          23.918      3813376       238336
      119168           32          43.775      7626752       476672
      119168           64          82.841     15253504       953344
      119168          128         171.720     30507008      1906688
      119168          256         322.182     61014016      3813376
      119168          512         648.082    122028032      7626752
      119168         1024        1288.190    244056064     15253504
      119168         2048        2574.232    488112128     30507008
      119168         4096        5161.161    976224256     61014016
      119168         8192       10307.474   1952448512    122028032
      131072            1          14.769       262144        16384
      131072            2           7.127       524288        32768
      131072            4           9.891      1048576        65536
      131072            8          15.281      2097152       131072
      131072           16          26.250      4194304       262144
      131072           32          48.222      8388608       524288
      131072           64          92.203     16777216      1048576
      131072          128         179.955     33554432      2097152
      131072          256         355.441     67108864      4194304
      131072          512         711.912    134217728      8388608
      131072         1024        1415.777    268435456     16777216
      131072         2048        2837.979    536870912     33554432
      131072         4096        5662.396   1073741824     67108864
      131072         8192       11330.199   2147483648    134217728
      144176            1          12.766       288352        18022
      144176            2           7.694       576704        36044
      144176            4          10.634      1153408        72088
      144176            8          16.680      2306816       144176
      144176           16          28.870      4613632       288352
      144176           32          53.301      9227264       576704
      144176           64         101.898     18454528      1153408
      144176          128         209.662     36909056      2306816
      144176          256         390.187     73818112      4613632
      144176          512         785.578    147636224      9227264
      144176         1024        1562.215    295272448     18454528
      144176         2048        3135.050    590544896     36909056
      144176         4096        6248.128   1181089792     73818112
      158592            1          13.694       317184        19824
      158592            2           8.264       634368        39648
      158592            4          11.495      1268736        79296
      158592            8          18.136      2537472       158592
      158592           16          37.751      5074944       317184
      158592           32          58.067     10149888       634368
      158592           64         111.207     20299776      1268736
      158592          128         217.530     40599552      2537472
      158592          256         430.084     81199104      5074944
      158592          512         860.321    162398208     10149888
      158592         1024        1716.589    324796416     20299776
      158592         2048        3419.623    649592832     40599552
      158592         4096        6843.157   1299185664     81199104
      174448            1          17.764       348896        21806
      174448            2           9.213       697792        43612
      174448            4          12.513      1395584        87224
      174448            8          19.772      2791168       174448
      174448           16          34.405      5582336       348896
      174448           32          63.623     11164672       697792
      174448           64         122.315     22329344      1395584
      174448          128         283.434     44658688      2791168
      174448          256         472.997     89317376      5582336
      174448          512         946.574    178634752     11164672
      174448         1024        1886.981    357269504     22329344
      174448         2048        3765.662    714539008     44658688
      174448         4096        7524.408   1429078016     89317376
      191888            1          20.386       383776        23986
      191888            2           9.798       767552        47972
      191888            4          13.587      1535104        95944
      191888            8          21.619      3070208       191888
      191888           16          37.685      6140416       383776
      191888           32          70.002     12280832       767552
      191888           64         134.301     24561664      1535104
      191888          128         269.126     49123328      3070208
      191888          256         520.338     98246656      6140416
      191888          512        1041.071    196493312     12280832
      191888         1024        2074.705    392986624     24561664
      191888         2048        4140.881    785973248     49123328
      191888         4096        8284.286   1571946496     98246656
      211072            1          21.773       422144        26384
      211072            2          10.440       844288        52768
      211072            4          14.792      1688576       105536
      211072            8          23.857      3377152       211072
      211072           16          47.080      6754304       422144
      211072           32          76.820     13508608       844288
      211072           64         147.565     27017216      1688576
      211072          128         288.959     54034432      3377152
      211072          256         578.260    108068864      6754304
      211072          512        1146.662    216137728     13508608
      211072         1024        2279.289    432275456     27017216
      211072         2048        4555.126    864550912     54034432
      211072         4096        9109.698   1729101824    108068864
      232176            1          24.995       464352        29022
      232176            2          11.404       928704        58044
      232176            4          16.165      1857408       116088
      232176            8          25.846      3714816       232176
      232176           16          50.776      7429632       464352
      232176           32          84.246     14859264       928704
      232176           64         161.956     29718528      1857408
      232176          128         317.402     59437056      3714816
      232176          256         633.637    118874112      7429632
      232176          512        1256.530    237748224     14859264
      232176         1024        2508.136    475496448     29718528
      232176         2048        5007.754    950992896     59437056
      232176         4096       10009.340   1901985792    118874112
      255392            1          27.445       510784        31924
      255392            2          12.428      1021568        63848
      255392            4          17.631      2043136       127696
      255392            8          28.365      4086272       255392
      255392           16          49.626      8172544       510784
      255392           32          92.433     16345088      1021568
      255392           64         183.328     32690176      2043136
      255392          128         349.252     65380352      4086272
      255392          256         696.973    130760704      8172544
      255392          512        1382.428    261521408     16345088
      255392         1024        2762.991    523042816     32690176
      255392         2048        5517.371   1046085632     65380352
      255392         4096       11033.601   2092171264    130760704
      280928            1          29.955       561856        35116
      280928            2          13.902      1123712        70232
      280928            4          19.957      2247424       140464
      280928            8          32.332      4494848       280928
      280928           16          56.859      8989696       561856
      280928           32         106.395     17979392      1123712
      280928           64         205.131     35958784      2247424
      280928          128         408.759     71917568      4494848
      280928          256         790.640    143835136      8989696
      280928          512        1597.773    287670272     17979392
      280928         1024        3193.835    575340544     35958784
      280928         2048        6339.928   1150681088     71917568
      309008            1          32.695       618016        38626
      309008            2          15.223      1236032        77252
      309008            4          21.765      2472064       154504
      309008            8          35.237      4944128       309008
      309008           16          62.339      9888256       618016
      309008           32         116.740     19776512      1236032
      309008           64         233.550     39553024      2472064
      309008          128         438.497     79106048      4944128
      309008          256         880.991    158212096      9888256
      309008          512        1746.957    316424192     19776512
      309008         1024        3484.996    632848384     39553024
      309008         2048        6987.136   1265696768     79106048
      339904            1          36.022       679808        42488
      339904            2          16.732      1359616        84976
      339904            4          23.915      2719232       169952
      339904            8          38.796      5438464       339904
      339904           16          68.079     10876928       679808
      339904           32         127.534     21753856      1359616
      339904           64         245.987     43507712      2719232
      339904          128         486.938     87015424      5438464
      339904          256         959.822    174030848     10876928
      339904          512        1908.736    348061696     21753856
      339904         1024        3804.965    696123392     43507712
      339904         2048        7601.697   1392246784     87015424
      373888            1          41.342       747776        46736
      373888            2          19.515      1495552        93472
      373888            4          27.050      2991104       186944
      373888            8          43.981      5982208       373888
      373888           16          77.352     11964416       747776
      373888           32         154.478     23928832      1495552
      373888           64         281.484     47857664      2991104
      373888          128         553.079     95715328      5982208
      373888          256        1115.548    191430656     11964416
      373888          512        2211.658    382861312     23928832
      373888         1024        4413.320    765722624     47857664
      373888         2048        8867.739   1531445248     95715328
      411264            1          42.466       822528        51408
      411264            2          21.501      1645056       102816
      411264            4          31.058      3290112       205632
      411264            8          51.000      6580224       411264
      411264           16          90.364     13160448       822528
      411264           32         169.191     26320896      1645056
      411264           64         327.906     52641792      3290112
      411264          128         652.424    105283584      6580224
      411264          256        1280.654    210567168     13160448
      411264          512        2544.208    421134336     26320896
      411264         1024        5084.327    842268672     52641792
      411264         2048       10166.052   1684537344    105283584
      452384            1          45.544       904768        56548
      452384            2          24.634      1809536       113096
      452384            4          34.555      3619072       226192
      452384            8          56.437      7238144       452384
      452384           16         101.659     14476288       904768
      452384           32         189.739     28952576      1809536
      452384           64         378.514     57905152      3619072
      452384          128         722.463    115810304      7238144
      452384          256        1456.013    231620608     14476288
      452384          512        2882.876    463241216     28952576
      452384         1024        5715.011    926482432     57905152
      452384         2048       11490.626   1852964864    115810304
      497616            1          50.086       995232        62202
      497616            2          27.481      1990464       124404
      497616            4          38.467      3980928       248808
      497616            8          62.933      7961856       497616
      497616           16         113.537     15923712       995232
      497616           32         213.124     31847424      1990464
      497616           64         418.728     63694848      3980928
      497616          128         815.875    127389696      7961856
      497616          256        1603.953    254779392     15923712
      497616          512        3203.737    509558784     31847424
      497616         1024        6411.558   1019117568     63694848
      497616         2048       12784.861   2038235136    127389696
      547376            1          55.669      1094752        68422
      547376            2          30.213      2189504       136844
      547376            4          43.299      4379008       273688
      547376            8          71.720      8758016       547376
      547376           16         128.229     17516032      1094752
      547376           32         247.900     35032064      2189504
      547376           64         465.674     70064128      4379008
      547376          128         923.485    140128256      8758016
      547376          256        1830.376    280256512     17516032
      547376          512        3640.296    560513024     35032064
      547376         1024        7271.309   1121026048     70064128
      602112            1          62.372      1204224        75264
      602112            2          34.449      2408448       150528
      602112            4          49.795      4816896       301056
      602112            8          82.552      9633792       602112
      602112           16         148.045     19267584      1204224
      602112           32         278.548     38535168      2408448
      602112           64         546.709     77070336      4816896
      602112          128        1069.121    154140672      9633792
      602112          256        2118.405    308281344     19267584
      602112          512        4255.805    616562688     38535168
      602112         1024        8417.295   1233125376     77070336
      662320            1          68.700      1324640        82790
      662320            2          39.829      2649280       165580
      662320            4          56.977      5298560       331160
      662320            8          94.556     10597120       662320
      662320           16         180.284     21194240      1324640
      662320           32         322.104     42388480      2649280
      662320           64         631.816     84776960      5298560
      662320          128        1238.389    169553920     10597120
      662320          256        2465.603    339107840     21194240
      662320          512        4929.838    678215680     42388480
      662320         1024        9799.064   1356431360     84776960
      728544            1          76.198      1457088        91068
      728544            2          44.882      2914176       182136
      728544            4          63.898      5828352       364272
      728544            8         106.686     11656704       728544
      728544           16         191.861     23313408      1457088
      728544           32         370.035     46626816      2914176
      728544           64         701.545     93253632      5828352
      728544          128        1399.002    186507264     11656704
      728544          256        2758.144    373014528     23313408
      728544          512        5540.975    746029056     46626816
      728544         1024       11029.914   1492058112     93253632
      801392            1          83.870      1602784       100174
      801392            2          56.403      3205568       200348
      801392            4          73.098      6411136       400696
      801392            8         122.064     12822272       801392
      801392           16         225.690     25644544      1602784
      801392           32         417.406     51289088      3205568
      801392           64         815.734    102578176      6411136
      801392          128        1600.263    205156352     12822272
      801392          256        3179.071    410312704     25644544
      801392          512        6339.520    820625408     51289088
      801392         1024       12646.469   1641250816    102578176
      881520            1          92.964      1763040       110190
      881520            2          59.893      3526080       220380
      881520            4          81.852      7052160       440760
      881520            8         142.751     14104320       881520
      881520           16         246.702     28208640      1763040
      881520           32         466.405     56417280      3526080
      881520           64         918.637    112834560      7052160
      881520          128        1801.639    225669120     14104320
      881520          256        3588.453    451338240     28208640
      881520          512        7114.030    902676480     56417280
      881520         1024       14264.962   1805352960    112834560
      969664            1          98.469      1939328       121208
      969664            2          69.221      3878656       242416
      969664            4          91.152      7757312       484832
      969664            8         153.511     15514624       969664
      969664           16         276.217     31029248      1939328
      969664           32         528.448     62058496      3878656
      969664           64        1019.867    124116992      7757312
      969664          128        2010.742    248233984     15514624
      969664          256        4016.350    496467968     31029248
      969664          512        8005.202    992935936     62058496
      969664         1024       15934.220   1985871872    124116992
     1066624            1         117.173      2133248       133328
     1066624            2          79.395      4266496       266656
     1066624            4         101.191      8532992       533312
     1066624            8         169.331     17065984      1066624
     1066624           16         306.361     34131968      2133248
     1066624           32         586.727     68263936      4266496
     1066624           64        1134.650    136527872      8532992
     1066624          128        2235.683    273055744     17065984
     1066624          256        4442.432    546111488     34131968
     1066624          512        8887.396   1092222976     68263936
     1173280            1         120.539      2346560       146660
     1173280            2          89.992      4693120       293320
     1173280            4         111.961      9386240       586640
     1173280            8         193.662     18772480      1173280
     1173280           16         340.472     37544960      2346560
     1173280           32         651.295     75089920      4693120
     1173280           64        1252.413    150179840      9386240
     1173280          128        2469.109    300359680     18772480
     1173280          256        4939.663    600719360     37544960
     1173280          512        9826.545   1201438720     75089920
     1290608            1         132.959      2581216       161326
     1290608            2         101.009      5162432       322652
     1290608            4         122.911     10324864       645304
     1290608            8         206.086     20649728      1290608
     1290608           16         377.986     41299456      2581216
     1290608           32         704.142     82598912      5162432
     1290608           64        1393.091    165197824     10324864
     1290608          128        2733.409    330395648     20649728
     1290608          256        5421.996    660791296     41299456
     1290608          512       10810.251   1321582592     82598912
     1419664            1         153.389      2839328       177458
     1419664            2         114.998      5678656       354916
     1419664            4         136.452     11357312       709832
     1419664            8         228.808     22714624      1419664
     1419664           16         414.915     45429248      2839328
     1419664           32         795.893     90858496      5678656
     1419664           64        1544.001    181716992     11357312
     1419664          128        3031.808    363433984     22714624
     1419664          256        6007.019    726867968     45429248
     1419664          512       11948.740   1453735936     90858496
     1561616            1         162.163      3123232       195202
     1561616            2         133.409      6246464       390404
     1561616            4         150.346     12492928       780808
     1561616            8         252.469     24985856      1561616
     1561616           16         462.933     49971712      3123232
     1561616           32         879.579     99943424      6246464
     1561616           64        1706.361    199886848     12492928
     1561616          128        3378.994    399773696     24985856
     1561616          256        6627.995    799547392     49971712
     1561616          512       13226.554   1599094784     99943424
     1717776            1         179.371      3435552       214722
     1717776            2         164.017      6871104       429444
     1717776            4         165.527     13742208       858888
     1717776            8         278.485     27484416      1717776
     1717776           16         513.319     54968832      3435552
     1717776           32         966.627    109937664      6871104
     1717776           64        1876.652    219875328     13742208
     1717776          128        3711.521    439750656     27484416
     1717776          256        7319.336    879501312     54968832
     1717776          512       14657.962   1759002624    109937664
     1889552            1         194.902      3779104       236194
     1889552            2         182.843      7558208       472388
     1889552            4         181.314     15116416       944776
     1889552            8         310.206     30232832      1889552
     1889552           16         550.842     60465664      3779104
     1889552           32        1056.583    120931328      7558208
     1889552           64        2050.372    241862656     15116416
     1889552          128        4071.540    483725312     30232832
     1889552          256        8079.012    967450624     60465664
     1889552          512       16054.520   1934901248    120931328
     2078496            1         214.484      4156992       259812
     2078496            2         210.849      8313984       519624
     2078496            4         205.037     16627968      1039248
     2078496            8         334.118     33255936      2078496
     2078496           16         611.000     66511872      4156992
     2078496           32        1155.541    133023744      8313984
     2078496           64        2266.774    266047488     16627968
     2078496          128        4470.002    532094976     33255936
     2078496          256        8854.649   1064189952     66511872
     2078496          512       17579.777   2128379904    133023744
     2286336            1         242.244      4572672       285792
     2286336            2         239.507      9145344       571584
     2286336            4         218.262     18290688      1143168
     2286336            8         375.070     36581376      2286336
     2286336           16         670.705     73162752      4572672
     2286336           32        1285.309    146325504      9145344
     2286336           64        2486.579    292651008     18290688
     2286336          128        4899.838    585302016     36581376
     2286336          256        9688.763   1170604032     73162752
     2514960            1         264.092      5029920       314370
     2514960            2         278.157     10059840       628740
     2514960            4         241.798     20119680      1257480
     2514960            8         407.072     40239360      2514960
     2514960           16         740.696     80478720      5029920
     2514960           32        1412.644    160957440     10059840
     2514960           64        2746.646    321914880     20119680
     2514960          128        5428.828    643829760     40239360
     2514960          256       10698.021   1287659520     80478720
     2766448            1         289.191      5532896       345806
     2766448            2         317.168     11065792       691612
     2766448            4         261.991     22131584      1383224
     2766448            8         440.644     44263168      2766448
     2766448           16         806.440     88526336      5532896
     2766448           32        1532.437    177052672     11065792
     2766448           64        2963.055    354105344     22131584
     2766448          128        5860.204    708210688     44263168
     2766448          256       11689.714   1416421376     88526336
     3043088            1         315.142      6086176       380386
     3043088            2         359.042     12172352       760772
     3043088            4         297.555     24344704      1521544
     3043088            8         489.516     48689408      3043088
     3043088           16         894.277     97378816      6086176
     3043088           32        1707.915    194757632     12172352
     3043088           64        3291.548    389515264     24344704
     3043088          128        6500.795    779030528     48689408
     3043088          256       13259.951   1558061056     97378816
     3347392            1         356.787      6694784       418424
     3347392            2         405.659     13389568       836848
     3347392            4         324.266     26779136      1673696
     3347392            8         552.841     53558272      3347392
     3347392           16         987.743    107116544      6694784
     3347392           32        1869.824    214233088     13389568
     3347392           64        3653.802    428466176     26779136
     3347392          128        7202.448    856932352     53558272
     3347392          256       14242.069   1713864704    107116544
     3682128            1         388.928      7364256       460266
     3682128            2         453.031     14728512       920532
     3682128            4         366.967     29457024      1841064
     3682128            8         604.407     58914048      3682128
     3682128           16        1090.682    117828096      7364256
     3682128           32        2070.720    235656192     14728512
     3682128           64        4040.835    471312384     29457024
     3682128          128        7971.917    942624768     58914048
     3682128          256       15800.228   1885249536    117828096
     4050336            1         419.237      8100672       506292
     4050336            2         522.920     16201344      1012584
     4050336            4         403.810     32402688      2025168
     4050336            8         685.590     64805376      4050336
     4050336           16        1232.697    129610752      8100672
     4050336           32        2349.569    259221504     16201344
     4050336           64        4525.019    518443008     32402688
     4050336          128        8941.804   1036886016     64805376
     4050336          256       17781.486   2073772032    129610752
     4455360            1         462.549      8910720       556920
     4455360            2         559.451     17821440      1113840
     4455360            4         457.135     35642880      2227680
     4455360            8         757.959     71285760      4455360
     4455360           16        1365.538    142571520      8910720
     4455360           32        2586.224    285143040     17821440
     4455360           64        5029.893    570286080     35642880
     4455360          128        9960.508   1140572160     71285760
     4900896            1         505.966      9801792       612612
     4900896            2         660.774     19603584      1225224
     4900896            4         513.642     39207168      2450448
     4900896            8         857.891     78414336      4900896
     4900896           16        1549.704    156828672      9801792
     4900896           32        2925.877    313657344     19603584
     4900896           64        5667.977    627314688     39207168
     4900896          128       11247.902   1254629376     78414336
     5390976            1         557.772     10781952       673872
     5390976            2         773.671     21563904      1347744
     5390976            4         575.784     43127808      2695488
     5390976            8         961.854     86255616      5390976
     5390976           16        1749.344    172511232     10781952
     5390976           32        3353.090    345022464     21563904
     5390976           64        6426.980    690044928     43127808
     5390976          128       12597.175   1380089856     86255616
     5930064            1         614.788     11860128       741258
     5930064            2         897.350     23720256      1482516
     5930064            4         661.785     47440512      2965032
     5930064            8        1092.803     94881024      5930064
     5930064           16        1972.886    189762048     11860128
     5930064           32        3698.586    379524096     23720256
     5930064           64        7237.895    759048192     47440512
     5930064          128       14355.214   1518096384     94881024
     6523056            1         677.372     13046112       815382
     6523056            2        1036.434     26092224      1630764
     6523056            4         800.204     52184448      3261528
     6523056            8        1277.373    104368896      6523056
     6523056           16        2584.210    208737792     13046112
     6523056           32        4458.905    417475584     26092224
     6523056           64        8459.225    834951168     52184448
     6523056          128       16607.400   1669902336    104368896
     7175360            1         753.098     14350720       896920
     7175360            2        1208.448     28701440      1793840
     7175360            4         969.235     57402880      3587680
     7175360            8        1516.941    114805760      7175360
     7175360           16        2773.127    229611520     14350720
     7175360           32        5222.727    459223040     28701440
     7175360           64       10134.318    918446080     57402880
     7175360          128       20412.017   1836892160    114805760
     7892896            1         822.308     15785792       986612
     7892896            2        1359.376     31571584      1973224
     7892896            4        1179.972     63143168      3946448
     7892896            8        1836.493    126286336      7892896
     7892896           16        3293.457    252572672     15785792
     7892896           32        6170.493    505145344     31571584
     7892896           64       12196.685   1010290688     63143168
     7892896          128       24809.114   2020581376    126286336
     8682176            1         904.119     17364352      1085272
     8682176            2        1504.862     34728704      2170544
     8682176            4        1438.168     69457408      4341088
     8682176            8        2213.044    138914816      8682176
     8682176           16        3923.671    277829632     17364352
     8682176           32        7420.213    555659264     34728704
     8682176           64       14497.749   1111318528     69457408
     9550384            1        1002.877     19100768      1193798
     9550384            2        1675.050     38201536      2387596
     9550384            4        1727.500     76403072      4775192
     9550384            8        2753.635    152806144      9550384
     9550384           16        4819.302    305612288     19100768
     9550384           32        9040.083    611224576     38201536
     9550384           64       17672.157   1222449152     76403072
    10505408            1        1106.509     21010816      1313176
    10505408            2        1941.297     42021632      2626352
    10505408            4        2183.561     84043264      5252704
    10505408            8        3327.509    168086528     10505408
    10505408           16        5857.763    336173056     21010816
    10505408           32       11069.515    672346112     42021632
    10505408           64       21256.297   1344692224     84043264
    11555936            1        1223.794     23111872      1444492
    11555936            2        2263.713     46223744      2888984
    11555936            4        2860.980     92447488      5777968
    11555936            8        4108.305    184894976     11555936
    11555936           16        6930.277    369789952     23111872
    11555936           32       12895.291    739579904     46223744
    11555936           64       25313.243   1479159808     92447488
    12711520            1        1350.479     25423040      1588940
    12711520            2        2579.729     50846080      3177880
    12711520            4        3538.080    101692160      6355760
    12711520            8        5326.324    203384320     12711520
    12711520           16        8535.337    406768640     25423040
    12711520           32       15360.231    813537280     50846080
    12711520           64       29162.439   1627074560    101692160
    13982672            1        1484.781     27965344      1747834
    13982672            2        2842.110     55930688      3495668
    13982672            4        3994.519    111861376      6991336
    13982672            8        6068.001    223722752     13982672
    13982672           16        9783.507    447445504     27965344
    13982672           32       17764.251    894891008     55930688
    13982672           64       33934.418   1789782016    111861376
    15380928            1        1629.971     30761856      1922616
    15380928            2        3136.541     61523712      3845232
    15380928            4        4451.205    123047424      7690464
    15380928            8        6984.676    246094848     15380928
    15380928           16       11624.729    492189696     30761856
    15380928           32       20447.720    984379392     61523712
    15380928           64       38957.483   1968758784    123047424
    16919008            1        1803.048     33838016      2114876
    16919008            2        3481.508     67676032      4229752
    16919008            4        4987.089    135352064      8459504
    16919008            8        7867.604    270704128     16919008
    16919008           16       13194.678    541408256     33838016
    16919008           32       23355.534   1082816512     67676032
    18610896            1        1987.818     37221792      2326362
    18610896            2        3858.097     74443584      4652724
    18610896            4        5577.676    148887168      9305448
    18610896            8        8666.185    297774336     18610896
    18610896           16       14677.265    595548672     37221792
    18610896           32       26606.105   1191097344     74443584
    20471984            1        2202.397     40943968      2558998
    20471984            2        4271.486     81887936      5117996
    20471984            4        6157.103    163775872     10235992
    20471984            8        9745.492    327551744     20471984
    20471984           16       17025.689    655103488     40943968
    20471984           32       30377.324   1310206976     81887936
    22519168            1        2420.303     45038336      2814896
    22519168            2        4696.581     90076672      5629792
    22519168            4        6768.894    180153344     11259584
    22519168            8       10793.841    360306688     22519168
    22519168           16       18581.069    720613376     45038336
    22519168           32       33982.563   1441226752     90076672
    24771072            1        2660.060     49542144      3096384
    24771072            2        5189.577     99084288      6192768
    24771072            4        7487.027    198168576     12385536
    24771072            8       12009.393    396337152     24771072
    24771072           16       20781.112    792674304     49542144
    24771072           32       38253.945   1585348608     99084288
    27248176            1        2910.433     54496352      3406022
    27248176            2        5667.270    108992704      6812044
    27248176            4        8238.074    217985408     13624088
    27248176            8       13221.697    435970816     27248176
    27248176           16       22994.890    871941632     54496352
    27248176           32       42732.077   1743883264    108992704
    29972992            1        3209.857     59945984      3746624
    29972992            2        6266.805    119891968      7493248
    29972992            4        9092.059    239783936     14986496
    29972992            8       14631.102    479567872     29972992
    29972992           16       25615.248    959135744     59945984
    29972992           32       47777.539   1918271488    119891968
    32970288            1        3516.137     65940576      4121286
    32970288            2        6851.284    131881152      8242572
    32970288            4        9971.622    263762304     16485144
    32970288            8       16181.759    527524608     32970288
    32970288           16       28617.301   1055049216     65940576
    32970288           32       53176.195   2110098432    131881152
    36267312            1        3874.013     72534624      4533414
    36267312            2        7584.421    145069248      9066828
    36267312            4       11045.142    290138496     18133656
    36267312            8       17924.663    580276992     36267312
    36267312           16       31632.735   1160553984     72534624
    39894032            1        4270.230     79788064      4986754
    39894032            2        8360.469    159576128      9973508
    39894032            4       12253.905    319152256     19947016
    39894032            8       19800.996    638304512     39894032
    39894032           16       35090.411   1276609024     79788064
    43883424            1        4696.617     87766848      5485428
    43883424            2        9209.891    175533696     10970856
    43883424            4       13489.178    351067392     21941712
    43883424            8       22017.384    702134784     43883424
    43883424           16       39102.052   1404269568     87766848
    48271760            1        5167.495     96543520      6033970
    48271760            2       10136.474    193087040     12067940
    48271760            4       14833.952    386174080     24135880
    48271760            8       24272.785    772348160     48271760
    48271760           16       43211.489   1544696320     96543520
    53098928            1        5692.733    106197856      6637366
    53098928            2       11168.960    212395712     13274732
    53098928            4       16403.252    424791424     26549464
    53098928            8       27130.103    849582848     53098928
    53098928           16       47989.665   1699165696    106197856
    58408816            1        6268.404    116817632      7301102
    58408816            2       12321.148    233635264     14602204
    58408816            4       18107.560    467270528     29204408
    58408816            8       29783.605    934541056     58408816
    58408816           16       53298.764   1869082112    116817632
    64249696            1        6913.269    128499392      8031212
    64249696            2       13582.994    256998784     16062424
    64249696            4       20060.774    513997568     32124848
    64249696            8       33043.883   1027995136     64249696
    64249696           16       59294.448   2055990272    128499392
    70674656            1        7894.602    141349312      8834332
    70674656            2       15029.054    282698624     17668664
    70674656            4       22088.019    565397248     35337328
    70674656            8       36768.433   1130794496     70674656
    77742112            1        8344.958    155484224      9717764
    77742112            2       16399.802    310968448     19435528
    77742112            4       24336.368    621936896     38871056
    77742112            8       40897.091   1243873792     77742112
    85516320            1        9188.684    171032640     10689540
    85516320            2       18094.512    342065280     21379080
    85516320            4       26898.860    684130560     42758160
    85516320            8       44538.085   1368261120     85516320
    94067952            1       10035.393    188135904     11758494
    94067952            2       19780.593    376271808     23516988
    94067952            4       29453.915    752543616     47033976
    94067952            8       48990.451   1505087232     94067952
   103474736            1       10959.494    206949472     12934342
   103474736            2       21680.589    413898944     25868684
   103474736            4       32223.123    827797888     51737368
   103474736            8       53645.846   1655595776    103474736
   113822208            1       12093.215    227644416     14227776
   113822208            2       23916.663    455288832     28455552
   113822208            4       35747.135    910577664     56911104
   113822208            8       59472.818   1821155328    113822208
   125204416            1       13289.288    250408832     15650552
   125204416            2       26270.323    500817664     31301104
   125204416            4       39552.068   1001635328     62602208
   125204416            8       65638.254   2003270656    125204416
   137724848            1       14617.515    275449696     17215606
   137724848            2       28949.813    550899392     34431212
   137724848            4       43406.664   1101798784     68862424
   151497328            1       16006.488    302994656     18937166
   151497328            2       31744.983    605989312     37874332
   151497328            4       47717.184   1211978624     75748664
   166647056            1       17611.170    333294112     20830882
   166647056            2       34957.987    666588224     41661764
   166647056            4       52614.076   1333176448     83323528
   183311760            1       19437.130    366623520     22913970
   183311760            2       38626.995    733247040     45827940
   183311760            4       58655.228   1466494080     91655880
   201642928            1       21504.694    403285856     25205366
   201642928            2       42855.005    806571712     50410732
   201642928            4       64441.417   1613143424    100821464
   221807216            1       23739.268    443614432     27725902
   221807216            2       47498.498    887228864     55451804
   221807216            4       71478.333   1774457728    110903608
   243987936            1       26211.591    487975872     30498492
   243987936            2       52411.405    975951744     60996984
   243987936            4       78856.046   1951903488    121993968
   268386720            1       28738.007    536773440     33548340
   268386720            2       57792.480   1073546880     67096680
   268386720            4       87053.708   2147093760    134193360
   295225392            1       31563.933    590450784     36903174
   295225392            2       63382.490   1180901568     73806348
   324747920            1       34205.759    649495840     40593490
   324747920            2       69092.361   1298991680     81186980
   357222704            1       37302.752    714445408     44652838
   357222704            2       75512.948   1428890816     89305676
   392944960            1       40694.331    785889920     49118120
   392944960            2       82660.837   1571779840     98236240
   432239456            1       44812.246    864478912     54029932
   432239456            2       91077.926   1728957824    108059864
   475463392            1       49448.353    950926784     59432924
   475463392            2      100493.358   1901853568    118865848
   523009728            1       54149.655   1046019456     65376216
   523009728            2      110089.181   2092038912    130752432
   575310688            1       59614.363   1150621376     71913836
   632841744            1       65571.761   1265683488     79105218
   696125904            1       71799.535   1392251808     87015738
   765738480            1       78808.456   1531476960     95717310
   842312320            1       87392.035   1684624640    105289040
   926543552            1       96251.621   1853087104    115817944
  1019197904            1      105556.658   2038395808    127399738

META_DATA
FLOPS          1
OPENMP_THREADS 2
ERT_VERSION  1.1.0
HOSTNAME  ('laptop', [], ['127.0.1.1'])
UNAME  uname_result(system='Linux', node='laptop', release='6.8.0-84-generic', version='#84-Ubuntu SMP PREEMPT_DYNAMIC Fri Sep  5 22:36:38 UTC 2025', machine='x86_64')
TIMESTAMP_DATA  1765913280.6587765
CONFIG  {'ERT_MPI': ['False'], 'ERT_OPENMP': ['True'], 'ERT_OPENMP_CFLAGS': ['-fopenmp'], 'ERT_OPENMP_LDFLAGS': ['-fopenmp'], 'ERT_PRECISION': ['FP64'], 'ERT_TRIALS_MIN': ['1'], 'ERT_TRIALS': ['3', '#', 'Run', 'each', 'test', '3', 'times', 'to', 'filter', 'out', 'background', 'noise'], 'ERT_RESULTS': ['Results/8250U'], 'ERT_GNUPLOT': ['gnuplot'], 'ERT_DRIVER': ['driver1'], 'ERT_KERNEL': ['kernel1'], 'ERT_CC': ['g++'], 'ERT_LD': ['g++'], 'ERT_CFLAGS': ['-O3', '-march=native', '-fopenmp', '-fstrict-aliasing', '-funroll-loops', '-Wno-all'], 'ERT_LDFLAGS': ['-O3', '-march=native', '-fopenmp'], 'ERT_LDLIBS': ['-lm'], 'ERT_RUN': ['export', 'OMP_NUM_THREADS=ERT_OPENMP_THREADS;', './ERT_CODE'], 'ERT_WORKING_SET_MIN': ['128'], 'ERT_MEMORY_MAX': ['1073741824'], 'ERT_ALIGN': ['64'], 'ERT_MIN_PROCS': ['1'], 'ERT_MAX_PROCS': ['1'], 'ERT_OPENMP_THREADS': ['1,2,4,8', '#', 'Logical', 'Threads'], 'ERT_NUM_EXPERIMENTS': ['4'], 'ERT_FLOPS': ['1,2,4,8'], 'ERT_GPU': [False], 'ERT_HIP': [False], 'ERT_OCL': [False], 'ERT_SYCL': [False], 'ERT_WSS_MULT': [1.1]}
