fp64
        2048            1           1.050         4096          256
        2048            2           0.510         8192          512
        2048            4           0.580        16384         1024
        2048            8           0.620        32768         2048
        2048           16           0.700        65536         4096
        2048           32           1.050       131072         8192
        2048           64           1.320       262144        16384
        2048          128           2.110       524288        32768
        2048          256           3.930      1048576        65536
        2048          512           7.100      2097152       131072
        2048         1024          13.740      4194304       262144
        2048         2048          27.020      8388608       524288
        2048         4096          53.590     16777216      1048576
        2048         8192         111.880     33554432      2097152
        2048        16384         223.340     67108864      4194304
        2048        32768         425.550    134217728      8388608
        2048        65536         855.921    268435456     16777216
        2048       131072        1707.181    536870912     33554432
        2048       262144        3508.313   1073741824     67108864
        2048       524288        6912.205   2147483648    134217728
        2240            1           1.540         4480          280
        2240            2           0.680         8960          560
        2240            4           0.560        17920         1120
        2240            8           0.620        35840         2240
        2240           16           0.700        71680         4480
        2240           32           0.920       143360         8960
        2240           64           1.400       286720        17920
        2240          128           2.280       573440        35840
        2240          256           4.180      1146880        71680
        2240          512           7.890      2293760       143360
        2240         1024          15.770      4587520       286720
        2240         2048          30.620      9175040       573440
        2240         4096          61.690     18350080      1146880
        2240         8192         121.700     36700160      2293760
        2240        16384         249.660     73400320      4587520
        2240        32768         484.591    146800640      9175040
        2240        65536         933.521    293601280     18350080
        2240       131072        1877.971    587202560     36700160
        2240       262144        3814.683   1174405120     73400320
        2464            1           0.770         4928          308
        2464            2           0.500         9856          616
        2464            4           0.560        19712         1232
        2464            8           0.630        39424         2464
        2464           16           0.730        78848         4928
        2464           32           0.970       157696         9856
        2464           64           1.510       315392        19712
        2464          128           2.490       630784        39424
        2464          256           4.690      1261568        78848
        2464          512           8.920      2523136       157696
        2464         1024          17.390      5046272       315392
        2464         2048          33.730     10092544       630784
        2464         4096          68.070     20185088      1261568
        2464         8192         139.920     40370176      2523136
        2464        16384         265.420     80740352      5046272
        2464        32768         514.131    161480704     10092544
        2464        65536        1074.730    322961408     20185088
        2464       131072        2095.692    645922816     40370176
        2464       262144        4248.673   1291845632     80740352
        2704            1           1.480         5408          338
        2704            2           0.540        10816          676
        2704            4           0.600        21632         1352
        2704            8           0.670        43264         2704
        2704           16           0.780        86528         5408
        2704           32           1.040       173056        10816
        2704           64           1.620       346112        21632
        2704          128           2.710       692224        43264
        2704          256           4.880      1384448        86528
        2704          512           9.550      2768896       173056
        2704         1024          18.410      5537792       346112
        2704         2048          36.690     11075584       692224
        2704         4096          73.250     22151168      1384448
        2704         8192         155.700     44302336      2768896
        2704        16384         299.580     88604672      5537792
        2704        32768         582.751    177209344     11075584
        2704        65536        1200.831    354418688     22151168
        2704       131072        2335.592    708837376     44302336
        2704       262144        4623.283   1417674752     88604672
        2960            1           1.580         5920          370
        2960            2           0.510        11840          740
        2960            4           0.550        23680         1480
        2960            8           0.630        47360         2960
        2960           16           0.780        94720         5920
        2960           32           1.090       189440        11840
        2960           64           1.680       378880        23680
        2960          128           2.920       757760        47360
        2960          256           5.440      1515520        94720
        2960          512          10.630      3031040       189440
        2960         1024          20.380      6062080       378880
        2960         2048          41.190     12124160       757760
        2960         4096          77.670     24248320      1515520
        2960         8192         158.590     48496640      3031040
        2960        16384         324.590     96993280      6062080
        2960        32768         662.291    193986560     12124160
        2960        65536        1248.641    387973120     24248320
        2960       131072        2527.582    775946240     48496640
        2960       262144        5019.584   1551892480     96993280
        3248            1           1.610         6496          406
        3248            2           0.520        12992          812
        3248            4           0.570        25984         1624
        3248            8           0.660        51968         3248
        3248           16           1.130       103936         6496
        3248           32           1.170       207872        12992
        3248           64           1.820       415744        25984
        3248          128          11.870       831488        51968
        3248          256           5.840      1662976       103936
        3248          512          11.330      3325952       207872
        3248         1024          22.240      6651904       415744
        3248         2048          43.200     13303808       831488
        3248         4096          87.081     26607616      1662976
        3248         8192         173.170     53215232      3325952
        3248        16384         346.960    106430464      6651904
        3248        32768         695.721    212860928     13303808
        3248        65536        1392.470    425721856     26607616
        3248       131072        2790.243    851443712     53215232
        3248       262144        5565.394   1702887424    106430464
        3568            1           1.330         7136          446
        3568            2           0.540        14272          892
        3568            4           0.590        28544         1784
        3568            8           0.700        57088         3568
        3568           16           0.850       114176         7136
        3568           32           1.230       228352        14272
        3568           64           2.190       456704        28544
        3568          128           3.380       913408        57088
        3568          256           6.350      1826816       114176
        3568          512          12.090      3653632       228352
        3568         1024          24.540      7307264       456704
        3568         2048          47.150     14614528       913408
        3568         4096          94.190     29229056      1826816
        3568         8192         197.740     58458112      3653632
        3568        16384         385.490    116916224      7307264
        3568        32768         769.521    233832448     14614528
        3568        65536        1507.911    467664896     29229056
        3568       131072        3046.272    935329792     58458112
        3568       262144        6121.095   1870659584    116916224
        3920            1           1.210         7840          490
        3920            2           0.560        15680          980
        3920            4           0.600        31360         1960
        3920            8           0.700        62720         3920
        3920           16           0.900       125440         7840
        3920           32           1.280       250880        15680
        3920           64           2.140       501760        31360
        3920          128           3.700      1003520        62720
        3920          256           6.930      2007040       125440
        3920          512          13.510      4014080       250880
        3920         1024          26.880      8028160       501760
        3920         2048          53.620     16056320      1003520
        3920         4096         106.630     32112640      2007040
        3920         8192         206.980     64225280      4014080
        3920        16384         421.601    128450560      8028160
        3920        32768         840.040    256901120     16056320
        3920        65536        1667.702    513802240     32112640
        3920       131072        3321.312   1027604480     64225280
        3920       262144        6723.505   2055208960    128450560
        4304            1           1.340         8608          538
        4304            2           0.530        17216         1076
        4304            4           0.600        34432         2152
        4304            8           0.720        68864         4304
        4304           16           0.950       137728         8608
        4304           32           1.550       275456        17216
        4304           64           2.240       550912        34432
        4304          128           4.060      1101824        68864
        4304          256           7.700      2203648       137728
        4304          512          14.640      4407296       275456
        4304         1024          29.360      8814592       550912
        4304         2048          57.880     17629184      1101824
        4304         4096         114.880     35258368      2203648
        4304         8192         229.630     70516736      4407296
        4304        16384         456.701    141033472      8814592
        4304        32768         996.920    282066944     17629184
        4304        65536        1885.212    564133888     35258368
        4304       131072        3648.023   1128267776     70516736
        4720            1           1.070         9440          590
        4720            2           0.560        18880         1180
        4720            4           0.630        37760         2360
        4720            8           0.740        75520         4720
        4720           16           0.980       151040         9440
        4720           32           1.490       302080        18880
        4720           64           2.430       604160        37760
        4720          128           4.480      1208320        75520
        4720          256           8.500      2416640       151040
        4720          512          15.840      4833280       302080
        4720         1024          31.220      9666560       604160
        4720         2048          62.170     19333120      1208320
        4720         4096         129.890     38666240      2416640
        4720         8192         259.620     77332480      4833280
        4720        16384         498.620    154664960      9666560
        4720        32768         992.611    309329920     19333120
        4720        65536        2038.802    618659840     38666240
        4720       131072        4012.773   1237319680     77332480
        5184            1           1.580        10368          648
        5184            2           0.630        20736         1296
        5184            4           0.640        41472         2592
        5184            8           0.780        82944         5184
        5184           16           1.030       165888        10368
        5184           32           1.550       331776        20736
        5184           64           2.580       663552        41472
        5184          128           4.750      1327104        82944
        5184          256          14.840      2654208       165888
        5184          512          17.290      5308416       331776
        5184         1024          34.940     10616832       663552
        5184         2048          67.710     21233664      1327104
        5184         4096         135.200     42467328      2654208
        5184         8192         269.480     84934656      5308416
        5184        16384         541.720    169869312     10616832
        5184        32768        1079.881    339738624     21233664
        5184        65536        2181.592    679477248     42467328
        5184       131072        4401.363   1358954496     84934656
        5696            1           1.230        11392          712
        5696            2           0.570        22784         1424
        5696            4           0.650        45568         2848
        5696            8           0.810        91136         5696
        5696           16           1.090       182272        11392
        5696           32           1.740       364544        22784
        5696           64           2.970       729088        45568
        5696          128           5.250      1458176        91136
        5696          256           9.730      2916352       182272
        5696          512          19.110      5832704       364544
        5696         1024          37.990     11665408       729088
        5696         2048          74.470     23330816      1458176
        5696         4096         154.620     46661632      2916352
        5696         8192         309.050     93323264      5832704
        5696        16384         622.841    186646528     11665408
        5696        32768        1185.891    373293056     23330816
        5696        65536        2428.952    746586112     46661632
        5696       131072        4835.653   1493172224     93323264
        6256            1           1.260        12512          782
        6256            2           0.580        25024         1564
        6256            4           0.680        50048         3128
        6256            8           0.820       100096         6256
        6256           16           1.190       200192        12512
        6256           32           1.760       400384        25024
        6256           64           3.030       800768        50048
        6256          128           5.570      1601536       100096
        6256          256          10.800      3203072       200192
        6256          512          20.900      6406144       400384
        6256         1024          41.180     12812288       800768
        6256         2048          81.850     25624576      1601536
        6256         4096         165.430     51249152      3203072
        6256         8192         339.021    102498304      6406144
        6256        16384         686.960    204996608     12812288
        6256        32768        1311.771    409993216     25624576
        6256        65536        2665.342    819986432     51249152
        6256       131072        5306.314   1639972864    102498304
        6880            1           1.510        13760          860
        6880            2           0.850        27520         1720
        6880            4           0.890        55040         3440
        6880            8           1.170       110080         6880
        6880           16           1.610       220160        13760
        6880           32           2.590       440320        27520
        6880           64           4.580       880640        55040
        6880          128           8.470      1761280       110080
        6880          256          16.000      3522560       220160
        6880          512          30.640      7045120       440320
        6880         1024          46.050     14090240       880640
        6880         2048          90.250     28180480      1761280
        6880         4096         179.360     56360960      3522560
        6880         8192         364.481    112721920      7045120
        6880        16384         747.930    225443840     14090240
        6880        32768        1500.451    450887680     28180480
        6880        65536        2915.923    901775360     56360960
        6880       131072        5832.884   1803550720    112721920
        7568            1           1.710        15136          946
        7568            2           0.680        30272         1892
        7568            4           0.730        60544         3784
        7568            8           1.050       121088         7568
        7568           16           1.290       242176        15136
        7568           32           2.080       484352        30272
        7568           64           3.770       968704        60544
        7568          128           6.800      1937408       121088
        7568          256          13.590      3874816       242176
        7568          512          30.340      7749632       484352
        7568         1024          52.870     15499264       968704
        7568         2048         100.240     30998528      1937408
        7568         4096         204.210     61997056      3874816
        7568         8192         399.930    123994112      7749632
        7568        16384         824.361    247988224     15499264
        7568        32768        1604.141    495976448     30998528
        7568        65536        3285.083    991952896     61997056
        7568       131072        6576.845   1983905792    123994112
        8320            1           1.120        16640         1040
        8320            2           0.630        33280         2080
        8320            4           0.750        66560         4160
        8320            8           0.960       133120         8320
        8320           16           1.380       266240        16640
        8320           32           2.240       532480        33280
        8320           64           4.000      1064960        66560
        8320          128           7.490      2129920       133120
        8320          256          14.510      4259840       266240
        8320          512          28.410      8519680       532480
        8320         1024          56.480     17039360      1064960
        8320         2048         112.760     34078720      2129920
        8320         4096         229.520     68157440      4259840
        8320         8192         449.250    136314880      8519680
        8320        16384         901.611    272629760     17039360
        8320        32768        1801.032    545259520     34078720
        8320        65536        3608.252   1090519040     68157440
        9152            1           1.870        18304         1144
        9152            2           0.640        36608         2288
        9152            4           0.770        73216         4576
        9152            8           1.020       146432         9152
        9152           16           1.480       292864        18304
        9152           32           2.430       585728        36608
        9152           64           4.270      1171456        73216
        9152          128           7.990      2342912       146432
        9152          256          15.600      4685824       292864
        9152          512          30.990      9371648       585728
        9152         1024          60.710     18743296      1171456
        9152         2048         120.910     37486592      2342912
        9152         4096         241.291     74973184      4685824
        9152         8192         485.930    149946368      9371648
        9152        16384         966.341    299892736     18743296
        9152        32768        1933.511    599785472     37486592
        9152        65536        3871.313   1199570944     74973184
       10064            1           2.030        20128         1258
       10064            2           0.740        40256         2516
       10064            4           0.800        80512         5032
       10064            8           1.060       161024        10064
       10064           16           1.610       322048        20128
       10064           32           2.610       644096        40256
       10064           64           4.730      1288192        80512
       10064          128           9.130      2576384       161024
       10064          256          17.740      5152768       322048
       10064          512          34.980     10305536       644096
       10064         1024          69.430     20611072      1288192
       10064         2048         138.160     41222144      2576384
       10064         4096         274.740     82444288      5152768
       10064         8192         542.971    164888576     10305536
       10064        16384        1100.251    329777152     20611072
       10064        32768        2162.781    659554304     41222144
       10064        65536        4335.764   1319108608     82444288
       11056            1           1.170        22112         1382
       11056            2           0.670        44224         2764
       11056            4           0.840        88448         5528
       11056            8           1.120       176896        11056
       11056           16           1.680       353792        22112
       11056           32           2.870       707584        44224
       11056           64          10.880      1415168        88448
       11056          128           9.670      2830336       176896
       11056          256          18.790      5660672       353792
       11056          512          37.970     11321344       707584
       11056         1024          75.390     22642688      1415168
       11056         2048         150.160     45285376      2830336
       11056         4096         299.790     90570752      5660672
       11056         8192         601.660    181141504     11321344
       11056        16384        1193.561    362283008     22642688
       11056        32768        2392.912    724566016     45285376
       11056        65536        4744.424   1449132032     90570752
       12160            1           2.130        24320         1520
       12160            2           0.700        48640         3040
       12160            4           0.870        97280         6080
       12160            8           1.190       194560        12160
       12160           16           1.810       389120        24320
       12160           32           3.040       778240        48640
       12160           64           5.610      1556480        97280
       12160          128          10.560      3112960       194560
       12160          256          20.600      6225920       389120
       12160          512          41.660     12451840       778240
       12160         1024          81.490     24903680      1556480
       12160         2048         165.100     49807360      3112960
       12160         4096         326.370     99614720      6225920
       12160         8192         648.151    199229440     12451840
       12160        16384        1326.730    398458880     24903680
       12160        32768        2661.503    796917760     49807360
       12160        65536        5292.424   1593835520     99614720
       13376            1           2.010        26752         1672
       13376            2           1.050        53504         3344
       13376            4           0.890       107008         6688
       13376            8           1.250       214016        13376
       13376           16           1.950       428032        26752
       13376           32           3.330       856064        53504
       13376           64           6.070      1712128       107008
       13376          128          11.910      3424256       214016
       13376          256          22.510      6848512       428032
       13376          512          44.310     13697024       856064
       13376         1024          89.030     27394048      1712128
       13376         2048         175.840     54788096      3424256
       13376         4096         360.030    109576192      6848512
       13376         8192         706.900    219152384     13697024
       13376        16384        1431.752    438304768     27394048
       13376        32768        2831.462    876609536     54788096
       13376        65536        5664.524   1753219072    109576192
       14704            1           8.650        29408         1838
       14704            2           1.060        58816         3676
       14704            4           1.420       117632         7352
       14704            8           1.770       235264        14704
       14704           16           2.820       470528        29408
       14704           32           4.830       941056        58816
       14704           64           8.940      1882112       117632
       14704          128          12.660      3764224       235264
       14704          256          24.760      7528448       470528
       14704          512          50.980     15056896       941056
       14704         1024         101.420     30113792      1882112
       14704         2048         198.941     60227584      3764224
       14704         4096         401.700    120455168      7528448
       14704         8192         809.120    240910336     15056896
       14704        16384        1544.142    481820672     30113792
       14704        32768        3114.062    963641344     60227584
       14704        65536        6294.235   1927282688    120455168
       16160            1           1.290        32320         2020
       16160            2           0.800        64640         4040
       16160            4           1.000       129280         8080
       16160            8           1.430       258560        16160
       16160           16           2.390       517120        32320
       16160           32           3.910      1034240        64640
       16160           64           7.220      2068480       129280
       16160          128          13.920      4136960       258560
       16160          256          28.240      8273920       517120
       16160          512          55.580     16547840      1034240
       16160         1024         107.390     33095680      2068480
       16160         2048         223.060     66191360      4136960
       16160         4096         446.070    132382720      8273920
       16160         8192         874.641    264765440     16547840
       16160        16384        1713.111    529530880     33095680
       16160        32768        3492.733   1059061760     66191360
       16160        65536        7020.015   2118123520    132382720
       17776            1           1.470        35552         2222
       17776            2           0.790        71104         4444
       17776            4           1.030       142208         8888
       17776            8           1.480       284416        17776
       17776           16           2.420       568832        35552
       17776           32           4.310      1137664        71104
       17776           64           8.130      2275328       142208
       17776          128          15.510      4550656       284416
       17776          256          30.360      9101312       568832
       17776          512          58.840     18202624      1137664
       17776         1024         118.760     36405248      2275328
       17776         2048         237.650     72810496      4550656
       17776         4096         492.380    145620992      9101312
       17776         8192         963.661    291241984     18202624
       17776        16384        1900.731    582483968     36405248
       17776        32768        3880.623   1164967936     72810496
       19552            1           3.280        39104         2444
       19552            2           0.860        78208         4888
       19552            4           1.090       156416         9776
       19552            8           1.700       312832        19552
       19552           16           2.620       625664        39104
       19552           32           4.630      1251328        78208
       19552           64           8.660      2502656       156416
       19552          128          16.700      5005312       312832
       19552          256          33.221     10010624       625664
       19552          512          65.010     20021248      1251328
       19552         1024         135.410     40042496      2502656
       19552         2048         259.900     80084992      5005312
       19552         4096         530.210    160169984     10010624
       19552         8192        1049.261    320339968     20021248
       19552        16384        2101.082    640679936     40042496
       19552        32768        4265.753   1281359872     80084992
       21504            1           1.920        43008         2688
       21504            2           0.860        86016         5376
       21504            4           1.170       172032        10752
       21504            8           1.750       344064        21504
       21504           16           2.830       688128        43008
       21504           32           4.960      1376256        86016
       21504           64           9.470      2752512       172032
       21504          128          18.240      5505024       344064
       21504          256          35.920     11010048       688128
       21504          512          71.250     22020096      1376256
       21504         1024         141.890     44040192      2752512
       21504         2048         280.120     88080384      5505024
       21504         4096         568.590    176160768     11010048
       21504         8192        1131.721    352321536     22020096
       21504        16384        2253.702    704643072     44040192
       21504        32768        4506.593   1409286144     88080384
       23648            1           1.720        47296         2956
       23648            2           0.920        94592         5912
       23648            4           1.230       189184        11824
       23648            8           1.840       378368        23648
       23648           16           3.030       756736        47296
       23648           32           5.500      1513472        94592
       23648           64          10.680      3026944       189184
       23648          128          21.050      6053888       378368
       23648          256          39.580     12107776       756736
       23648          512          82.050     24215552      1513472
       23648         1024         163.791     48431104      3026944
       23648         2048         328.240     96862208      6053888
       23648         4096         656.310    193724416     12107776
       23648         8192        1279.031    387448832     24215552
       23648        16384        2550.602    774897664     48431104
       23648        32768        5148.624   1549795328     96862208
       26000            1           1.950        52000         3250
       26000            2           0.960       104000         6500
       26000            4           1.380       208000        13000
       26000            8           2.030       416000        26000
       26000           16           3.280       832000        52000
       26000           32           6.090      1664000       104000
       26000           64          11.180      3328000       208000
       26000          128          22.240      6656000       416000
       26000          256          43.380     13312000       832000
       26000          512          90.840     26624000      1664000
       26000         1024         176.530     53248000      3328000
       26000         2048         362.331    106496000      6656000
       26000         4096         701.600    212992000     13312000
       26000         8192        1450.811    425984000     26624000
       26000        16384        2754.662    851968000     53248000
       26000        32768        5589.484   1703936000    106496000
       28592            1           3.140        57184         3574
       28592            2           1.120       114368         7148
       28592            4           1.460       228736        14296
       28592            8           2.120       457472        28592
       28592           16           3.590       914944        57184
       28592           32           6.580      1829888       114368
       28592           64          12.350      3659776       228736
       28592          128          24.010      7319552       457472
       28592          256          48.920     14639104       914944
       28592          512          94.060     29278208      1829888
       28592         1024         193.810     58556416      3659776
       28592         2048         385.820    117112832      7319552
       28592         4096         747.691    234225664     14639104
       28592         8192        1516.271    468451328     29278208
       28592        16384        3077.142    936902656     58556416
       28592        32768        6046.815   1873805312    117112832
       31440            1           3.280        62880         3930
       31440            2           1.160       125760         7860
       31440            4           1.550       251520        15720
       31440            8           2.320       503040        31440
       31440           16           3.990      1006080        62880
       31440           32           7.281      2012160       125760
       31440           64          13.880      4024320       251520
       31440          128          27.240      8048640       503040
       31440          256          53.580     16097280      1006080
       31440          512         106.920     32194560      2012160
       31440         1024         212.360     64389120      4024320
       31440         2048         426.400    128778240      8048640
       31440         4096         855.381    257556480     16097280
       31440         8192        1705.511    515112960     32194560
       31440        16384        3397.303   1030225920     64389120
       31440        32768        6897.825   2060451840    128778240
       34576            1           3.140        69152         4322
       34576            2           1.220       138304         8644
       34576            4           1.670       276608        17288
       34576            8           2.560       553216        34576
       34576           16           4.200      1106432        69152
       34576           32           7.760      2212864       138304
       34576           64          14.810      4425728       276608
       34576          128          29.000      8851456       553216
       34576          256          57.220     17702912      1106432
       34576          512         113.650     35405824      2212864
       34576         1024         225.890     70811648      4425728
       34576         2048         457.741    141623296      8851456
       34576         4096         907.830    283246592     17702912
       34576         8192        1808.672    566493184     35405824
       34576        16384        3621.062   1132986368     70811648
       38032            1           3.190        76064         4754
       38032            2           1.570       152128         9508
       38032            4           1.690       304256        19016
       38032            8           2.700       608512        38032
       38032           16           4.600      1217024        76064
       38032           32           8.460      2434048       152128
       38032           64          16.290      4868096       304256
       38032          128          32.620      9736192       608512
       38032          256          64.860     19472384      1217024
       38032          512         124.350     38944768      2434048
       38032         1024         257.081     77889536      4868096
       38032         2048         514.130    155779072      9736192
       38032         4096         997.411    311558144     19472384
       38032         8192        2025.101    623116288     38944768
       38032        16384        4037.633   1246232576     77889536
       41824            1           3.650        83648         5228
       41824            2           1.360       167296        10456
       41824            4           1.810       334592        20912
       41824            8           2.900       669184        41824
       41824           16           5.100      1338368        83648
       41824           32           9.570      2676736       167296
       41824           64          18.860      5353472       334592
       41824          128          35.190     10706944       669184
       41824          256          69.100     21413888      1338368
       41824          512         143.991     42827776      2676736
       41824         1024         292.050     85655552      5353472
       41824         2048         560.410    171311104     10706944
       41824         4096        1161.421    342622208     21413888
       41824         8192        2339.352    685244416     42827776
       41824        16384        4551.163   1370488832     85655552
       46000            1           4.380        92000         5750
       46000            2           1.680       184000        11500
       46000            4           1.950       368000        23000
       46000            8           3.380       736000        46000
       46000           16           5.610      1472000        92000
       46000           32          10.140      2944000       184000
       46000           64          20.300      5888000       368000
       46000          128          39.890     11776000       736000
       46000          256          79.070     23552000      1472000
       46000          512         150.620     47104000      2944000
       46000         1024         315.690     94208000      5888000
       46000         2048         616.321    188416000     11776000
       46000         4096        1227.771    376832000     23552000
       46000         8192        2437.842    753664000     47104000
       46000        16384        4912.743   1507328000     94208000
       50592            1           4.210       101184         6324
       50592            2           1.520       202368        12648
       50592            4           2.160       404736        25296
       50592            8           3.780       809472        50592
       50592           16           6.020      1618944       101184
       50592           32          11.220      3237888       202368
       50592           64          21.620      6475776       404736
       50592          128          42.690     12951552       809472
       50592          256          84.650     25903104      1618944
       50592          512         174.251     51806208      3237888
       50592         1024         337.220    103612416      6475776
       50592         2048         700.950    207224832     12951552
       50592         4096        1350.291    414449664     25903104
       50592         8192        2735.762    828899328     51806208
       50592        16384        5366.244   1657798656    103612416
       55648            1          10.410       111296         6956
       55648            2           2.210       222592        13912
       55648            4           2.340       445184        27824
       55648            8           3.670       890368        55648
       55648           16           6.780      1780736       111296
       55648           32          12.840      3561472       222592
       55648           64          23.560      7122944       445184
       55648          128          49.280     14245888       890368
       55648          256          91.760     28491776      1780736
       55648          512         194.860     56983552      3561472
       55648         1024         377.810    113967104      7122944
       55648         2048         736.181    227934208     14245888
       55648         4096        1502.311    455868416     28491776
       55648         8192        3005.742    911736832     56983552
       55648        16384        5977.005   1823473664    113967104
       61200            1           5.410       122400         7650
       61200            2           2.270       244800        15300
       61200            4           3.340       489600        30600
       61200            8           5.420       979200        61200
       61200           16           7.100      1958400       122400
       61200           32          13.450      3916800       244800
       61200           64          25.790      7833600       489600
       61200          128          50.730     15667200       979200
       61200          256         101.400     31334400      1958400
       61200          512         214.710     62668800      3916800
       61200         1024         428.820    125337600      7833600
       61200         2048         805.731    250675200     15667200
       61200         4096        1697.261    501350400     31334400
       61200         8192        3381.423   1002700800     62668800
       61200        16384        6612.415   2005401600    125337600
       67312            1           3.990       134624         8414
       67312            2           1.920       269248        16828
       67312            4           2.710       538496        33656
       67312            8           4.430      1076992        67312
       67312           16           7.850      2153984       134624
       67312           32          14.840      4307968       269248
       67312           64          34.270      8615936       538496
       67312          128          58.060     17231872      1076992
       67312          256         114.910     34463744      2153984
       67312          512         229.100     68927488      4307968
       67312         1024         443.460    137854976      8615936
       67312         2048         901.291    275709952     17231872
       67312         4096        1841.161    551419904     34463744
       67312         8192        3564.263   1102839808     68927488
       74032            1           4.520       148064         9254
       74032            2           2.870       296128        18508
       74032            4           4.140       592256        37016
       74032            8           6.750      1184512        74032
       74032           16          12.330      2369024       148064
       74032           32          22.400      4738048       296128
       74032           64          32.810      9476096       592256
       74032          128          64.050     18952192      1184512
       74032          256         123.780     37904384      2369024
       74032          512         253.990     75808768      4738048
       74032         1024         487.291    151617536      9476096
       74032         2048        1003.390    303235072     18952192
       74032         4096        2006.092    606470144     37904384
       74032         8192        3969.643   1212940288     75808768
       81424            1           5.770       162848        10178
       81424            2           3.220       325696        20356
       81424            4           4.590       651392        40712
       81424            8           5.520      1302784        81424
       81424           16           9.820      2605568       162848
       81424           32          18.530      5211136       325696
       81424           64          35.270     10422272       651392
       81424          128          68.710     20844544      1302784
       81424          256         136.050     41689088      2605568
       81424          512         271.850     83378176      5211136
       81424         1024         543.591    166756352     10422272
       81424         2048        1088.411    333512704     20844544
       81424         4096        2164.251    667025408     41689088
       81424         8192        4342.693   1334050816     83378176
       89552            1           6.190       179104        11194
       89552            2           2.730       358208        22388
       89552            4           3.700       716416        44776
       89552            8           6.140      1432832        89552
       89552           16          10.780      2865664       179104
       89552           32          19.680      5731328       358208
       89552           64          38.190     11462656       716416
       89552          128          74.760     22925312      1432832
       89552          256         147.951     45850624      2865664
       89552          512         296.240     91701248      5731328
       89552         1024         616.060    183402496     11462656
       89552         2048        1181.511    366804992     22925312
       89552         4096        2373.872    733609984     45850624
       89552         8192        4814.664   1467219968     91701248
       98496            1           5.570       196992        12312
       98496            2           2.810       393984        24624
       98496            4           4.270       787968        49248
       98496            8           6.850      1575936        98496
       98496           16          12.170      3151872       196992
       98496           32          21.810      6303744       393984
       98496           64          41.670     12607488       787968
       98496          128          84.890     25214976      1575936
       98496          256         167.290     50429952      3151872
       98496          512         333.090    100859904      6303744
       98496         1024         656.770    201719808     12607488
       98496         2048        1349.882    403439616     25214976
       98496         4096        2628.222    806879232     50429952
       98496         8192        5322.254   1613758464    100859904
      108336            1           7.480       216672        13542
      108336            2           3.340       433344        27084
      108336            4           4.430       866688        54168
      108336            8           7.170      1733376       108336
      108336           16          12.961      3466752       216672
      108336           32          24.070      6933504       433344
      108336           64          47.400     13867008       866688
      108336          128          93.120     27734016      1733376
      108336          256         188.540     55468032      3466752
      108336          512         371.800    110936064      6933504
      108336         1024         733.471    221872128     13867008
      108336         2048        1454.961    443744256     27734016
      108336         4096        2897.042    887488512     55468032
      108336         8192        5784.604   1774977024    110936064
      119168            1           8.440       238336        14896
      119168            2           3.270       476672        29792
      119168            4           4.760       953344        59584
      119168            8           7.870      1906688       119168
      119168           16          14.060      3813376       238336
      119168           32          26.370      7626752       476672
      119168           64          56.030     15253504       953344
      119168          128         100.170     30507008      1906688
      119168          256         197.991     61014016      3813376
      119168          512         393.960    122028032      7626752
      119168         1024         793.550    244056064     15253504
      119168         2048        1581.832    488112128     30507008
      119168         4096        3147.342    976224256     61014016
      119168         8192        6295.335   1952448512    122028032
      131072            1           7.680       262144        16384
      131072            2           3.500       524288        32768
      131072            4           5.220      1048576        65536
      131072            8           8.780      2097152       131072
      131072           16          15.650      4194304       262144
      131072           32          29.160      8388608       524288
      131072           64          56.830     16777216      1048576
      131072          128         112.010     33554432      2097152
      131072          256         219.000     67108864      4194304
      131072          512         440.801    134217728      8388608
      131072         1024         873.630    268435456     16777216
      131072         2048        1743.942    536870912     33554432
      131072         4096        3485.552   1073741824     67108864
      131072         8192        6943.395   2147483648    134217728
      144176            1           8.440       288352        18022
      144176            2           3.860       576704        36044
      144176            4           5.560      1153408        72088
      144176            8           9.400      2306816       144176
      144176           16          17.370      4613632       288352
      144176           32          32.850      9227264       576704
      144176           64          62.990     18454528      1153408
      144176          128         119.940     36909056      2306816
      144176          256         246.071     73818112      4613632
      144176          512         479.740    147636224      9227264
      144176         1024         966.151    295272448     18454528
      144176         2048        1915.061    590544896     36909056
      144176         4096        3840.613   1181089792     73818112
      158592            1           9.440       317184        19824
      158592            2           4.100       634368        39648
      158592            4           6.160      1268736        79296
      158592            8          15.370      2537472       158592
      158592           16          18.410      5074944       317184
      158592           32          34.660     10149888       634368
      158592           64          66.730     20299776      1268736
      158592          128         132.970     40599552      2537472
      158592          256         261.330     81199104      5074944
      158592          512         530.011    162398208     10149888
      158592         1024        1051.431    324796416     20299776
      158592         2048        2097.871    649592832     40599552
      158592         4096        4184.953   1299185664     81199104
      174448            1          10.250       348896        21806
      174448            2           5.560       697792        43612
      174448            4           8.670      1395584        87224
      174448            8          15.620      2791168       174448
      174448           16          27.671      5582336       348896
      174448           32          39.800     11164672       697792
      174448           64          73.400     22329344      1395584
      174448          128         148.290     44658688      2791168
      174448          256         298.080     89317376      5582336
      174448          512         585.430    178634752     11164672
      174448         1024        1174.011    357269504     22329344
      174448         2048        2318.452    714539008     44658688
      174448         4096        4658.694   1429078016     89317376
      191888            1          11.050       383776        23986
      191888            2           5.150       767552        47972
      191888            4           7.310      1535104        95944
      191888            8          12.500      3070208       191888
      191888           16          22.600      6140416       383776
      191888           32          42.470     12280832       767552
      191888           64          82.840     24561664      1535104
      191888          128         166.000     49123328      3070208
      191888          256         322.060     98246656      6140416
      191888          512         633.531    196493312     12280832
      191888         1024        1277.721    392986624     24561664
      191888         2048        2527.632    785973248     49123328
      191888         4096        5078.013   1571946496     98246656
      211072            1          11.920       422144        26384
      211072            2           5.370       844288        52768
      211072            4           8.040      1688576       105536
      211072            8          13.630      3377152       211072
      211072           16          24.160      6754304       422144
      211072           32          45.850     13508608       844288
      211072           64          89.580     27017216      1688576
      211072          128         176.431     54034432      3377152
      211072          256         349.600    108068864      6754304
      211072          512         717.200    216137728     13508608
      211072         1024        1411.701    432275456     27017216
      211072         2048        2777.123    864550912     54034432
      211072         4096        5593.574   1729101824    108068864
      232176            1          13.170       464352        29022
      232176            2           6.120       928704        58044
      232176            4           8.990      1857408       116088
      232176            8          15.610      3714816       232176
      232176           16          27.940      7429632       464352
      232176           32          52.630     14859264       928704
      232176           64         104.410     29718528      1857408
      232176          128         199.170     59437056      3714816
      232176          256         394.390    118874112      7429632
      232176          512         780.941    237748224     14859264
      232176         1024        1534.921    475496448     29718528
      232176         2048        3061.952    950992896     59437056
      232176         4096        6177.985   1901985792    118874112
      255392            1          15.610       510784        31924
      255392            2           8.430      1021568        63848
      255392            4          13.120      2043136       127696
      255392            8          20.520      4086272       255392
      255392           16          29.140      8172544       510784
      255392           32          57.840     16345088      1021568
      255392           64         115.650     32690176      2043136
      255392          128         212.730     65380352      4086272
      255392          256         422.141    130760704      8172544
      255392          512         847.170    261521408     16345088
      255392         1024        1695.101    523042816     32690176
      255392         2048        3406.093   1046085632     65380352
      255392         4096        6741.135   2092171264    130760704
      280928            1          16.590       561856        35116
      280928            2           7.050      1123712        70232
      280928            4          10.990      2247424       140464
      280928            8          23.130      4494848       280928
      280928           16          32.590      8989696       561856
      280928           32          61.570     17979392      1123712
      280928           64         122.340     35958784      2247424
      280928          128         235.241     71917568      4494848
      280928          256         475.310    143835136      8989696
      280928          512         923.231    287670272     17979392
      280928         1024        1880.701    575340544     35958784
      280928         2048        3701.183   1150681088     71917568
      309008            1          16.780       618016        38626
      309008            2           7.490      1236032        77252
      309008            4          11.720      2472064       154504
      309008            8          19.470      4944128       309008
      309008           16          35.320      9888256       618016
      309008           32          72.430     19776512      1236032
      309008           64         130.250     39553024      2472064
      309008          128         257.560     79106048      4944128
      309008          256         510.480    158212096      9888256
      309008          512        1022.091    316424192     19776512
      309008         1024        2038.492    632848384     39553024
      309008         2048        4086.063   1265696768     79106048
      339904            1          20.600       679808        42488
      339904            2           8.240      1359616        84976
      339904            4          13.090      2719232       169952
      339904            8          22.250      5438464       339904
      339904           16          40.230     10876928       679808
      339904           32          77.560     21753856      1359616
      339904           64         148.990     43507712      2719232
      339904          128         288.120     87015424      5438464
      339904          256         576.651    174030848     10876928
      339904          512        1157.800    348061696     21753856
      339904         1024        2287.732    696123392     43507712
      339904         2048        4534.974   1392246784     87015424
      373888            1          22.000       747776        46736
      373888            2           9.190      1495552        93472
      373888            4          13.890      2991104       186944
      373888            8          23.820      5982208       373888
      373888           16          43.830     11964416       747776
      373888           32          80.651     23928832      1495552
      373888           64         157.050     47857664      2991104
      373888          128         315.860     95715328      5982208
      373888          256         621.630    191430656     11964416
      373888          512        1230.371    382861312     23928832
      373888         1024        2463.532    765722624     47857664
      373888         2048        4908.234   1531445248     95715328
      411264            1          23.810       822528        51408
      411264            2           9.980      1645056       102816
      411264            4          15.010      3290112       205632
      411264            8          25.620      6580224       411264
      411264           16          46.920     13160448       822528
      411264           32          88.920     26320896      1645056
      411264           64         173.180     52641792      3290112
      411264          128         348.150    105283584      6580224
      411264          256         681.471    210567168     13160448
      411264          512        1359.321    421134336     26320896
      411264         1024        2712.252    842268672     52641792
      411264         2048        5397.884   1684537344    105283584
      452384            1          24.650       904768        56548
      452384            2          11.080      1809536       113096
      452384            4          16.940      3619072       226192
      452384            8          28.320      7238144       452384
      452384           16          51.450     14476288       904768
      452384           32          99.730     28952576      1809536
      452384           64         196.940     57905152      3619072
      452384          128         391.721    115810304      7238144
      452384          256         784.750    231620608     14476288
      452384          512        1546.451    463241216     28952576
      452384         1024        3020.883    926482432     57905152
      452384         2048        6054.224   1852964864    115810304
      497616            1          29.220       995232        62202
      497616            2          12.790      1990464       124404
      497616            4          18.470      3980928       248808
      497616            8          31.310      7961856       497616
      497616           16          56.380     15923712       995232
      497616           32         114.370     31847424      1990464
      497616           64         216.721     63694848      3980928
      497616          128         415.180    127389696      7961856
      497616          256         840.030    254779392     15923712
      497616          512        1696.342    509558784     31847424
      497616         1024        3321.252   1019117568     63694848
      497616         2048        6653.515   2038235136    127389696
      547376            1          31.660      1094752        68422
      547376            2          13.270      2189504       136844
      547376            4          20.630      4379008       273688
      547376            8          35.700      8758016       547376
      547376           16          64.810     17516032      1094752
      547376           32         123.080     35032064      2189504
      547376           64         243.261     70064128      4379008
      547376          128         473.410    140128256      8758016
      547376          256         940.511    280256512     17516032
      547376          512        1865.271    560513024     35032064
      547376         1024        3754.313   1121026048     70064128
      602112            1          35.810      1204224        75264
      602112            2          18.810      2408448       150528
      602112            4          29.940      4816896       301056
      602112            8          45.880      9633792       602112
      602112           16          71.400     19267584      1204224
      602112           32         139.030     38535168      2408448
      602112           64         257.660     77070336      4816896
      602112          128         502.400    154140672      9633792
      602112          256        1019.391    308281344     19267584
      602112          512        2037.252    616562688     38535168
      602112         1024        4003.883   1233125376     77070336
      662320            1          37.350      1324640        82790
      662320            2          16.120      2649280       165580
      662320            4          24.880      5298560       331160
      662320            8          42.480     10597120       662320
      662320           16          78.820     21194240      1324640
      662320           32         149.870     42388480      2649280
      662320           64         297.900     84776960      5298560
      662320          128         575.481    169553920     10597120
      662320          256        1142.281    339107840     21194240
      662320          512        2243.131    678215680     42388480
      662320         1024        4469.584   1356431360     84776960
      728544            1          40.700      1457088        91068
      728544            2          17.310      2914176       182136
      728544            4          28.130      5828352       364272
      728544            8          47.480     11656704       728544
      728544           16          86.800     23313408      1457088
      728544           32         161.150     46626816      2914176
      728544           64         319.650     93253632      5828352
      728544          128         616.731    186507264     11656704
      728544          256        1206.921    373014528     23313408
      728544          512        2513.651    746029056     46626816
      728544         1024        5002.304   1492058112     93253632
      801392            1          48.140      1602784       100174
      801392            2          20.160      3205568       200348
      801392            4          30.550      6411136       400696
      801392            8          51.970     12822272       801392
      801392           16          95.020     25644544      1602784
      801392           32         181.530     51289088      3205568
      801392           64         337.001    102578176      6411136
      801392          128         673.860    205156352     12822272
      801392          256        1356.871    410312704     25644544
      801392          512        2693.422    820625408     51289088
      801392         1024        5395.714   1641250816    102578176
      881520            1          56.590      1763040       110190
      881520            2          27.790      3526080       220380
      881520            4          38.460      7052160       440760
      881520            8          57.330     14104320       881520
      881520           16         100.300     28208640      1763040
      881520           32         191.541     56417280      3526080
      881520           64         383.240    112834560      7052160
      881520          128         761.850    225669120     14104320
      881520          256        1490.532    451338240     28208640
      881520          512        3061.312    902676480     56417280
      881520         1024        5935.814   1805352960    112834560
      969664            1          55.560      1939328       121208
      969664            2          30.570      3878656       242416
      969664            4          43.100      7757312       484832
      969664            8          62.540     15514624       969664
      969664           16         115.190     31029248      1939328
      969664           32         219.061     62058496      3878656
      969664           64         413.610    124116992      7757312
      969664          128         821.420    248233984     15514624
      969664          256        1665.022    496467968     31029248
      969664          512        3260.782    992935936     62058496
      969664         1024        6522.095   1985871872    124116992
     1066624            1          59.430      2133248       133328
     1066624            2          33.230      4266496       266656
     1066624            4          39.890      8532992       533312
     1066624            8          67.680     17065984      1066624
     1066624           16         123.520     34131968      2133248
     1066624           32         235.090     68263936      4266496
     1066624           64         462.371    136527872      8532992
     1066624          128         911.110    273055744     17065984
     1066624          256        1799.732    546111488     34131968
     1066624          512        3611.742   1092222976     68263936
     1173280            1          64.850      2346560       146660
     1173280            2          35.851      4693120       293320
     1173280            4          45.090      9386240       586640
     1173280            8          75.610     18772480      1173280
     1173280           16         138.720     37544960      2346560
     1173280           32         264.200     75089920      4693120
     1173280           64         522.560    150179840      9386240
     1173280          128        1049.541    300359680     18772480
     1173280          256        2032.712    600719360     37544960
     1173280          512        4051.243   1201438720     75089920
     1290608            1          72.940      2581216       161326
     1290608            2          41.680      5162432       322652
     1290608            4          50.380     10324864       645304
     1290608            8          83.431     20649728      1290608
     1290608           16         155.090     41299456      2581216
     1290608           32         290.030     82598912      5162432
     1290608           64         571.730    165197824     10324864
     1290608          128        1121.891    330395648     20649728
     1290608          256        2232.502    660791296     41299456
     1290608          512        4447.733   1321582592     82598912
     1419664            1          81.250      2839328       177458
     1419664            2          47.440      5678656       354916
     1419664            4          53.880     11357312       709832
     1419664            8          90.630     22714624      1419664
     1419664           16         165.290     45429248      2839328
     1419664           32         320.001     90858496      5678656
     1419664           64         617.300    181716992     11357312
     1419664          128        1222.641    363433984     22714624
     1419664          256        2438.152    726867968     45429248
     1419664          512        4848.004   1453735936     90858496
     1561616            1          89.851      3123232       195202
     1561616            2          52.060      6246464       390404
     1561616            4          58.810     12492928       780808
     1561616            8         101.040     24985856      1561616
     1561616           16         185.360     49971712      3123232
     1561616           32         346.810     99943424      6246464
     1561616           64         676.671    199886848     12492928
     1561616          128        1336.841    399773696     24985856
     1561616          256        2669.082    799547392     49971712
     1561616          512        5311.634   1599094784     99943424
     1717776            1         102.281      3435552       214722
     1717776            2          48.650      6871104       429444
     1717776            4          65.100     13742208       858888
     1717776            8         112.310     27484416      1717776
     1717776           16         198.410     54968832      3435552
     1717776           32         379.110    109937664      6871104
     1717776           64         746.261    219875328     13742208
     1717776          128        1470.331    439750656     27484416
     1717776          256        2937.262    879501312     54968832
     1717776          512        5853.534   1759002624    109937664
     1889552            1         109.260      3779104       236194
     1889552            2          54.370      7558208       472388
     1889552            4          71.250     15116416       944776
     1889552            8         122.491     30232832      1889552
     1889552           16         224.870     60465664      3779104
     1889552           32         425.950    120931328      7558208
     1889552           64         818.141    241862656     15116416
     1889552          128        1614.031    483725312     30232832
     1889552          256        3222.332    967450624     60465664
     1889552          512        6427.135   1934901248    120931328
     2078496            1         121.130      4156992       259812
     2078496            2          60.690      8313984       519624
     2078496            4          81.810     16627968      1039248
     2078496            8         131.600     33255936      2078496
     2078496           16         242.170     66511872      4156992
     2078496           32         462.411    133023744      8313984
     2078496           64         904.101    266047488     16627968
     2078496          128        1788.961    532094976     33255936
     2078496          256        3552.413   1064189952     66511872
     2078496          512        7075.975   2128379904    133023744
     2286336            1         131.690      4572672       285792
     2286336            2          66.080      9145344       571584
     2286336            4          86.830     18290688      1143168
     2286336            8         151.730     36581376      2286336
     2286336           16         264.320     73162752      4572672
     2286336           32         503.361    146325504      9145344
     2286336           64         992.100    292651008     18290688
     2286336          128        1960.122    585302016     36581376
     2286336          256        3898.143   1170604032     73162752
     2514960            1         147.340      5029920       314370
     2514960            2          78.300     10059840       628740
     2514960            4          95.640     20119680      1257480
     2514960            8         164.130     40239360      2514960
     2514960           16         300.510     80478720      5029920
     2514960           32         557.441    160957440     10059840
     2514960           64        1110.710    321914880     20119680
     2514960          128        2212.872    643829760     40239360
     2514960          256        4292.963   1287659520     80478720
     2766448            1         198.021      5532896       345806
     2766448            2         101.880     11065792       691612
     2766448            4         128.990     22131584      1383224
     2766448            8         261.720     44263168      2766448
     2766448           16         454.060     88526336      5532896
     2766448           32         891.191    177052672     11065792
     2766448           64        1289.231    354105344     22131584
     2766448          128        2384.702    708210688     44263168
     2766448          256        4714.753   1416421376     88526336
     3043088            1         175.991      6086176       380386
     3043088            2          86.280     12172352       760772
     3043088            4         114.700     24344704      1521544
     3043088            8         197.690     48689408      3043088
     3043088           16         349.600     97378816      6086176
     3043088           32         677.411    194757632     12172352
     3043088           64        1322.541    389515264     24344704
     3043088          128        2617.982    779030528     48689408
     3043088          256        5194.094   1558061056     97378816
     3347392            1         196.050      6694784       418424
     3347392            2          90.650     13389568       836848
     3347392            4         128.181     26779136      1673696
     3347392            8         212.950     53558272      3347392
     3347392           16         389.080    107116544      6694784
     3347392           32         747.001    214233088     13389568
     3347392           64        1450.321    428466176     26779136
     3347392          128        2874.772    856932352     53558272
     3347392          256        5712.964   1713864704    107116544
     3682128            1         215.110      7364256       460266
     3682128            2         102.640     14728512       920532
     3682128            4         137.410     29457024      1841064
     3682128            8         234.311     58914048      3682128
     3682128           16         427.220    117828096      7364256
     3682128           32         820.970    235656192     14728512
     3682128           64        1603.832    471312384     29457024
     3682128          128        3169.012    942624768     58914048
     3682128          256        6285.225   1885249536    117828096
     4050336            1         232.431      8100672       506292
     4050336            2         109.570     16201344      1012584
     4050336            4         156.210     32402688      2025168
     4050336            8         256.770     64805376      4050336
     4050336           16         475.700    129610752      8100672
     4050336           32         905.391    259221504     16201344
     4050336           64        1763.911    518443008     32402688
     4050336          128        3495.883   1036886016     64805376
     4050336          256        6939.955   2073772032    129610752
     4455360            1         258.660      8910720       556920
     4455360            2         122.920     17821440      1113840
     4455360            4         165.990     35642880      2227680
     4455360            8         283.111     71285760      4455360
     4455360           16         523.190    142571520      8910720
     4455360           32         994.651    285143040     17821440
     4455360           64        1938.281    570286080     35642880
     4455360          128        3840.123   1140572160     71285760
     4900896            1         281.880      9801792       612612
     4900896            2         130.910     19603584      1225224
     4900896            4         181.660     39207168      2450448
     4900896            8         311.840     78414336      4900896
     4900896           16         575.251    156828672      9801792
     4900896           32        1094.291    313657344     19603584
     4900896           64        2140.031    627314688     39207168
     4900896          128        4229.124   1254629376     78414336
     5390976            1         313.131     10781952       673872
     5390976            2         143.690     21563904      1347744
     5390976            4         208.100     43127808      2695488
     5390976            8         358.940     86255616      5390976
     5390976           16         629.310    172511232     10781952
     5390976           32        1211.772    345022464     21563904
     5390976           64        2356.221    690044928     43127808
     5390976          128        4667.154   1380089856     86255616
     5930064            1         343.170     11860128       741258
     5930064            2         154.410     23720256      1482516
     5930064            4         226.000     47440512      2965032
     5930064            8         379.490     94881024      5930064
     5930064           16         697.091    189762048     11860128
     5930064           32        1325.481    379524096     23720256
     5930064           64        2587.582    759048192     47440512
     5930064          128        5112.534   1518096384     94881024
     6523056            1         381.751     13046112       815382
     6523056            2         172.810     26092224      1630764
     6523056            4         247.910     52184448      3261528
     6523056            8         416.520    104368896      6523056
     6523056           16         765.201    208737792     13046112
     6523056           32        1460.971    417475584     26092224
     6523056           64        2853.062    834951168     52184448
     6523056          128        5644.314   1669902336    104368896
     7175360            1         423.670     14350720       896920
     7175360            2         189.751     28701440      1793840
     7175360            4         282.410     57402880      3587680
     7175360            8         477.130    114805760      7175360
     7175360           16         845.221    229611520     14350720
     7175360           32        1610.681    459223040     28701440
     7175360           64        3134.012    918446080     57402880
     7175360          128        6186.305   1836892160    114805760
     7892896            1         461.240     15785792       986612
     7892896            2         207.730     31571584      1973224
     7892896            4         306.220     63143168      3946448
     7892896            8         510.311    126286336      7892896
     7892896           16         928.160    252572672     15785792
     7892896           32        1773.592    505145344     31571584
     7892896           64        3456.372   1010290688     63143168
     7892896          128        6833.005   2020581376    126286336
     8682176            1         513.820     17364352      1085272
     8682176            2         225.331     34728704      2170544
     8682176            4         333.780     69457408      4341088
     8682176            8         572.530    138914816      8682176
     8682176           16        1040.561    277829632     17364352
     8682176           32        1977.932    555659264     34728704
     8682176           64        3852.222   1111318528     69457408
     9550384            1         555.361     19100768      1193798
     9550384            2         251.600     38201536      2387596
     9550384            4         372.950     76403072      4775192
     9550384            8         633.781    152806144      9550384
     9550384           16        1155.330    305612288     19100768
     9550384           32        2199.982    611224576     38201536
     9550384           64        4292.493   1222449152     76403072
    10505408            1         614.850     21010816      1313176
    10505408            2         287.541     42021632      2626352
    10505408            4         426.100     84043264      5252704
    10505408            8         714.570    168086528     10505408
    10505408           16        1302.911    336173056     21010816
    10505408           32        2467.642    672346112     42021632
    10505408           64        4835.574   1344692224     84043264
    11555936            1         675.661     23111872      1444492
    11555936            2         338.070     46223744      2888984
    11555936            4         493.541     92447488      5777968
    11555936            8         839.340    184894976     11555936
    11555936           16        1522.351    369789952     23111872
    11555936           32        2878.932    739579904     46223744
    11555936           64        5616.465   1479159808     92447488
    12711520            1         746.131     25423040      1588940
    12711520            2         414.240     50846080      3177880
    12711520            4         608.260    101692160      6355760
    12711520            8        1016.641    203384320     12711520
    12711520           16        1842.152    406768640     25423040
    12711520           32        3457.442    813537280     50846080
    12711520           64        6762.095   1627074560    101692160
    13982672            1         820.650     27965344      1747834
    13982672            2         519.801     55930688      3495668
    13982672            4         764.680    111861376      6991336
    13982672            8        1279.381    223722752     13982672
    13982672           16        2301.552    447445504     27965344
    13982672           32        4349.693    894891008     55930688
    13982672           64        8422.727   1789782016    111861376
    15380928            1         894.951     30761856      1922616
    15380928            2         686.630     61523712      3845232
    15380928            4         983.231    123047424      7690464
    15380928            8        1632.921    246094848     15380928
    15380928           16        2920.302    492189696     30761856
    15380928           32        5510.145    984379392     61523712
    15380928           64       10631.428   1968758784    123047424
    16919008            1         986.111     33838016      2114876
    16919008            2        1114.431     67676032      4229752
    16919008            4        1633.391    135352064      8459504
    16919008            8        2701.272    270704128     16919008
    16919008           16        4778.724    541408256     33838016
    16919008           32        9003.906   1082816512     67676032
    18610896            1        1085.571     37221792      2326362
    18610896            2        1822.031     74443584      4652724
    18610896            4        2709.832    148887168      9305448
    18610896            8        4589.364    297774336     18610896
    18610896           16        8138.186    595548672     37221792
    18610896           32       15254.121   1191097344     74443584
    20471984            1        1200.131     40943968      2558998
    20471984            2        2231.552     81887936      5117996
    20471984            4        3324.382    163775872     10235992
    20471984            8        5520.364    327551744     20471984
    20471984           16        9911.838    655103488     40943968
    20471984           32       18725.244   1310206976     81887936
    22519168            1        1323.951     45038336      2814896
    22519168            2        2496.942     90076672      5629792
    22519168            4        3814.932    180153344     11259584
    22519168            8        6241.125    360306688     22519168
    22519168           16       11229.309    720613376     45038336
    22519168           32       21255.536   1441226752     90076672
    24771072            1        1448.642     49542144      3096384
    24771072            2        2825.432     99084288      6192768
    24771072            4        4235.293    198168576     12385536
    24771072            8        7013.745    396337152     24771072
    24771072           16       12592.460    792674304     49542144
    24771072           32       23771.547   1585348608     99084288
    27248176            1        1605.841     54496352      3406022
    27248176            2        3152.763    108992704      6812044
    27248176            4        4708.153    217985408     13624088
    27248176            8        7844.176    435970816     27248176
    27248176           16       14140.401    871941632     54496352
    27248176           32       26671.050   1743883264    108992704
    29972992            1        1753.861     59945984      3746624
    29972992            2        3502.163    119891968      7493248
    29972992            4        5256.414    239783936     14986496
    29972992            8        8758.416    479567872     29972992
    29972992           16       15795.932    959135744     59945984
    29972992           32       29789.133   1918271488    119891968
    32970288            1        1930.201     65940576      4121286
    32970288            2        3859.303    131881152      8242572
    32970288            4        5805.844    263762304     16485144
    32970288            8        9694.968    527524608     32970288
    32970288           16       17447.912   1055049216     65940576
    32970288           32       32958.225   2110098432    131881152
    36267312            1        2131.852     72534624      4533414
    36267312            2        4268.323    145069248      9066828
    36267312            4        6379.875    290138496     18133656
    36267312            8       10673.868    580276992     36267312
    36267312           16       19216.274   1160553984     72534624
    39894032            1        2331.842     79788064      4986754
    39894032            2        4674.294    159576128      9973508
    39894032            4        7037.105    319152256     19947016
    39894032            8       11751.219    638304512     39894032
    39894032           16       21136.646   1276609024     79788064
    43883424            1        2578.802     87766848      5485428
    43883424            2        5158.484    175533696     10970856
    43883424            4        7753.516    351067392     21941712
    43883424            8       12928.090    702134784     43883424
    43883424           16       23325.347   1404269568     87766848
    48271760            1        2830.632     96543520      6033970
    48271760            2        5669.215    193087040     12067940
    48271760            4        8517.336    386174080     24135880
    48271760            8       14196.931    772348160     48271760
    48271760           16       25618.049   1544696320     96543520
    53098928            1        3113.912    106197856      6637366
    53098928            2        6238.785    212395712     13274732
    53098928            4        9408.257    424791424     26549464
    53098928            8       15675.022    849582848     53098928
    53098928           16       28197.351   1699165696    106197856
    58408816            1        3430.223    116817632      7301102
    58408816            2        6855.175    233635264     14602204
    58408816            4       10302.107    467270528     29204408
    58408816            8       17417.553    934541056     58408816
    58408816           16       31300.194   1869082112    116817632
    64249696            1        3775.273    128499392      8031212
    64249696            2        7559.985    256998784     16062424
    64249696            4       11324.489    513997568     32124848
    64249696            8       19536.575   1027995136     64249696
    64249696           16       34108.186   2055990272    128499392
    70674656            1        4146.043    141349312      8834332
    70674656            2        8314.247    282698624     17668664
    70674656            4       12461.759    565397248     35337328
    70674656            8       20839.346   1130794496     70674656
    77742112            1        4541.533    155484224      9717764
    77742112            2        9121.407    310968448     19435528
    77742112            4       13697.360    621936896     38871056
    77742112            8       22898.097   1243873792     77742112
    85516320            1        5006.694    171032640     10689540
    85516320            2       10033.868    342065280     21379080
    85516320            4       15072.791    684130560     42758160
    85516320            8       25159.119   1368261120     85516320
    94067952            1        5496.624    188135904     11758494
    94067952            2       11035.198    376271808     23516988
    94067952            4       16566.563    752543616     47033976
    94067952            8       27622.400   1505087232     94067952
   103474736            1        6030.675    206949472     12934342
   103474736            2       12095.689    413898944     25868684
   103474736            4       18161.674    827797888     51737368
   103474736            8       30286.242   1655595776    103474736
   113822208            1        6653.885    227644416     14227776
   113822208            2       13302.990    455288832     28455552
   113822208            4       19986.105    910577664     56911104
   113822208            8       33351.955   1821155328    113822208
   125204416            1        7303.766    250408832     15650552
   125204416            2       14619.411    500817664     31301104
   125204416            4       21977.286   1001635328     62602208
   125204416            8       36627.998   2003270656    125204416
   137724848            1        8056.396    275449696     17215606
   137724848            2       16023.852    550899392     34431212
   137724848            4       24620.528   1101798784     68862424
   151497328            1        8830.357    302994656     18937166
   151497328            2       17654.163    605989312     37874332
   151497328            4       26508.590   1211978624     75748664
   166647056            1        9763.117    333294112     20830882
   166647056            2       19361.155    666588224     41661764
   166647056            4       29113.502   1333176448     83323528
   183311760            1       10649.248    366623520     22913970
   183311760            2       21319.266    733247040     45827940
   183311760            4       32007.805   1466494080     91655880
   201642928            1       11681.929    403285856     25205366
   201642928            2       23413.638    806571712     50410732
   201642928            4       35110.826   1613143424    100821464
   221807216            1       12881.530    443614432     27725902
   221807216            2       25730.299    887228864     55451804
   221807216            4       38642.809   1774457728    110903608
   243987936            1       14142.401    487975872     30498492
   243987936            2       28272.361    975951744     60996984
   243987936            4       42452.522   1951903488    121993968
   268386720            1       15561.872    536773440     33548340
   268386720            2       31048.673   1073546880     67096680
   268386720            4       46707.315   2147093760    134193360
   295225392            1       17129.653    590450784     36903174
   295225392            2       34133.825   1180901568     73806348
   324747920            1       18777.894    649495840     40593490
   324747920            2       37475.618   1298991680     81186980
   357222704            1       20634.696    714445408     44652838
   357222704            2       41238.771   1428890816     89305676
   392944960            1       22673.157    785889920     49118120
   392944960            2       45355.944   1571779840     98236240
   432239456            1       24985.909    864478912     54029932
   432239456            2       49990.917   1728957824    108059864
   475463392            1       27444.071    950926784     59432924
   475463392            2       54918.481   1901853568    118865848
   523009728            1       30236.443   1046019456     65376216
   523009728            2       60340.345   2092038912    130752432
   575310688            1       33276.335   1150621376     71913836
   632841744            1       36514.837   1265683488     79105218
   696125904            1       40751.941   1392251808     87015738
   765738480            1       47812.306   1531476960     95717310
   842312320            1       48795.156   1684624640    105289040
   926543552            1       53932.801   1853087104    115817944
  1019197904            1       59124.234   2038395808    127399738

META_DATA
FLOPS          1
OPENMP_THREADS 2
ERT_VERSION  1.1.0
HOSTNAME  ('pve.fritz.box', ['pve'], ['192.168.188.21'])
UNAME  uname_result(system='Linux', node='pve', release='6.14.8-2-pve', version='#1 SMP PREEMPT_DYNAMIC PMX 6.14.8-2 (2025-07-22T10:04Z)', machine='x86_64')
TIMESTAMP_DATA  1765906351.4115682
CONFIG  {'ERT_MPI': ['False'], 'ERT_OPENMP': ['True'], 'ERT_OPENMP_CFLAGS': ['-fopenmp'], 'ERT_OPENMP_LDFLAGS': ['-fopenmp'], 'ERT_PRECISION': ['FP64'], 'ERT_TRIALS_MIN': ['1'], 'ERT_TRIALS': ['3', '#', 'Run', 'each', 'test', '3', 'times', 'to', 'filter', 'out', 'background', 'noise'], 'ERT_RESULTS': ['Results/1600X'], 'ERT_GNUPLOT': ['gnuplot'], 'ERT_DRIVER': ['driver1'], 'ERT_KERNEL': ['kernel1'], 'ERT_CC': ['g++'], 'ERT_LD': ['g++'], 'ERT_CFLAGS': ['-O3', '-march=native', '-fopenmp', '-fstrict-aliasing', '-funroll-loops', '-Wno-all'], 'ERT_LDFLAGS': ['-O3', '-march=native', '-fopenmp'], 'ERT_LDLIBS': ['-lm'], 'ERT_RUN': ['export', 'OMP_NUM_THREADS=ERT_OPENMP_THREADS;', './ERT_CODE'], 'ERT_WORKING_SET_MIN': ['128'], 'ERT_MEMORY_MAX': ['1073741824'], 'ERT_ALIGN': ['64'], 'ERT_MIN_PROCS': ['1'], 'ERT_MAX_PROCS': ['1'], 'ERT_OPENMP_THREADS': ['1,2,4,8,12', '#', 'Logical', 'Threads'], 'ERT_NUM_EXPERIMENTS': ['5'], 'ERT_FLOPS': ['1,2,4,8'], 'ERT_GPU': [False], 'ERT_HIP': [False], 'ERT_OCL': [False], 'ERT_SYCL': [False], 'ERT_WSS_MULT': [1.1]}
