fp64
        2048            1           8.555         4096          512
        2048            2           2.333         8192         1024
        2048            4           2.500        16384         2048
        2048            8           2.832        32768         4096
        2048           16           3.426        65536         8192
        2048           32           4.611       131072        16384
        2048           64           7.037       262144        32768
        2048          128          11.888       524288        65536
        2048          256          21.704      1048576       131072
        2048          512          41.167      2097152       262144
        2048         1024          80.185      4194304       524288
        2048         2048         158.240      8388608      1048576
        2048         4096         314.369     16777216      2097152
        2048         8192         649.145     33554432      4194304
        2048        16384        1251.126     67108864      8388608
        2048        32768        2505.436    134217728     16777216
        2048        65536        5003.056    268435456     33554432
        2048       131072       10008.372    536870912     67108864
        2048       262144       20010.391   1073741824    134217728
        2048       524288       40041.878   2147483648    268435456
        2240            1          24.593         4480          560
        2240            2           6.869         8960         1120
        2240            4           7.444        17920         2240
        2240            8           8.425        35840         4480
        2240           16          10.407        71680         8960
        2240           32          14.352       143360        17920
        2240           64          22.481       286720        35840
        2240          128          38.778       573440        71680
        2240          256          71.037      1146880       143360
        2240          512         135.740      2293760       286720
        2240         1024         265.036      4587520       573440
        2240         2048         523.554      9175040      1146880
        2240         4096        1040.756     18350080      2293760
        2240         8192        2091.493     36700160      4587520
        2240        16384        4160.189     73400320      9175040
        2240        32768        8309.416    146800640     18350080
        2240        65536       16609.904    293601280     36700160
        2240       131072       33261.958    587202560     73400320
        2240       262144       66433.100   1174405120    146800640
        2464            1          27.000         4928          616
        2464            2           7.018         9856         1232
        2464            4           7.574        19712         2464
        2464            8           8.759        39424         4928
        2464           16          10.852        78848         9856
        2464           32          15.184       157696        19712
        2464           64          24.185       315392        39424
        2464          128          41.964       630784        78848
        2464          256          77.352      1261568       157696
        2464          512         148.444      2523136       315392
        2464         1024         290.425      5046272       630784
        2464         2048         574.332     10092544      1261568
        2464         4096        1156.810     20185088      2523136
        2464         8192        2278.400     40370176      5046272
        2464        16384        4566.169     80740352     10092544
        2464        32768        9135.356    161480704     20185088
        2464        65536       18234.361    322961408     40370176
        2464       131072       36549.279    645922816     80740352
        2464       262144       73016.688   1291845632    161480704
        2704            1          10.759         5408          676
        2704            2           2.556        10816         1352
        2704            4           2.574        21632         2704
        2704            8           3.333        43264         5408
        2704           16           3.777        86528        10816
        2704           32           5.352       173056        21632
        2704           64           8.591       346112        43264
        2704          128          15.074       692224        86528
        2704          256          27.963      1384448       173056
        2704          512          53.759      2768896       346112
        2704         1024         105.371      5537792       692224
        2704         2048         208.628     11075584      1384448
        2704         4096         415.073     22151168      2768896
        2704         8192         828.033     44302336      5537792
        2704        16384        1670.291     88604672     11075584
        2704        32768        3311.062    177209344     22151168
        2704        65536        6614.421    354418688     44302336
        2704       131072       15993.647    708837376     88604672
        2704       262144       79671.589   1417674752    177209344
        2960            1          10.185         5920          740
        2960            2           7.203        11840         1480
        2960            4           7.852        23680         2960
        2960            8           9.278        47360         5920
        2960           16          11.926        94720        11840
        2960           32          17.000       189440        23680
        2960           64          27.536       378880        47360
        2960          128          48.537       757760        94720
        2960          256          90.574      1515520       189440
        2960          512         174.592      3031040       378880
        2960         1024         342.813      6062080       757760
        2960         2048         679.091     12124160      1515520
        2960         4096        1351.717     24248320      3031040
        2960         8192        2726.861     48496640      6062080
        2960        16384        5407.888     96993280     12124160
        2960        32768       10819.388    193986560     24248320
        2960        65536       21775.886    387973120     48496640
        2960       131072       43237.829    775946240     96993280
        2960       262144       86392.750   1551892480    193986560
        3248            1           9.740         6496          812
        3248            2           7.352        12992         1624
        3248            4           8.092        25984         3248
        3248            8           9.723        51968         6496
        3248           16          12.426       103936        12992
        3248           32          18.185       207872        25984
        3248           64          29.833       415744        51968
        3248          128          53.017       831488       103936
        3248          256         115.759      1662976       207872
        3248          512         192.703      3325952       415744
        3248         1024         378.851      6651904       831488
        3248         2048         750.516     13303808      1662976
        3248         4096        1494.569     26607616      3325952
        3248         8192        3167.266     53215232      6651904
        3248        16384        5989.479    106430464     13303808
        3248        32768       11972.328    212860928     26607616
        3248        65536       23896.805    425721856     53215232
        3248       131072       47974.608    851443712    106430464
        3248       262144       95542.607   1702887424    212860928
        3568            1           4.703         7136          892
        3568            2           2.539        14272         1784
        3568            4           2.722        28544         3568
        3568            8           3.222        57088         7136
        3568           16           4.278       114176        14272
        3568           32           6.426       228352        28544
        3568           64          10.797       456704        57088
        3568          128          19.167       913408       114176
        3568          256          36.185      1826816       228352
        3568          512          70.148      3653632       456704
        3568         1024         138.110      7307264       913408
        3568         2048         273.945     14614528      1826816
        3568         4096         545.682     29229056      3653632
        3568         8192        1105.885     58458112      7307264
        3568        16384        2175.882    116916224     14614528
        3568        32768        4355.725    233832448     29229056
        3568        65536        8706.228    467664896     58458112
        3568       131072       17409.512    935329792    116916224
        3568       262144       34812.173   1870659584    233832448
        3920            1          10.722         7840          980
        3920            2           7.777        15680         1960
        3920            4           8.556        31360         3920
        3920            8          10.501        62720         7840
        3920           16          13.630       125440        15680
        3920           32          20.463       250880        31360
        3920           64          34.352       501760        62720
        3920          128          62.000      1003520       125440
        3920          256         117.425      2007040       250880
        3920          512         228.129      4014080       501760
        3920         1024         449.758      8028160      1003520
        3920         2048         892.812     16056320      2007040
        3920         4096        1793.827     32112640      4014080
        3920         8192        3551.433     64225280      8028160
        3920        16384        7122.549    128450560     16056320
        3920        32768       14227.487    256901120     32112640
        3920        65536       28663.102    513802240     64225280
        3920       131072       57069.094   1027604480    128450560
        3920       262144      114331.095   2055208960    256901120
        4304            1          11.092         8608         1076
        4304            2           7.574        17216         2152
        4304            4           8.482        34432         4304
        4304            8          10.500        68864         8608
        4304           16          14.223       137728        17216
        4304           32          21.759       275456        34432
        4304           64          37.258       550912        68864
        4304          128          67.852      1101824       137728
        4304          256         155.277      2203648       275456
        4304          512         251.351      4407296       550912
        4304         1024         496.128      8814592      1101824
        4304         2048         985.682     17629184      2203648
        4304         4096        1964.845     35258368      4407296
        4304         8192        3938.319     70516736      8814592
        4304        16384        7863.879    141033472     17629184
        4304        32768       15713.333    282066944     35258368
        4304        65536       31429.148    564133888     70516736
        4304       131072       63096.610   1128267776    141033472
        4720            1          11.592         9440         1180
        4720            2           2.685        18880         2360
        4720            4           2.981        37760         4720
        4720            8           3.648        75520         9440
        4720           16           4.999       151040        18880
        4720           32           7.815       302080        37760
        4720           64          13.313       604160        75520
        4720          128          24.407      1208320       151040
        4720          256          46.556      2416640       302080
        4720          512          91.018      4833280       604160
        4720         1024         179.888      9666560      1208320
        4720         2048         357.222     19333120      2416640
        4720         4096         823.997     38666240      4833280
        4720         8192        1422.217     77332480      9666560
        4720        16384        2880.786    154664960     19333120
        4720        32768        5691.851    309329920     38666240
        4720        65536       11404.773    618659840     77332480
        4720       131072       22748.456   1237319680    154664960
        5184            1          25.352        10368         1296
        5184            2           7.907        20736         2592
        5184            4           9.186        41472         5184
        5184            8          11.408        82944        10368
        5184           16          15.833       165888        20736
        5184           32          24.742       331776        41472
        5184           64          42.981       663552        82944
        5184          128          79.110      1327104       165888
        5184          256         151.296      2654208       331776
        5184          512         295.703      5308416       663552
        5184         1024         600.609     10616832      1327104
        5184         2048        1174.144     21233664      2654208
        5184         4096        2317.585     42467328      5308416
        5184         8192        4661.854     84934656     10616832
        5184        16384        9279.633    169869312     21233664
        5184        32768       18761.395    339738624     42467328
        5184        65536       37252.869    679477248     84934656
        5184       131072       74461.680   1358954496    169869312
        5696            1          27.666        11392         1424
        5696            2           7.999        22784         2848
        5696            4           9.352        45568         5696
        5696            8          11.963        91136        11392
        5696           16          16.834       182272        22784
        5696           32          26.852       364544        45568
        5696           64          46.611       729088        91136
        5696          128          86.574      1458176       182272
        5696          256         166.183      2916352       364544
        5696          512         344.888      5832704       729088
        5696         1024         644.553     11665408      1458176
        5696         2048        1282.069     23330816      2916352
        5696         4096        2573.695     46661632      5832704
        5696         8192        5124.204     93323264     11665408
        5696        16384       10283.352    186646528     23330816
        5696        32768       20543.260    373293056     46661632
        5696        65536       41056.152    746586112     93323264
        5696       131072       82232.541   1493172224    186646528
        6256            1           4.685        12512         1564
        6256            2           2.814        25024         3128
        6256            4           3.261        50048         6256
        6256            8           4.204       100096        12512
        6256           16           5.962       200192        25024
        6256           32           9.685       400384        50048
        6256           64          17.000       800768       100096
        6256          128          31.740      1601536       200192
        6256          256          60.980      3203072       400384
        6256          512         119.685      6406144       800768
        6256         1024         237.036     12812288      1601536
        6256         2048         562.702     25624576      3203072
        6256         4096         941.219     51249152      6406144
        6256         8192        5297.148    102498304     12812288
        6256        16384       11392.940    204996608     25624576
        6256        32768       22822.141    409993216     51249152
        6256        65536       45218.042    819986432    102498304
        6256       131072       90789.380   1639972864    204996608
        6880            1          11.204        13760         1720
        6880            2           8.778        27520         3440
        6880            4          10.130        55040         6880
        6880            8          13.167       110080        13760
        6880           16          19.129       220160        27520
        6880           32          31.425       440320        55040
        6880           64          55.647       880640       110080
        6880          128         104.222      1761280       220160
        6880          256         201.314      3522560       440320
        6880          512         395.517      7045120       880640
        6880         1024         798.905     14090240      1761280
        6880         2048        1560.902     28180480      3522560
        6880         4096        3128.581     56360960      7045120
        6880         8192        6236.218    112721920     14090240
        6880        16384       12473.937    225443840     28180480
        6880        32768       24961.893    450887680     56360960
        6880        65536       50152.265    901775360    112721920
        6880       131072       99809.977   1803550720    225443840
        7568            1           9.741        15136         1892
        7568            2           8.666        30272         3784
        7568            4          10.205        60544         7568
        7568            8          13.610       121088        15136
        7568           16          20.037       242176        30272
        7568           32          33.574       484352        60544
        7568           64          60.017       968704       121088
        7568          128         113.167      1937408       242176
        7568          256         219.389      3874816       484352
        7568          512         431.776      7749632       968704
        7568         1024         856.571     15499264      1937408
        7568         2048        1723.123     30998528      3874816
        7568         4096        3468.006     61997056      7749632
        7568         8192        6828.921    123994112     15499264
        7568        16384       13845.951    247988224     30998528
        7568        32768       27373.495    495976448     61997056
        7568        65536       54558.842    991952896    123994112
        7568       131072      109105.517   1983905792    247988224
        8320            1          10.130        16640         2080
        8320            2           8.927        33280         4160
        8320            4          10.722        66560         8320
        8320            8          14.556       133120        16640
        8320           16          21.870       266240        33280
        8320           32          36.871       532480        66560
        8320           64          66.646      1064960       133120
        8320          128         126.074      2129920       266240
        8320          256         245.221      4259840       532480
        8320          512         484.294      8519680      1064960
        8320         1024         959.738     17039360      2129920
        8320         2048        1912.272     34078720      4259840
        8320         4096        3832.302     68157440      8519680
        8320         8192        7652.621    136314880     17039360
        8320        16384       15312.036    272629760     34078720
        8320        32768       30837.390    545259520     68157440
        8320        65536       61182.392   1090519040    136314880
        9152            1          14.907        18304         2288
        9152            2           9.352        36608         4576
        9152            4          11.204        73216         9152
        9152            8          15.222       146432        18304
        9152           16          23.575       292864        36608
        9152           32          39.815       585728        73216
        9152           64          72.815      1171456       146432
        9152          128         137.814      2342912       292864
        9152          256         268.665      4685824       585728
        9152          512         530.683      9371648      1171456
        9152         1024        1054.218     18743296      2342912
        9152         2048        2124.178     37486592      4685824
        9152         4096        4209.319     74973184      9371648
        9152         8192        8416.247    149946368     18743296
        9152        16384       16839.218    299892736     37486592
        9152        32768       33901.119    599785472     74973184
        9152        65536       67265.407   1199570944    149946368
       10064            1          10.445        20128         2516
       10064            2           9.500        40256         5032
       10064            4          11.759        80512        10064
       10064            8          16.296       161024        20128
       10064           16          25.334       322048        40256
       10064           32          43.092       644096        80512
       10064           64          78.944      1288192       161024
       10064          128         150.389      2576384       322048
       10064          256         293.407      5152768       644096
       10064          512         579.461     10305536      1288192
       10064         1024        1151.681     20611072      2576384
       10064         2048        2312.196     41222144      5152768
       10064         4096        4598.595     82444288     10305536
       10064         8192        9187.393    164888576     20611072
       10064        16384       18393.489    329777152     41222144
       10064        32768       37003.757    659554304     82444288
       10064        65536       73500.625   1319108608    164888576
       11056            1          15.926        22112         2764
       11056            2           9.778        44224         5528
       11056            4          12.148        88448        11056
       11056            8          17.038       176896        22112
       11056           16          27.000       353792        44224
       11056           32          46.555       707584        88448
       11056           64          85.888      1415168       176896
       11056          128         164.295      2830336       353792
       11056          256         321.314      5660672       707584
       11056          512         635.368     11321344      1415168
       11056         1024        1262.829     22642688      2830336
       11056         2048        2534.232     45285376      5660672
       11056         4096        5044.686     90570752     11321344
       11056         8192       10101.723    181141504     22642688
       11056        16384       20165.890    362283008     45285376
       11056        32768       40586.429    724566016     90570752
       11056        65536       80815.692   1449132032    181141504
       12160            1          16.407        24320         3040
       12160            2          10.334        48640         6080
       12160            4          13.055        97280        12160
       12160            8          18.259       194560        24320
       12160           16          29.130       389120        48640
       12160           32          50.685       778240        97280
       12160           64          93.870      1556480       194560
       12160          128         179.926      3112960       389120
       12160          256         352.573      6225920       778240
       12160          512         697.516     12451840      1556480
       12160         1024        1387.346     24903680      3112960
       12160         2048        2782.916     49807360      6225920
       12160         4096        5551.090     99614720     12451840
       12160         8192       11334.385    199229440     24903680
       12160        16384       22231.661    398458880     49807360
       12160        32768       44323.081    796917760     99614720
       12160        65536       88881.717   1593835520    199229440
       13376            1          14.296        26752         3344
       13376            2          10.833        53504         6688
       13376            4          13.703       107008        13376
       13376            8          19.333       214016        26752
       13376           16          31.278       428032        53504
       13376           32          54.740       856064       107008
       13376           64         101.962      1712128       214016
       13376          128         196.240      3424256       428032
       13376          256         384.554      6848512       856064
       13376          512         761.349     13697024      1712128
       13376         1024        1530.976     27394048      3424256
       13376         2048        3022.600     54788096      6848512
       13376         4096        6061.628    109576192     13697024
       13376         8192       12102.678    219152384     27394048
       13376        16384       24192.524    438304768     54788096
       13376        32768       48412.770    876609536    109576192
       13376        65536       97040.651   1753219072    219152384
       14704            1           7.982        29408         3676
       14704            2           3.778        58816         7352
       14704            4           4.834       117632        14704
       14704            8           7.001       235264        29408
       14704           16          11.352       470528        58816
       14704           32          20.019       941056       117632
       14704           64          37.298      1882112       235264
       14704          128          71.906      3764224       470528
       14704          256         141.166      7528448       941056
       14704          512         279.684     15056896      1882112
       14704         1024         556.776     30113792      3764224
       14704         2048        1110.903     60227584      7528448
       14704         4096        2224.937    120455168     15056896
       14704         8192        4440.280    240910336     30113792
       14704        16384        8877.283    481820672     60227584
       14704        32768       17753.936    963641344    120455168
       14704        65536       78656.846   1927282688    240910336
       16160            1          15.963        32320         4040
       16160            2          11.537        64640         8080
       16160            4          15.093       129280        16160
       16160            8          22.018       258560        32320
       16160           16          36.296       517120        64640
       16160           32          64.926      1034240       129280
       16160           64         121.944      2068480       258560
       16160          128         236.036      4136960       517120
       16160          256         464.331      8273920      1034240
       16160          512         920.830     16547840      2068480
       16160         1024        1833.901     33095680      4136960
       16160         2048        3677.153     66191360      8273920
       16160         4096        7338.215    132382720     16547840
       16160         8192       14671.484    264765440     33095680
       16160        16384       29304.876    529530880     66191360
       16160        32768       58632.141   1059061760    132382720
       16160        65536      117944.779   2118123520    264765440
       17776            1          14.129        35552         4444
       17776            2          12.075        71104         8888
       17776            4          15.889       142208        17776
       17776            8          23.630       284416        35552
       17776           16          39.499       568832        71104
       17776           32          70.686      1137664       142208
       17776           64         133.555      2275328       284416
       17776          128         259.091      4550656       568832
       17776          256         509.184      9101312      1137664
       17776          512        1010.404     18202624      2275328
       17776         1024        2037.031     36405248      4550656
       17776         2048        4031.170     72810496      9101312
       17776         4096        8055.767    145620992     18202624
       17776         8192       16314.385    291241984     36405248
       17776        16384       32696.234    582483968     72810496
       17776        32768       64451.619   1164967936    145620992
       19552            1          29.110        39104         4888
       19552            2          12.647        78208         9776
       19552            4          17.259       156416        19552
       19552            8          25.889       312832        39104
       19552           16          43.091       625664        78208
       19552           32          77.277      1251328       156416
       19552           64         146.276      2502656       312832
       19552          128         283.833      5005312       625664
       19552          256         559.257     10010624      1251328
       19552          512        1129.866     20021248      2502656
       19552         1024        2211.881     40042496      5005312
       19552         2048        4432.466     80084992     10010624
       19552         4096        8866.931    160169984     20021248
       19552         8192       17696.326    320339968     40042496
       19552        16384       35392.744    640679936     80084992
       19552        32768       71453.094   1281359872    160169984
       21504            1          29.981        43008         5376
       21504            2          13.166        86016        10752
       21504            4          17.869       172032        21504
       21504            8          27.593       344064        43008
       21504           16          46.407       688128        86016
       21504           32          84.073      1376256       172032
       21504           64         159.666      2752512       344064
       21504          128         310.869      5505024       688128
       21504          256         613.516     11010048      1376256
       21504          512        1218.404     22020096      2752512
       21504         1024        2449.195     44040192      5505024
       21504         2048        4866.575     88080384     11010048
       21504         4096        9732.001    176160768     22020096
       21504         8192       19437.782    352321536     44040192
       21504        16384       38852.378    704643072     88080384
       21504        32768       78356.734   1409286144    176160768
       23648            1          29.889        47296         5912
       23648            2          14.019        94592        11824
       23648            4          19.130       189184        23648
       23648            8          29.518       378368        47296
       23648           16          50.223       756736        94592
       23648           32          91.796      1513472       189184
       23648           64         174.851      3026944       378368
       23648          128         341.147      6053888       756736
       23648          256         694.331     12107776      1513472
       23648          512        1338.476     24215552      3026944
       23648         1024        2685.157     48431104      6053888
       23648         2048        5344.296     96862208     12107776
       23648         4096       10693.258    193724416     24215552
       23648         8192       21357.478    387448832     48431104
       23648        16384       42731.697    774897664     96862208
       23648        32768       86566.334   1549795328    193724416
       26000            1          33.833        52000         6500
       26000            2          14.593       104000        13000
       26000            4          20.131       208000        26000
       26000            8          31.983       416000        52000
       26000           16          54.148       832000       104000
       26000           32         125.945      1664000       208000
       26000           64         190.685      3328000       416000
       26000          128         372.630      6656000       832000
       26000          256         735.996     13312000      1664000
       26000          512        1465.162     26624000      3328000
       26000         1024        2949.396     53248000      6656000
       26000         2048        5840.385    106496000     13312000
       26000         4096       11682.365    212992000     26624000
       26000         8192       23361.285    425984000     53248000
       26000        16384       46926.238    851968000    106496000
       26000        32768       93463.588   1703936000    212992000
       28592            1          35.555        57184         7148
       28592            2          15.426       114368        14296
       28592            4          21.666       228736        28592
       28592            8          34.260       457472        57184
       28592           16          59.519       914944       114368
       28592           32         109.574      1829888       228736
       28592           64         210.000      3659776       457472
       28592          128         448.683      7319552       914944
       28592          256         812.497     14639104      1829888
       28592          512        1615.901     29278208      3659776
       28592         1024        3241.711     58556416      7319552
       28592         2048        6467.699    117112832     14639104
       28592         4096       13115.378    234225664     29278208
       28592         8192       25832.796    468451328     58556416
       28592        16384       51691.812    936902656    117112832
       28592        32768      103371.217   1873805312    234225664
       31440            1          32.390        62880         7860
       31440            2          16.278       125760        15720
       31440            4          23.444       251520        31440
       31440            8          37.204       503040        62880
       31440           16          64.667      1006080       125760
       31440           32         119.683      2012160       251520
       31440           64         230.166      4024320       503040
       31440          128         450.758      8048640      1006080
       31440          256         892.201     16097280      2012160
       31440          512        1794.974     32194560      4024320
       31440         1024        3557.042     64389120      8048640
       31440         2048        7088.048    128778240     16097280
       31440         4096       14254.523    257556480     32194560
       31440         8192       28374.897    515112960     64389120
       31440        16384       57005.126   1030225920    128778240
       31440        32768      114027.862   2060451840    257556480
       34576            1           8.963        69152         8644
       34576            2           5.796       138304        17288
       34576            4           8.297       276608        34576
       34576            8          13.351       553216        69152
       34576           16          23.371      1106432       138304
       34576           32          43.444      2212864       276608
       34576           64          83.536      4425728       553216
       34576          128         163.721      8851456      1106432
       34576          256         323.758     17702912      2212864
       34576          512         644.888     35405824      4425728
       34576         1024        1291.848     70811648      8851456
       34576         2048        2569.546    141623296     17702912
       34576         4096        5252.518    283246592     35405824
       34576         8192       10279.499    566493184     70811648
       34576        16384       20661.961   1132986368    141623296
       38032            1          17.185        76064         9508
       38032            2          18.944       152128        19016
       38032            4          26.704       304256        38032
       38032            8          43.000       608512        76064
       38032           16          76.278      1217024       152128
       38032           32         142.926      2434048       304256
       38032           64         276.462      4868096       608512
       38032          128         542.294      9736192      1217024
       38032          256        1100.941     19472384      2434048
       38032          512        2138.456     38944768      4868096
       38032         1024        4284.059     77889536      9736192
       38032         2048        8552.099    155779072     19472384
       38032         4096       17110.585    311558144     38944768
       38032         8192       34206.338    623116288     77889536
       38032        16384       68662.565   1246232576    155779072
       41824            1          41.222        83648        10456
       41824            2          19.591       167296        20912
       41824            4          29.148       334592        41824
       41824            8          47.148       669184        83648
       41824           16          83.703      1338368       167296
       41824           32         156.924      2676736       334592
       41824           64         303.332      5353472       669184
       41824          128         596.349     10706944      1338368
       41824          256        1182.107     21413888      2676736
       41824          512        2367.676     42827776      5353472
       41824         1024        4713.742     85655552     10706944
       41824         2048        9417.781    171311104     21413888
       41824         4096       18828.728    342622208     42827776
       41824         8192       37663.696    685244416     85655552
       41824        16384       76074.020   1370488832    171311104
       46000            1          10.703        92000        11500
       46000            2           7.018       184000        23000
       46000            4          10.389       368000        46000
       46000            8          17.055       736000        92000
       46000           16          30.444      1472000       184000
       46000           32          57.166      2944000       368000
       46000           64         110.926      5888000       736000
       46000          128         218.314     11776000      1472000
       46000          256         432.961     23552000      2944000
       46000          512         862.311     47104000      5888000
       46000         1024        1729.419     94208000     11776000
       46000         2048        3443.468    188416000     23552000
       46000         4096        6879.105    376832000     47104000
       46000         8192       13711.283    753664000     94208000
       46000        16384       27552.492   1507328000    188416000
       50592            1          20.945       101184        12648
       50592            2          23.203       202368        25296
       50592            4          34.685       404736        50592
       50592            8          57.740       809472       101184
       50592           16         103.796      1618944       202368
       50592           32         195.888      3237888       404736
       50592           64         379.849      6475776       809472
       50592          128         766.573     12951552      1618944
       50592          256        1483.865     25903104      3237888
       50592          512        2975.916     51806208      6475776
       50592         1024        5922.015    103612416     12951552
       50592         2048       11859.327    207224832     25903104
       50592         4096       23660.394    414449664     51806208
       50592         8192       47456.511    828899328    103612416
       50592        16384       94887.413   1657798656    207224832
       55648            1          40.056       111296        13912
       55648            2          25.870       222592        27824
       55648            4          37.315       445184        55648
       55648            8          62.723       890368       111296
       55648           16         113.538      1780736       222592
       55648           32         215.610      3561472       445184
       55648           64         419.073      7122944       890368
       55648          128         851.996     14245888      1780736
       55648          256        1640.290     28491776      3561472
       55648          512        3285.951     56983552      7122944
       55648         1024        6553.995    113967104     14245888
       55648         2048       13212.711    227934208     28491776
       55648         4096       26161.459    455868416     56983552
       55648         8192       52524.568    911736832    113967104
       55648        16384      104746.839   1823473664    227934208
       61200            1          23.111       122400        15300
       61200            2           8.870       244800        30600
       61200            4          13.537       489600        61200
       61200            8          22.630       979200       122400
       61200           16          40.778      1958400       244800
       61200           32          77.314      3916800       489600
       61200           64         149.055      7833600       979200
       61200          128         297.129     15667200      1958400
       61200          256         594.108     31334400      3916800
       61200          512        1198.162     62668800      7833600
       61200         1024        2375.807    125337600     15667200
       61200         2048        4755.965    250675200     31334400
       61200         4096        9514.984    501350400     62668800
       61200         8192       34847.872   1002700800    125337600
       61200        16384      114694.470   2005401600    250675200
       67312            1          26.074       134624        16828
       67312            2          28.833       269248        33656
       67312            4          44.315       538496        67312
       67312            8          74.666      1076992       134624
       67312           16         135.537      2153984       269248
       67312           32         257.202      4307968       538496
       67312           64         500.831      8615936      1076992
       67312          128         987.645     17231872      2153984
       67312          256        2090.177     34463744      4307968
       67312          512        3941.615     68927488      8615936
       67312         1024        7859.047    137854976     17231872
       67312         2048       15671.665    275709952     34463744
       67312         4096       31326.459    551419904     68927488
       67312         8192       62984.418   1102839808    137854976
       74032            1          27.204       148064        18508
       74032            2          31.334       296128        37016
       74032            4          47.667       592256        74032
       74032            8          81.332      1184512       148064
       74032           16         148.703      2369024       296128
       74032           32         282.740      4738048       592256
       74032           64         551.016      9476096      1184512
       74032          128        1087.181     18952192      2369024
       74032          256        2189.381     37904384      4738048
       74032          512        4321.928     75808768      9476096
       74032         1024        8635.209    151617536     18952192
       74032         2048       17253.899    303235072     37904384
       74032         4096       34533.984    606470144     75808768
       74032         8192       69269.635   1212940288    151617536
       81424            1          18.018       162848        20356
       81424            2          11.315       325696        40712
       81424            4          17.500       651392        81424
       81424            8          30.055      1302784       162848
       81424           16          54.499      2605568       325696
       81424           32         104.148      5211136       651392
       81424           64         202.740     10422272      1302784
       81424          128         416.017     20844544      2605568
       81424          256         796.089     41689088      5211136
       81424          512        1587.309     83378176     10422272
       81424         1024        4751.946    166756352     20844544
       81424         2048       19242.577    333512704     41689088
       81424         4096       38244.304    667025408     83378176
       81424         8192       76581.070   1334050816    166756352
       89552            1          47.185       179104        22388
       89552            2          37.222       358208        44776
       89552            4          57.740       716416        89552
       89552            8          98.666      1432832       179104
       89552           16         180.463      2865664       358208
       89552           32         344.647      5731328       716416
       89552           64         692.942     11462656      1432832
       89552          128        1326.846     22925312      2865664
       89552          256        2653.601     45850624      5731328
       89552          512        5281.073     91701248     11462656
       89552         1024       10731.070    183402496     22925312
       89552         2048       21419.328    366804992     45850624
       89552         4096       42325.141    733609984     91701248
       89552         8192       84874.762   1467219968    183402496
       98496            1          50.518       196992        24624
       98496            2          40.258       393984        49248
       98496            4          62.927       787968        98496
       98496            8         108.185      1575936       196992
       98496           16         199.610      3151872       393984
       98496           32         381.072      6303744       787968
       98496           64         744.979     12607488      1575936
       98496          128        1472.717     25214976      3151872
       98496          256        2974.174     50429952      6303744
       98496          512        5869.942    100859904     12607488
       98496         1024       11699.420    201719808     25214976
       98496         2048       23346.507    403439616     50429952
       98496         4096       46785.808    806879232    100859904
       98496         8192       93492.731   1613758464    201719808
      108336            1          25.481       216672        27084
      108336            2          14.297       433344        54168
      108336            4          22.351       866688       108336
      108336            8          38.705      1733376       216672
      108336           16          70.983      3466752       433344
      108336           32         134.369      6933504       866688
      108336           64         265.851     13867008      1733376
      108336          128         529.961     27734016      3466752
      108336          256        1057.570     55468032      6933504
      108336          512        2120.880    110936064     13867008
      108336         1024        4229.762    221872128     27734016
      108336         2048        8456.487    443744256     55468032
      108336         4096       43618.228    887488512    110936064
      108336         8192      101856.588   1774977024    221872128
      119168            1          48.204       238336        29792
      119168            2          49.185       476672        59584
      119168            4          74.907       953344       119168
      119168            8         129.907      1906688       238336
      119168           16         238.981      3813376       476672
      119168           32         634.183      7626752       953344
      119168           64         949.902     15253504      1906688
      119168          128        1764.012     30507008      3813376
      119168          256        3815.264     61014016      7626752
      119168          512        7098.233    122028032     15253504
      119168         1024       14166.595    244056064     30507008
      119168         2048       28243.544    488112128     61014016
      119168         4096       56467.013    976224256    122028032
      119168         8192      113238.582   1952448512    244056064
      131072            1          43.222       262144        32768
      131072            2          50.035       524288        65536
      131072            4          79.241      1048576       131072
      131072            8         137.999      2097152       262144
      131072           16         256.092      4194304       524288
      131072           32         489.942      8388608      1048576
      131072           64         960.219     16777216      2097152
      131072          128        1928.290     33554432      4194304
      131072          256        3794.486     67108864      8388608
      131072          512        7833.489    134217728     16777216
      131072         1024       15174.074    268435456     33554432
      131072         2048       30234.221    536870912     67108864
      131072         4096       60398.314   1073741824    134217728
      131072         8192      121059.090   2147483648    268435456
      144176            1          33.074       288352        36044
      144176            2          18.519       576704        72088
      144176            4          29.000      1153408       144176
      144176            8          50.555      2306816       288352
      144176           16          93.500      4613632       576704
      144176           32         179.777      9227264      1153408
      144176           64         352.054     18454528      2306816
      144176          128         696.719     36909056      4613632
      144176          256        1400.958     73818112      9227264
      144176          512        2765.637    147636224     18454528
      144176         1024        5532.701    295272448     36909056
      144176         2048       20075.982    590544896     73818112
      144176         4096       66743.439   1181089792    147636224
      158592            1          53.129       317184        39648
      158592            2          59.518       634368        79296
      158592            4          95.204      1268736       158592
      158592            8         167.296      2537472       317184
      158592           16         311.591      5074944       634368
      158592           32         599.813     10149888      1268736
      158592           64        1209.328     20299776      2537472
      158592          128        2330.510     40599552      5074944
      158592          256        4651.575     81199104     10149888
      158592          512        9283.355    162398208     20299776
      158592         1024       18520.432    324796416     40599552
      158592         2048       37764.638    649592832     81199104
      158592         4096       74211.540   1299185664    162398208
      174448            1          67.277       348896        43612
      174448            2          64.425       697792        87224
      174448            4         103.574      1395584       174448
      174448            8         182.777      2791168       348896
      174448           16         342.073      5582336       697792
      174448           32         659.313     11164672      1395584
      174448           64        1328.754     22329344      2791168
      174448          128        2568.139     44658688      5582336
      174448          256        5128.203     89317376     11164672
      174448          512       10231.462    178634752     22329344
      174448         1024       20420.517    357269504     44658688
      174448         2048       41512.846    714539008     89317376
      174448         4096       81898.141   1429078016    178634752
      191888            1          55.574       383776        47972
      191888            2          23.815       767552        95944
      191888            4          37.833      1535104       191888
      191888            8          66.889      3070208       383776
      191888           16         124.833      6140416       767552
      191888           32         241.055     12280832      1535104
      191888           64         473.202     24561664      3070208
      191888          128         937.236     49123328      6140416
      191888          256        1881.641     98246656     12280832
      191888          512        3728.727    196493312     24561664
      191888         1024       15831.091    392986624     49123328
      191888         2048       44760.779    785973248     98246656
      191888         4096       90142.684   1571946496    196493312
      211072            1          79.463       422144        52768
      211072            2          77.055       844288       105536
      211072            4         124.074      1688576       211072
      211072            8         219.852      3377152       422144
      211072           16         410.573      6754304       844288
      211072           32         793.812     13508608      1688576
      211072           64        1588.772     27017216      3377152
      211072          128        3108.433     54034432      6754304
      211072          256        6163.348    108068864     13508608
      211072          512       12308.399    216137728     27017216
      211072         1024       24614.187    432275456     54034432
      211072         2048       49210.206    864550912    108068864
      211072         4096       99006.244   1729101824    216137728
      232176            1          96.424       464352        58044
      232176            2          83.704       928704       116088
      232176            4         135.444      1857408       232176
      232176            8         240.332      3714816       464352
      232176           16         451.165      7429632       928704
      232176           32         870.736     14859264      1857408
      232176           64        1711.939     29718528      3714816
      232176          128        3426.580     59437056      7429632
      232176          256        6786.568    118874112     14859264
      232176          512       13548.338    237748224     29718528
      232176         1024       27045.529    475496448     59437056
      232176         2048       54846.129    950992896    118874112
      232176         4096      108365.152   1901985792    237748224
      255392            1          80.389       510784        63848
      255392            2          32.851      1021568       127696
      255392            4          49.759      2043136       255392
      255392            8          88.240      4086272       510784
      255392           16         165.443      8172544      1021568
      255392           32         318.295     16345088      2043136
      255392           64         627.387     32690176      4086272
      255392          128        1253.515     65380352      8172544
      255392          256        2475.861    130760704     16345088
      255392          512        4950.204    261521408     32690176
      255392         1024        9869.297    523042816     65380352
      255392         2048       19729.148   1046085632    130760704
      255392         4096      114512.314   2092171264    261521408
      280928            1         116.962       561856        70232
      280928            2         102.722      1123712       140464
      280928            4         162.833      2247424       280928
      280928            8         290.425      4494848       561856
      280928           16         545.998      8989696      1123712
      280928           32        1083.015     17979392      2247424
      280928           64        2071.103     35958784      4494848
      280928          128        4136.373     71917568      8989696
      280928          256        8226.637    143835136     17979392
      280928          512       16428.254    287670272     35958784
      280928         1024       32793.952    575340544     71917568
      280928         2048       65545.645   1150681088    143835136
      309008            1         131.518       618016        77252
      309008            2         110.481      1236032       154504
      309008            4         176.610      2472064       309008
      309008            8         316.776      4944128       618016
      309008           16         590.183      9888256      1236032
      309008           32        1171.792     19776512      2472064
      309008           64        2242.677     39553024      4944128
      309008          128        4462.409     79106048      9888256
      309008          256        8937.004    158212096     19776512
      309008          512       17735.267    316424192     39553024
      309008         1024       35433.775    632848384     79106048
      309008         2048       70818.088   1265696768    158212096
      339904            1         109.129       679808        84976
      339904            2          46.314      1359616       169952
      339904            4          65.833      2719232       339904
      339904            8         116.963      5438464       679808
      339904           16         219.574     10876928      1359616
      339904           32         425.258     21753856      2719232
      339904           64         853.237     43507712      5438464
      339904          128        1657.086     87015424     10876928
      339904          256        3305.173    174030848     21753856
      339904          512        6590.254    348061696     43507712
      339904         1024       35802.126    696123392     87015424
      339904         2048       79446.983   1392246784    174030848
      373888            1         161.111       747776        93472
      373888            2         137.203      1495552       186944
      373888            4         214.166      2991104       373888
      373888            8         382.888      5982208       747776
      373888           16         721.683     11964416      1495552
      373888           32        1397.179     23928832      2991104
      373888           64        2784.712     47857664      5982208
      373888          128        5499.387     95715328     11964416
      373888          256       10896.200    191430656     23928832
      373888          512       21773.937    382861312     47857664
      373888         1024       43789.521    765722624     95715328
      373888         2048       86967.990   1531445248    191430656
      411264            1         201.647       822528       102816
      411264            2         153.908      1645056       205632
      411264            4         234.684      3290112       411264
      411264            8         420.554      6580224       822528
      411264           16         792.534     13160448      1645056
      411264           32        1560.587     26320896      3290112
      411264           64        3043.433     52641792      6580224
      411264          128        6013.976    105283584     13160448
      411264          256       11988.511    210567168     26320896
      411264          512       24204.632    421134336     52641792
      411264         1024       47901.487    842268672    105283584
      411264         2048       95660.347   1684537344    210567168
      452384            1         171.481       904768       113096
      452384            2          76.408      1809536       226192
      452384            4          87.389      3619072       452384
      452384            8         152.870      7238144       904768
      452384           16         286.962     14476288      1809536
      452384           32         556.312     28952576      3619072
      452384           64        1138.180     57905152      7238144
      452384          128        2169.621    115810304     14476288
      452384          256        4329.576    231620608     28952576
      452384          512        8654.135    463241216     57905152
      452384         1024       17408.769    926482432    115810304
      452384         2048       34496.853   1852964864    231620608
      497616            1         228.555       995232       124404
      497616            2         192.647      1990464       248808
      497616            4         284.777      3980928       497616
      497616            8         582.350      7961856       995232
      497616           16         960.330     15923712      1990464
      497616           32        1860.678     31847424      3980928
      497616           64        3681.060     63694848      7961856
      497616          128        7309.214    127389696     15923712
      497616          256       14564.631    254779392     31847424
      497616          512       29052.465    509558784     63694848
      497616         1024       58480.169   1019117568    127389696
      497616         2048      116241.473   2038235136    254779392
      547376            1         360.554      1094752       136844
      547376            2         255.184      2189504       273688
      547376            4         309.536      4379008       547376
      547376            8         553.997      8758016      1094752
      547376           16        1041.737     17516032      2189504
      547376           32        2049.937     35032064      4379008
      547376           64        3982.392     70064128      8758016
      547376          128        8224.395    140128256     17516032
      547376          256       15780.256    280256512     35032064
      547376          512       31410.106    560513024     70064128
      547376         1024       62869.857   1121026048    140128256
      602112            1         239.388      1204224       150528
      602112            2         191.648      2408448       301056
      602112            4         117.740      4816896       602112
      602112            8         203.036      9633792      1204224
      602112           16         382.388     19267584      2408448
      602112           32         740.090     38535168      4816896
      602112           64        1494.217     77070336      9633792
      602112          128        2881.267    154140672     19267584
      602112          256        5776.443    308281344     38535168
      602112          512       11514.734    616562688     77070336
      602112         1024       22956.173   1233125376    154140672
      662320            1         339.443      1324640       165580
      662320            2         320.758      2649280       331160
      662320            4         439.517      5298560       662320
      662320            8         692.257     10597120      1324640
      662320           16        1346.717     21194240      2649280
      662320           32        2536.879     42388480      5298560
      662320           64        4888.297     84776960     10597120
      662320          128        9680.944    169553920     21194240
      662320          256       19255.039    339107840     42388480
      662320          512       39054.150    678215680     84776960
      662320         1024       77266.895   1356431360    169553920
      728544            1         405.462      1457088       182136
      728544            2         420.998      2914176       364272
      728544            4         440.332      5828352       728544
      728544            8         769.350     11656704      1457088
      728544           16        1498.161     23313408      2914176
      728544           32        2774.675     46626816      5828352
      728544           64        5546.090     93253632     11656704
      728544          128       11045.272    186507264     23313408
      728544          256       21985.936    373014528     46626816
      728544          512       44229.371    746029056     93253632
      728544         1024       87026.766   1492058112    186507264
      801392            1         370.499      1602784       200348
      801392            2         625.202      3205568       400696
      801392            4         296.406      6411136       801392
      801392            8         377.739     12822272      1602784
      801392           16         652.720     25644544      3205568
      801392           32        1401.902     51289088      6411136
      801392           64        2593.082    102578176     12822272
      801392          128        5310.961    205156352     25644544
      801392          256       10900.977    410312704     51289088
      801392          512       21159.179    820625408    102578176
      801392         1024       99832.939   1641250816    205156352
      881520            1         513.517      1763040       220380
      881520            2         622.554      3526080       440760
      881520            4         687.812      7052160       881520
      881520            8        1192.939     14104320      1763040
      881520           16        2394.990     28208640      3526080
      881520           32        4654.390     56417280      7052160
      881520           64        8757.745    112834560     14104320
      881520          128       16899.992    225669120     28208640
      881520          256       33406.762    451338240     56417280
      881520          512       67450.320    902676480    112834560
      881520         1024      134299.587   1805352960    225669120
      969664            1         528.776      1939328       242416
      969664            2         730.830      3878656       484832
      969664            4        1094.921      7757312       969664
      969664            8        1628.661     15514624      1939328
      969664           16        3078.786     31029248      3878656
      969664           32        5702.719     62058496      7757312
      969664           64       11853.659    124116992     15514624
      969664          128       21994.399    248233984     31029248
      969664          256       43267.429    496467968     62058496
      969664          512       87180.356    992935936    124116992
      969664         1024      175884.799   1985871872    248233984
     1066624            1         528.536      2133248       266656
     1066624            2        1073.107      4266496       533312
     1066624            4        1520.271      8532992      1066624
     1066624            8        2145.103     17065984      2133248
     1066624           16        3976.003     34131968      4266496
     1066624           32        7373.434     68263936      8532992
     1066624           64       14337.279    136527872     17065984
     1066624          128       27923.783    273055744     34131968
     1066624          256       56680.657    546111488     68263936
     1066624          512      131953.022   1092222976    136527872
     1173280            1         691.145      2346560       293320
     1173280            2        1685.938      4693120       586640
     1173280            4        2227.269      9386240      1173280
     1173280            8        3716.948     18772480      2346560
     1173280           16        6780.327     37544960      4693120
     1173280           32       13665.523     75089920      9386240
     1173280           64       25179.756    150179840     18772480
     1173280          128       49920.569    300359680     37544960
     1173280          256       98104.629    600719360     75089920
     1173280          512      195409.002   1201438720    150179840
     1290608            1         800.071      2581216       322652
     1290608            2        2195.751      5162432       645304
     1290608            4        3094.915     10324864      1290608
     1290608            8        5323.313     20649728      2581216
     1290608           16        9465.483     41299456      5162432
     1290608           32       16671.752     82598912     10324864
     1290608           64       32031.138    165197824     20649728
     1290608          128       64280.794    330395648     41299456
     1290608          256      125258.582    660791296     82598912
     1290608          512      253143.208   1321582592    165197824
     1419664            1         953.756      2839328       354916
     1419664            2        2242.398      5678656       709832
     1419664            4        3654.375     11357312      1419664
     1419664            8        5969.403     22714624      2839328
     1419664           16       10861.238     45429248      5678656
     1419664           32       22917.172     90858496     11357312
     1419664           64       40270.144    181716992     22714624
     1419664          128       78937.849    363433984     45429248
     1419664          256      156853.369    726867968     90858496
     1419664          512      311331.745   1453735936    181716992
     1561616            1        1094.737      3123232       390404
     1561616            2        2725.101      6246464       780808
     1561616            4        4389.929     12492928      1561616
     1561616            8        7138.437     24985856      3123232
     1561616           16       13336.265     49971712      6246464
     1561616           32       25003.313     99943424     12492928
     1561616           64       48430.335    199886848     24985856
     1561616          128       94410.993    399773696     49971712
     1561616          256      187993.601    799547392     99943424
     1561616          512      372866.713   1599094784    199886848
     1717776            1        1193.403      3435552       429444
     1717776            2        3253.191      6871104       858888
     1717776            4        5083.389     13742208      1717776
     1717776            8        8432.745     27484416      3435552
     1717776           16       15364.368     54968832      6871104
     1717776           32       28534.169    109937664     13742208
     1717776           64       55596.344    219875328     27484416
     1717776          128      109429.213    439750656     54968832
     1717776          256      221656.713    879501312    109937664
     1717776          512      432955.483   1759002624    219875328
     1889552            1        1198.865      3779104       472388
     1889552            2        3441.858      7558208       944776
     1889552            4        5668.367     15116416      1889552
     1889552            8        9428.760     30232832      3779104
     1889552           16       17104.009     60465664      7558208
     1889552           32       32352.858    120931328     15116416
     1889552           64       63160.963    241862656     30232832
     1889552          128      126104.316    483725312     60465664
     1889552          256      246927.246    967450624    120931328
     1889552          512      492266.699   1934901248    241862656
     2078496            1        1473.699      4156992       519624
     2078496            2        4224.409      8313984      1039248
     2078496            4        6524.568     16627968      2078496
     2078496            8       10809.940     33255936      4156992
     2078496           16       19395.796     66511872      8313984
     2078496           32       37067.803    133023744     16627968
     2078496           64       71500.652    266047488     33255936
     2078496          128      140663.574    532094976     66511872
     2078496          256      275595.837   1064189952    133023744
     2078496          512      537216.968   2128379904    266047488
     2286336            1        1817.401      4572672       571584
     2286336            2        4756.963      9145344      1143168
     2286336            4        7177.843     18290688      2286336
     2286336            8       11952.603     36581376      4572672
     2286336           16       21485.122     73162752      9145344
     2286336           32       40100.773    146325504     18290688
     2286336           64       78376.978    292651008     36581376
     2286336          128      153726.652    585302016     73162752
     2286336          256      306741.087   1170604032    146325504
     2514960            1        2067.696      5029920       628740
     2514960            2        5320.627     10059840      1257480
     2514960            4        7923.192     20119680      2514960
     2514960            8       13020.894     40239360      5029920
     2514960           16       23455.280     80478720     10059840
     2514960           32       44545.405    160957440     20119680
     2514960           64       86919.686    321914880     40239360
     2514960          128      169754.091    643829760     80478720
     2514960          256      335538.937   1287659520    160957440
     2766448            1        2140.364      5532896       691612
     2766448            2        5809.311     11065792      1383224
     2766448            4        8640.894     22131584      2766448
     2766448            8       14401.463     44263168      5532896
     2766448           16       26224.067     88526336     11065792
     2766448           32       49244.144    177052672     22131584
     2766448           64       95193.171    354105344     44263168
     2766448          128      185838.732    708210688     88526336
     2766448          256      346334.654   1416421376    177052672
     3043088            1        2242.121      6086176       760772
     3043088            2        5526.905     12172352      1521544
     3043088            4        8321.264     24344704      3043088
     3043088            8       13754.707     48689408      6086176
     3043088           16       25080.183     97378816     12172352
     3043088           32       47979.297    194757632     24344704
     3043088           64       99713.432    389515264     48689408
     3043088          128      194107.773    779030528     97378816
     3043088          256      383218.009   1558061056    194757632
     3347392            1        2745.008      6694784       836848
     3347392            2        6755.882     13389568      1673696
     3347392            4        9823.740     26779136      3347392
     3347392            8       16510.752     53558272      6694784
     3347392           16       29429.886    107116544     13389568
     3347392           32       56848.372    214233088     26779136
     3347392           64      108066.992    428466176     53558272
     3347392          128      211118.484    856932352    107116544
     3347392          256      408254.004   1713864704    214233088
     3682128            1        2803.507      7364256       920532
     3682128            2        6421.234     14728512      1841064
     3682128            4        9707.647     29457024      3682128
     3682128            8       16017.809     58914048      7364256
     3682128           16       29477.072    117828096     14728512
     3682128           32       57433.705    235656192     29457024
     3682128           64      112063.940    471312384     58914048
     3682128          128      234415.227    942624768    117828096
     3682128          256      462188.422   1885249536    235656192
     4050336            1        3500.080      8100672      1012584
     4050336            2        7889.525     16201344      2025168
     4050336            4       12064.748     32402688      4050336
     4050336            8       21534.565     64805376      8100672
     4050336           16       35972.325    129610752     16201344
     4050336           32       66507.244    259221504     32402688
     4050336           64      133874.522    518443008     64805376
     4050336          128      251965.730   1036886016    129610752
     4050336          256      476949.510   2073772032    259221504
     4455360            1        3539.097      8910720      1113840
     4455360            2        7962.303     17821440      2227680
     4455360            4       11660.807     35642880      4455360
     4455360            8       20021.886     71285760      8910720
     4455360           16       35970.732    142571520     17821440
     4455360           32       68942.289    285143040     35642880
     4455360           64      132620.488    570286080     71285760
     4455360          128      265167.642   1140572160    142571520
     4900896            1        4197.651      9801792      1225224
     4900896            2       10171.812     19603584      2450448
     4900896            4       12391.286     39207168      4900896
     4900896            8       18412.262     78414336      9801792
     4900896           16       33747.611    156828672     19603584
     4900896           32       73164.235    313657344     39207168
     4900896           64      144518.738    627314688     78414336
     4900896          128      302439.347   1254629376    156828672
     5390976            1        4820.148     10781952      1347744
     5390976            2       10845.050     21563904      2695488
     5390976            4       15759.346     43127808      5390976
     5390976            8       26054.936     86255616     10781952
     5390976           16       47487.224    172511232     21563904
     5390976           32       85684.390    345022464     43127808
     5390976           64      164151.586    690044928     86255616
     5390976          128      321750.234   1380089856    172511232
     5930064            1        4153.818     11860128      1482516
     5930064            2        9083.798     23720256      2965032
     5930064            4       13828.613     47440512      5930064
     5930064            8       22371.840     94881024     11860128
     5930064           16       41308.488    189762048     23720256
     5930064           32       91581.293    379524096     47440512
     5930064           64      191273.128    759048192     94881024
     5930064          128      379194.343   1518096384    189762048
     6523056            1        5955.181     13046112      1630764
     6523056            2       12915.949     26092224      3261528
     6523056            4       19797.719     52184448      6523056
     6523056            8       32474.560    104368896     13046112
     6523056           16       56510.558    208737792     26092224
     6523056           32      108384.912    417475584     52184448
     6523056           64      209405.408    834951168    104368896
     6523056          128      385102.170   1669902336    208737792
     7175360            1        6990.066     14350720      1793840
     7175360            2       15160.848     28701440      3587680
     7175360            4       22653.764     57402880      7175360
     7175360            8       37694.260    114805760     14350720
     7175360           16       67668.626    229611520     28701440
     7175360           32      128000.131    459223040     57402880
     7175360           64      250184.600    918446080    114805760
     7175360          128      489773.019   1836892160    229611520
     7892896            1        7781.617     15785792      1973224
     7892896            2       16981.137     31571584      3946448
     7892896            4       25223.254     63143168      7892896
     7892896            8       41688.801    126286336     15785792
     7892896           16       74913.410    252572672     31571584
     7892896           32      142076.113    505145344     63143168
     7892896           64      275276.185   1010290688    126286336
     7892896          128      534649.638   2020581376    252572672
     8682176            1        8548.411     17364352      2170544
     8682176            2       18235.763     34728704      4341088
     8682176            4       27407.560     69457408      8682176
     8682176            8       45984.487    138914816     17364352
     8682176           16       82223.124    277829632     34728704
     8682176           32      155119.781    555659264     69457408
     8682176           64      302641.447   1111318528    138914816
     9550384            1        8954.984     19100768      2387596
     9550384            2       20840.641     38201536      4775192
     9550384            4       29779.236     76403072      9550384
     9550384            8       50436.655    152806144     19100768
     9550384           16       90810.349    305612288     38201536
     9550384           32      171408.718    611224576     76403072
     9550384           64      321802.278   1222449152    152806144
    10505408            1        9833.147     21010816      2626352
    10505408            2       20651.734     42021632      5252704
    10505408            4       30668.177     84043264     10505408
    10505408            8       51868.556    168086528     21010816
    10505408           16       91974.714    336173056     42021632
    10505408           32      177909.581    672346112     84043264
    10505408           64      366487.508   1344692224    168086528
    11555936            1       10889.476     23111872      2888984
    11555936            2       23712.296     46223744      5777968
    11555936            4       37454.408     92447488     11555936
    11555936            8       60831.039    184894976     23111872
    11555936           16      110393.624    369789952     46223744
    11555936           32      194540.681    739579904     92447488
    11555936           64      373726.701   1479159808    184894976
    12711520            1       11852.416     25423040      3177880
    12711520            2       24650.403     50846080      6355760
    12711520            4       37298.760    101692160     12711520
    12711520            8       62666.346    203384320     25423040
    12711520           16      111844.320    406768640     50846080
    12711520           32      213517.050    813537280    101692160
    12711520           64      410468.850   1627074560    203384320
    13982672            1       12219.619     27965344      3495668
    13982672            2       25583.214     55930688      6991336
    13982672            4       40504.766    111861376     13982672
    13982672            8       68652.544    223722752     27965344
    13982672           16      123602.773    447445504     55930688
    13982672           32      233142.232    894891008    111861376
    13982672           64      452949.513   1789782016    223722752
    15380928            1       15427.161     30761856      3845232
    15380928            2       32499.705     61523712      7690464
    15380928            4       48906.011    123047424     15380928
    15380928            8       82262.288    246094848     30761856
    15380928           16      145636.260    492189696     61523712
    15380928           32      275029.287    984379392    123047424
    15380928           64      529132.100   1968758784    246094848
    16919008            1       17319.154     33838016      4229752
    16919008            2       35733.395     67676032      8459504
    16919008            4       53805.824    135352064     16919008
    16919008            8       89238.463    270704128     33838016
    16919008           16      161633.565    541408256     67676032
    16919008           32      303106.008   1082816512    135352064
    18610896            1       19075.572     37221792      4652724
    18610896            2       39596.269     74443584      9305448
    18610896            4       59249.877    148887168     18610896
    18610896            8       97979.798    297774336     37221792
    18610896           16      176942.282    595548672     74443584
    18610896           32      330304.657   1191097344    148887168
    20471984            1       21226.749     40943968      5117996
    20471984            2       43816.808     81887936     10235992
    20471984            4       66146.256    163775872     20471984
    20471984            8      111462.724    327551744     40943968
    20471984           16      194663.081    655103488     81887936
    20471984           32      366215.662   1310206976    163775872
    22519168            1       22417.838     45038336      5629792
    22519168            2       47249.554     90076672     11259584
    22519168            4       71875.531    180153344     22519168
    22519168            8      118826.622    360306688     45038336
    22519168           16      214084.114    720613376     90076672
    22519168           32      405357.578   1441226752    180153344
    24771072            1       26003.452     49542144      6192768
    24771072            2       52672.107     99084288     12385536
    24771072            4       79789.868    198168576     24771072
    24771072            8      131128.795    396337152     49542144
    24771072           16      235834.249    792674304     99084288
    24771072           32      448269.663   1585348608    198168576
    27248176            1       28754.608     54496352      6812044
    27248176            2       59895.836    108992704     13624088
    27248176            4       87422.208    217985408     27248176
    27248176            8      145894.105    435970816     54496352
    27248176           16      261012.018    871941632    108992704
    27248176           32      491611.784   1743883264    217985408
    29972992            1       31436.912     59945984      7493248
    29972992            2       64929.297    119891968     14986496
    29972992            4       97205.002    239783936     29972992
    29972992            8      158280.999    479567872     59945984
    29972992           16      287722.354    959135744    119891968
    29972992           32      541595.268   1918271488    239783936
    32970288            1       34646.528     65940576      8242572
    32970288            2       72633.248    131881152     16485144
    32970288            4      105948.670    263762304     32970288
    32970288            8      175704.226    527524608     65940576
    32970288           16      314899.337   1055049216    131881152
    32970288           32      570830.351   2110098432    263762304
    36267312            1       34996.119     72534624      9066828
    36267312            2       74265.741    145069248     18133656
    36267312            4      116474.701    290138496     36267312
    36267312            8      195557.996    580276992     72534624
    36267312           16      360333.246   1160553984    145069248
    39894032            1       42306.498     79788064      9973508
    39894032            2       85504.880    159576128     19947016
    39894032            4      124680.131    319152256     39894032
    39894032            8      214294.272    638304512     79788064
    39894032           16      381093.919   1276609024    159576128
    43883424            1       46447.517     87766848     10970856
    43883424            2       93710.625    175533696     21941712
    43883424            4      143337.389    351067392     43883424
    43883424            8      234306.819    702134784     87766848
    43883424           16      421944.048   1404269568    175533696
    48271760            1       50564.779     96543520     12067940
    48271760            2      104509.173    193087040     24135880
    48271760            4      153740.124    386174080     48271760
    48271760            8      254117.833    772348160     96543520
    48271760           16      456493.685   1544696320    193087040
    53098928            1       55640.518    106197856     13274732
    53098928            2      117285.306    212395712     26549464
    53098928            4      172620.324    424791424     53098928
    53098928            8      272614.682    849582848    106197856
    53098928           16      498723.457   1699165696    212395712
    58408816            1       61058.125    116817632     14602204
    58408816            2      123579.930    233635264     29204408
    58408816            4      186006.584    467270528     58408816
    58408816            8      306672.413    934541056    116817632
    58408816           16      552779.107   1869082112    233635264
    64249696            1       64297.722    128499392     16062424
    64249696            2      130553.400    256998784     32124848
    64249696            4      196208.043    513997568     64249696
    64249696            8      323822.398   1027995136    128499392
    64249696           16      576947.895   2055990272    256998784
    70674656            1       71832.784    141349312     17668664
    70674656            2      150025.302    282698624     35337328
    70674656            4      224333.446    565397248     70674656
    70674656            8      371287.889   1130794496    141349312
    77742112            1       82133.927    155484224     19435528
    77742112            2      166314.495    310968448     38871056
    77742112            4      247804.813    621936896     77742112
    77742112            8      413548.179   1243873792    155484224
    85516320            1       90689.559    171032640     21379080
    85516320            2      184053.810    342065280     42758160
    85516320            4      272657.008    684130560     85516320
    85516320            8      450785.897   1368261120    171032640
    94067952            1       97738.307    188135904     23516988
    94067952            2      198010.290    376271808     47033976
    94067952            4      294984.674    752543616     94067952
    94067952            8      497711.574   1505087232    188135904
   103474736            1      104683.111    206949472     25868684
   103474736            2      217322.155    413898944     51737368
   103474736            4      331115.265    827797888    103474736
   103474736            8      542961.572   1655595776    206949472
   113822208            1      120606.917    227644416     28455552
   113822208            2      245626.685    455288832     56911104
   113822208            4      365125.366    910577664    113822208
   113822208            8      597012.255   1821155328    227644416
   125204416            1      129786.490    250408832     31301104
   125204416            2      270906.007    500817664     62602208
   125204416            4      400396.535   1001635328    125204416
   125204416            8      652060.507   2003270656    250408832
   137724848            1      143839.820    275449696     34431212
   137724848            2      297606.693    550899392     68862424
   137724848            4      443652.133   1101798784    137724848
   151497328            1      160339.658    302994656     37874332
   151497328            2      328352.750    605989312     75748664
   151497328            4      481696.106   1211978624    151497328
   166647056            1      183006.677    333294112     41661764
   166647056            2      367249.237    666588224     83323528
   166647056            4      537880.278   1333176448    166647056
   183311760            1      199655.441    366623520     45827940
   183311760            2      400027.360    733247040     91655880
   183311760            4      585483.543   1466494080    183311760
   201642928            1      217857.309    403285856     50410732
   201642928            2      436853.280    806571712    100821464
   201642928            4      640498.925   1613143424    201642928
   221807216            1      237761.115    443614432     55451804
   221807216            2      476753.945    887228864    110903608
   221807216            4      697322.001   1774457728    221807216
   243987936            1      263208.156    487975872     60996984
   243987936            2      520092.580    975951744    121993968
   243987936            4      763499.000   1951903488    243987936
   268386720            1      288607.790    536773440     67096680
   268386720            2      585523.583   1073546880    134193360
   268386720            4      856784.849   2147093760    268386720
   295225392            1      323206.479    590450784     73806348
   295225392            2      645275.942   1180901568    147612696
   324747920            1      351796.803    649495840     81186980
   324747920            2      701048.818   1298991680    162373960
   357222704            1      390246.697    714445408     89305676
   357222704            2      779571.229   1428890816    178611352
   392944960            1      418372.188    785889920     98236240
   392944960            2      845638.153   1571779840    196472480
   432239456            1      459989.310    864478912    108059864
   432239456            2      896721.528   1728957824    216119728
   475463392            1      509242.138    950926784    118865848
   475463392            2     1014192.457   1901853568    237731696
   523009728            1      559167.629   1046019456    130752432
   523009728            2     1115988.859   2092038912    261504864
   575310688            1      612434.569   1150621376    143827672
   632841744            1      694319.168   1265683488    158210436
   696125904            1      742072.669   1392251808    174031476
   765738480            1      814835.249   1531476960    191434620
   842312320            1      917009.630   1684624640    210578080
   926543552            1      991104.759   1853087104    231635888
  1019197904            1     1089377.081   2038395808    254799476

META_DATA
FLOPS          2
OPENMP_THREADS 2
ERT_VERSION  1.1.0
HOSTNAME  ('raspi', [], ['127.0.1.1'])
UNAME  uname_result(system='Linux', node='raspi', release='6.1.21-v8+', version='#1642 SMP PREEMPT Mon Apr  3 17:24:16 BST 2023', machine='aarch64')
TIMESTAMP_DATA  1765911267.5852778
CONFIG  {'ERT_MPI': ['False'], 'ERT_OPENMP': ['True'], 'ERT_OPENMP_CFLAGS': ['-fopenmp'], 'ERT_OPENMP_LDFLAGS': ['-fopenmp'], 'ERT_PRECISION': ['FP64'], 'ERT_TRIALS_MIN': ['1'], 'ERT_TRIALS': ['3', '#', 'Run', 'each', 'test', '3', 'times', 'to', 'filter', 'out', 'background', 'noise'], 'ERT_RESULTS': ['Results/Raspi'], 'ERT_GNUPLOT': ['gnuplot'], 'ERT_DRIVER': ['driver1'], 'ERT_KERNEL': ['kernel1'], 'ERT_CC': ['g++'], 'ERT_LD': ['g++'], 'ERT_CFLAGS': ['-O3', '-march=native', '-fopenmp', '-fstrict-aliasing', '-funroll-loops', '-Wno-all'], 'ERT_LDFLAGS': ['-O3', '-march=native', '-fopenmp'], 'ERT_LDLIBS': ['-lm'], 'ERT_RUN': ['export', 'OMP_NUM_THREADS=ERT_OPENMP_THREADS;', './ERT_CODE'], 'ERT_WORKING_SET_MIN': ['128'], 'ERT_MEMORY_MAX': ['1073741824'], 'ERT_ALIGN': ['64'], 'ERT_MIN_PROCS': ['1'], 'ERT_MAX_PROCS': ['1'], 'ERT_OPENMP_THREADS': ['1,2,4', '#', 'Logical', 'Threads'], 'ERT_NUM_EXPERIMENTS': ['3'], 'ERT_FLOPS': ['1,2,4'], 'ERT_GPU': [False], 'ERT_HIP': [False], 'ERT_OCL': [False], 'ERT_SYCL': [False], 'ERT_WSS_MULT': [1.1]}
