fp64
        8192            1           0.825        16384         4096
        8192            2           6.142        32768         8192
        8192            4           1.558        65536        16384
        8192            8           1.558       131072        32768
        8192           16           0.459       262144        65536
        8192           32           0.733       524288       131072
        8192           64           1.100      1048576       262144
        8192          128           2.475      2097152       524288
        8192          256           4.216      4194304      1048576
        8192          512           8.433      8388608      2097152
        8192         1024          23.742     16777216      4194304
        8192         2048          35.750     33554432      8388608
        8192         4096          67.925     67108864     16777216
        8192         8192         139.700    134217728     33554432
        8192        16384         271.884    268435456     67108864
        8192        32768         501.783    536870912    134217728
        8192        65536        1004.391   1073741824    268435456
        8192       131072        1827.834   2147483648    536870912
        8960            1          29.425        17920         4480
        8960            2           1.100        35840         8960
        8960            4           0.458        71680        17920
        8960            8           0.367       143360        35840
        8960           16           0.367       286720        71680
        8960           32           0.825       573440       143360
        8960           64           1.283      1146880       286720
        8960          128           2.566      2293760       573440
        8960          256           4.675      4587520      1146880
        8960          512           9.625      9175040      2293760
        8960         1024          19.067     18350080      4587520
        8960         2048          38.041     36700160      9175040
        8960         4096          85.984     73400320     18350080
        8960         8192         152.991    146800640     36700160
        8960        16384         324.775    293601280     73400320
        8960        32768         607.842    587202560    146800640
        8960        65536        1179.109   1174405120    293601280
        9856            1          64.166        19712         4928
        9856            2           0.367        39424         9856
        9856            4           0.367        78848        19712
        9856            8           0.458       157696        39424
        9856           16           0.458       315392        78848
        9856           32           0.825       630784       157696
        9856           64           1.466      1261568       315392
        9856          128           2.750      2523136       630784
        9856          256           5.591      5046272      1261568
        9856          512          10.725     10092544      2523136
        9856         1024          21.175     20185088      5046272
        9856         2048          42.167     40370176     10092544
        9856         4096          92.125     80740352     20185088
        9856         8192         169.033    161480704     40370176
        9856        16384         337.792    322961408     80740352
        9856        32768         675.583    645922816    161480704
        9856        65536        1275.267   1291845632    322961408
       10816            1          57.658        21632         5408
       10816            2           8.066        43264        10816
       10816            4           0.367        86528        21632
       10816            8           0.366       173056        43264
       10816           16           0.458       346112        86528
       10816           32           0.825       692224       173056
       10816           64           1.558      1384448       346112
       10816          128           3.116      2768896       692224
       10816          256           5.683      5537792      1384448
       10816          512          36.116     11075584      2768896
       10816         1024          43.542     22151168      5537792
       10816         2048          54.725     44302336     11075584
       10816         4096         132.367     88604672     22151168
       10816         8192         196.717    177209344     44302336
       10816        16384         478.134    354418688     88604672
       10816        32768         767.617    708837376    177209344
       10816        65536        1537.525   1417674752    354418688
       11840            1          55.458        23680         5920
       11840            2           0.458        47360        11840
       11840            4           0.367        94720        23680
       11840            8           0.458       189440        47360
       11840           16           0.641       378880        94720
       11840           32           1.100       757760       189440
       11840           64           1.925      1515520       378880
       11840          128           9.625      3031040       757760
       11840          256          14.942      6062080      1515520
       11840          512          13.658     12124160      3031040
       11840         1024          27.408     24248320      6062080
       11840         2048          54.175     48496640     12124160
       11840         4096         108.442     96993280     24248320
       11840         8192         231.825    193986560     48496640
       11840        16384         421.575    387973120     96993280
       11840        32768         840.858    775946240    193986560
       11840        65536        1533.308   1551892480    387973120
       12992            1          17.600        25984         6496
       12992            2           0.367        51968        12992
       12992            4           0.367       103936        25984
       12992            8           0.367       207872        51968
       12992           16           0.550       415744       103936
       12992           32           1.008       831488       207872
       12992           64           1.650      1662976       415744
       12992          128           3.209      3325952       831488
       12992          256           6.416      6651904      1662976
       12992          512          24.567     13303808      3325952
       12992         1024          25.117     26607616      6651904
       12992         2048          60.500     53215232     13303808
       12992         4096         105.966    106430464     26607616
       12992         8192         225.408    212860928     53215232
       12992        16384         484.000    425721856    106430464
       12992        32768         935.825    851443712    212860928
       12992        65536        1620.300   1702887424    425721856
       14272            1          26.675        28544         7136
       14272            2           0.641        57088        14272
       14272            4           0.458       114176        28544
       14272            8           6.875       228352        57088
       14272           16           0.825       456704       114176
       14272           32           1.191       913408       228352
       14272           64           2.200      1826816       456704
       14272          128           4.217      3653632       913408
       14272          256           8.250      7307264      1826816
       14272          512          20.533     14614528      3653632
       14272         1024          32.267     29229056      7307264
       14272         2048          64.625     58458112     14614528
       14272         4096         128.517    116916224     29229056
       14272         8192         259.050    233832448     58458112
       14272        16384         509.300    467664896    116916224
       14272        32768         974.875    935329792    233832448
       14272        65536        1908.775   1870659584    467664896
       15680            1          51.975        31360         7840
       15680            2           0.459        62720        15680
       15680            4           0.367       125440        31360
       15680            8           0.550       250880        62720
       15680           16           0.734       501760       125440
       15680           32           1.283      1003520       250880
       15680           64           2.383      2007040       501760
       15680          128           4.400      4014080      1003520
       15680          256           8.617      8028160      2007040
       15680          512          19.342     16056320      4014080
       15680         1024          33.367     32112640      8028160
       15680         2048          66.183     64225280     16056320
       15680         4096         132.000    128450560     32112640
       15680         8192         284.808    256901120     64225280
       15680        16384         528.733    513802240    128450560
       15680        32768        1034.641   1027604480    256901120
       15680        65536        2005.667   2055208960    513802240
       17216            1          39.142        34432         8608
       17216            2           0.550        68864        17216
       17216            4           0.459       137728        34432
       17216            8           0.550       275456        68864
       17216           16           0.917       550912       137728
       17216           32           1.375      1101824       275456
       17216           64           2.658      2203648       550912
       17216          128           3.850      4407296      1101824
       17216          256          14.666      8814592      2203648
       17216          512          22.733     17629184      4407296
       17216         1024          41.434     35258368      8814592
       17216         2048          81.125     70516736     17629184
       17216         4096         162.342    141033472     35258368
       17216         8192         306.808    282066944     70516736
       17216        16384         605.275    564133888    141033472
       17216        32768        1148.950   1128267776    282066944
       18880            1           1.467        37760         9440
       18880            2          66.458        75520        18880
       18880            4           0.550       151040        37760
       18880            8           0.550       302080        75520
       18880           16           0.917       604160       151040
       18880           32           1.466      1208320       302080
       18880           64           2.566      2416640       604160
       18880          128           5.500      4833280      1208320
       18880          256          10.450      9666560      2416640
       18880          512          21.083     19333120      4833280
       18880         1024          42.075     38666240      9666560
       18880         2048          78.925     77332480     19333120
       18880         4096         157.758    154664960     38666240
       18880         8192         329.450    309329920     77332480
       18880        16384         778.984    618659840    154664960
       18880        32768        1254.550   1237319680    309329920
       20736            1          62.242        41472        10368
       20736            2           3.025        82944        20736
       20736            4           0.367       165888        41472
       20736            8           0.459       331776        82944
       20736           16           0.825       663552       165888
       20736           32           1.559      1327104       331776
       20736           64           2.933      2654208       663552
       20736          128           5.775      5308416      1327104
       20736          256          17.966     10616832      2654208
       20736          512          24.842     21233664      5308416
       20736         1024          44.917     42467328     10616832
       20736         2048          89.467     84934656     21233664
       20736         4096         203.591    169869312     42467328
       20736         8192         331.375    339738624     84934656
       20736        16384         665.592    679477248    169869312
       20736        32768        1322.109   1358954496    339738624
       22784            1          47.025        45568        11392
       22784            2           4.400        91136        22784
       22784            4           5.133       182272        45568
       22784            8           0.550       364544        91136
       22784           16           0.825       729088       182272
       22784           32           1.467      1458176       364544
       22784           64           2.750      2916352       729088
       22784          128           5.316      5832704      1458176
       22784          256          10.541     11665408      2916352
       22784          512          20.808     23330816      5832704
       22784         1024          41.433     46661632     11665408
       22784         2048          82.683     93323264     23330816
       22784         4096         164.908    186646528     46661632
       22784         8192         328.716    373293056     93323264
       22784        16384         683.650    746586112    186646528
       22784        32768        1448.884   1493172224    373293056
       25024            1          45.650        50048        12512
       25024            2           0.458       100096        25024
       25024            4           5.500       200192        50048
       25024            8           0.550       400384       100096
       25024           16           1.100       800768       200192
       25024           32           2.200      1601536       400384
       25024           64           3.850      3203072       800768
       25024          128           7.241      6406144      1601536
       25024          256          13.750     12812288      3203072
       25024          512          30.433     25624576      6406144
       25024         1024          58.758     51249152     12812288
       25024         2048         110.459    102498304     25624576
       25024         4096         224.216    204996608     51249152
       25024         8192         459.525    409993216    102498304
       25024        16384         830.041    819986432    204996608
       25024        32768        1635.883   1639972864    409993216
       27520            1          49.408        55040        13760
       27520            2           0.458       110080        27520
       27520            4           0.366       220160        55040
       27520            8           0.733       440320       110080
       27520           16           1.192       880640       220160
       27520           32           2.017      1761280       440320
       27520           64           3.850      3522560       880640
       27520          128           7.700      7045120      1761280
       27520          256          18.608     14090240      3522560
       27520          512          29.791     28180480      7045120
       27520         1024          59.125     56360960     14090240
       27520         2048         120.542    112721920     28180480
       27520         4096         235.400    225443840     56360960
       27520         8192         467.958    450887680    112721920
       27520        16384         856.716    901775360    225443840
       27520        32768        1713.800   1803550720    450887680
       30272            1          40.700        60544        15136
       30272            2           0.550       121088        30272
       30272            4           0.458       242176        60544
       30272            8           0.734       484352       121088
       30272           16           1.192       968704       242176
       30272           32           2.292      1937408       484352
       30272           64           4.217      3874816       968704
       30272          128           8.342      7749632      1937408
       30272          256          23.833     15499264      3874816
       30272          512          32.358     30998528      7749632
       30272         1024          64.625     61997056     15499264
       30272         2048         129.525    123994112     30998528
       30272         4096         264.550    247988224     61997056
       30272         8192         437.342    495976448    123994112
       30272        16384         891.917    991952896    247988224
       30272        32768        1758.258   1983905792    495976448
       33280            1           1.192        66560        16640
       33280            2           5.684       133120        33280
       33280            4           5.134       266240        66560
       33280            8           1.100       532480       133120
       33280           16           1.375      1064960       266240
       33280           32           2.475      2129920       532480
       33280           64           4.675      4259840      1064960
       33280          128           9.075      8519680      2129920
       33280          256          17.783     17039360      4259840
       33280          512          35.567     34078720      8519680
       33280         1024          74.617     68157440     17039360
       33280         2048         141.075    136314880     34078720
       33280         4096         316.984    272629760     68157440
       33280         8192         613.800    545259520    136314880
       33280        16384        1098.075   1090519040    272629760
       36608            1          39.417        73216        18304
       36608            2           5.592       146432        36608
       36608            4           0.642       292864        73216
       36608            8           0.825       585728       146432
       36608           16           1.467      1171456       292864
       36608           32           2.566      2342912       585728
       36608           64           4.858      4685824      1171456
       36608          128          10.541      9371648      2342912
       36608          256          18.791     18743296      4685824
       36608          512          36.942     37486592      9371648
       36608         1024          79.750     74973184     18743296
       36608         2048         146.758    149946368     37486592
       36608         4096         308.092    299892736     74973184
       36608         8192         592.533    599785472    149946368
       36608        16384        1182.500   1199570944    299892736
       40256            1          47.391        80512        20128
       40256            2           3.117       161024        40256
       40256            4           6.142       322048        80512
       40256            8           1.008       644096       161024
       40256           16           1.834      1288192       322048
       40256           32           3.208      2576384       644096
       40256           64           5.775      5152768      1288192
       40256          128          15.858     10305536      2576384
       40256          256          22.733     20611072      5152768
       40256          512          46.108     41222144     10305536
       40256         1024          91.300     82444288     20611072
       40256         2048         189.567    164888576     41222144
       40256         4096         338.250    329777152     82444288
       40256         8192         644.050    659554304    164888576
       40256        16384        1365.741   1319108608    329777152
       44224            1          22.825        88448        22112
       44224            2           0.458       176896        44224
       44224            4           0.642       353792        88448
       44224            8           0.917       707584       176896
       44224           16           1.925      1415168       353792
       44224           32           3.208      2830336       707584
       44224           64           6.325      5660672      1415168
       44224          128          12.742     11321344      2830336
       44224          256          25.300     22642688      5660672
       44224          512          49.317     45285376     11321344
       44224         1024         152.625     90570752     22642688
       44224         2048         207.533    181141504     45285376
       44224         4096         395.909    362283008     90570752
       44224         8192         681.725    724566016    181141504
       44224        16384        1455.026   1449132032    362283008
       48640            1          41.525        97280        24320
       48640            2           6.417       194560        48640
       48640            4           0.825       389120        97280
       48640            8           1.192       778240       194560
       48640           16           1.925      1556480       389120
       48640           32           3.575      3112960       778240
       48640           64           6.692      6225920      1556480
       48640          128          12.925     12451840      3112960
       48640          256          26.308     24903680      6225920
       48640          512          51.883     49807360     12451840
       48640         1024         107.709     99614720     24903680
       48640         2048         212.483    199229440     49807360
       48640         4096         372.716    398458880     99614720
       48640         8192         754.966    796917760    199229440
       48640        16384        1411.666   1593835520    398458880
       53504            1          50.142       107008        26752
       53504            2           3.300       214016        53504
       53504            4           0.734       428032       107008
       53504            8           1.008       856064       214016
       53504           16           6.783      1712128       428032
       53504           32           3.575      3424256       856064
       53504           64           6.234      6848512      1712128
       53504          128          12.284     13697024      3424256
       53504          256          24.200     27394048      6848512
       53504          512          51.608     54788096     13697024
       53504         1024          96.066    109576192     27394048
       53504         2048         218.167    219152384     54788096
       53504         4096         429.641    438304768    109576192
       53504         8192         839.851    876609536    219152384
       53504        16384        1611.042   1753219072    438304768
       58816            1          14.117       117632        29408
       58816            2           1.925       235264        58816
       58816            4           0.916       470528       117632
       58816            8           1.100       941056       235264
       58816           16           1.925      1882112       470528
       58816           32           3.484      3764224       941056
       58816           64          15.859      7528448      1882112
       58816          128          13.292     15056896      3764224
       58816          256          26.859     30113792      7528448
       58816          512          58.941     60227584     15056896
       58816         1024         106.975    120455168     30113792
       58816         2048         213.950    240910336     60227584
       58816         4096         481.617    481820672    120455168
       58816         8192         960.392    963641344    240910336
       58816        16384        1842.408   1927282688    481820672
       64640            1           7.058       129280        32320
       64640            2           4.125       258560        64640
       64640            4           0.917       517120       129280
       64640            8           1.283      1034240       258560
       64640           16           2.017      2068480       517120
       64640           32           4.491      4136960      1034240
       64640           64           7.975      8273920      2068480
       64640          128          16.317     16547840      4136960
       64640          256          32.175     33095680      8273920
       64640          512          71.683     66191360     16547840
       64640         1024         128.700    132382720     33095680
       64640         2048         256.758    264765440     66191360
       64640         4096         518.192    529530880    132382720
       64640         8192         998.250   1059061760    264765440
       64640        16384        1935.450   2118123520    529530880
       71104            1           3.300       142208        35552
       71104            2           6.967       284416        71104
       71104            4           1.742       568832       142208
       71104            8           1.375      1137664       284416
       71104           16           2.842      2275328       568832
       71104           32           4.950      4550656      1137664
       71104           64           9.717      9101312      2275328
       71104          128          19.342     18202624      4550656
       71104          256          38.683     36405248      9101312
       71104          512          81.400     72810496     18202624
       71104         1024         161.425    145620992     36405248
       71104         2048         290.767    291241984     72810496
       71104         4096         574.383    582483968    145620992
       71104         8192        1163.066   1164967936    291241984
       78208            1          18.608       156416        39104
       78208            2           7.059       312832        78208
       78208            4           8.158       625664       156416
       78208            8           1.284      1251328       312832
       78208           16           2.659      2502656       625664
       78208           32           5.133      5005312      1251328
       78208           64          20.167     10010624      2502656
       78208          128          20.167     20021248      5005312
       78208          256          39.233     40042496     10010624
       78208          512          78.834     80084992     20021248
       78208         1024         157.117    160169984     40042496
       78208         2048         313.408    320339968     80084992
       78208         4096         658.166    640679936    160169984
       78208         8192        1293.325   1281359872    320339968
       86016            1          15.125       172032        43008
       86016            2           6.050       344064        86016
       86016            4           1.100       688128       172032
       86016            8           1.650      1376256       344064
       86016           16           3.025      2752512       688128
       86016           32           5.958      5505024      1376256
       86016           64          19.617     11010048      2752512
       86016          128          21.817     22020096      5505024
       86016          256          48.583     44040192     11010048
       86016          512          89.741     88080384     22020096
       86016         1024         177.925    176160768     44040192
       86016         2048         349.250    352321536     88080384
       86016         4096         698.042    704643072    176160768
       86016         8192        1327.884   1409286144    352321536
       94592            1          11.825       189184        47296
       94592            2           2.750       378368        94592
       94592            4           1.283       756736       189184
       94592            8           1.741      1513472       378368
       94592           16           3.300      3026944       756736
       94592           32           6.875      6053888      1513472
       94592           64          11.733     12107776      3026944
       94592          128          28.416     24215552      6053888
       94592          256          48.492     48431104     12107776
       94592          512         108.534     96862208     24215552
       94592         1024         186.267    193724416     48431104
       94592         2048         385.184    387448832     96862208
       94592         4096         735.258    774897664    193724416
       94592         8192        1557.508   1549795328    387448832
      104000            1          54.267       208000        52000
      104000            2           3.116       416000       104000
      104000            4           1.375       832000       208000
      104000            8           2.200      1664000       416000
      104000           16           3.942      3328000       832000
      104000           32           7.609      6656000      1664000
      104000           64          14.483     13312000      3328000
      104000          128          29.058     26624000      6656000
      104000          256          68.016     53248000     13312000
      104000          512         119.167    106496000     26624000
      104000         1024         226.784    212992000     53248000
      104000         2048         453.200    425984000    106496000
      104000         4096         858.183    851968000    212992000
      104000         8192        1625.525   1703936000    425984000
      114368            1          60.133       228736        57184
      114368            2          11.366       457472       114368
      114368            4           4.492       914944       228736
      114368            8           2.200      1829888       457472
      114368           16           3.941      3659776       914944
      114368           32           8.433      7319552      1829888
      114368           64          15.767     14639104      3659776
      114368          128          31.166     29278208      7319552
      114368          256          62.975     58556416     14639104
      114368          512         129.709    117112832     29278208
      114368         1024         239.984    234225664     58556416
      114368         2048         465.666    468451328    117112832
      114368         4096         908.141    936902656    234225664
      114368         8192        1802.716   1873805312    468451328
      125760            1          17.325       251520        62880
      125760            2           0.734       503040       125760
      125760            4           6.784      1006080       251520
      125760            8           8.708      2012160       503040
      125760           16           2.842      4024320      1006080
      125760           32           8.800      8048640      2012160
      125760           64          17.050     16097280      4024320
      125760          128          40.700     32194560      8048640
      125760          256          72.416     64389120     16097280
      125760          512         133.742    128778240     32194560
      125760         1024         272.250    257556480     64389120
      125760         2048         551.558    515112960    128778240
      125760         4096        1076.991   1030225920    257556480
      125760         8192        2055.259   2060451840    515112960
      138304            1          25.392       276608        69152
      138304            2           0.917       553216       138304
      138304            4           1.467      1106432       276608
      138304            8           2.567      2212864       553216
      138304           16           5.041      4425728      1106432
      138304           32           9.442      8851456      2212864
      138304           64          25.483     17702912      4425728
      138304          128          40.883     35405824      8851456
      138304          256          72.234     70811648     17702912
      138304          512         142.083    141623296     35405824
      138304         1024         283.892    283246592     70811648
      138304         2048         577.958    566493184    141623296
      138304         4096        1207.525   1132986368    283246592
      152128            1          21.725       304256        76064
      152128            2           2.108       608512       152128
      152128            4           2.017      1217024       304256
      152128            8           3.667      2434048       608512
      152128           16           6.417      4868096      1217024
      152128           32          12.375      9736192      2434048
      152128           64          24.934     19472384      4868096
      152128          128          52.433     38944768      9736192
      152128          256          92.308     77889536     19472384
      152128          512         182.784    155779072     38944768
      152128         1024         368.500    311558144     77889536
      152128         2048         757.075    623116288    155779072
      152128         4096        1492.425   1246232576    311558144
      167296            1          40.884       334592        83648
      167296            2           4.125       669184       167296
      167296            4           2.383      1338368       334592
      167296            8           4.033      2676736       669184
      167296           16           7.150      5353472      1338368
      167296           32          13.750     10706944      2676736
      167296           64          27.041     21413888      5353472
      167296          128          53.166     42827776     10706944
      167296          256         105.509     85655552     21413888
      167296          512         213.309    171311104     42827776
      167296         1024         455.217    342622208     85655552
      167296         2048         920.150    685244416    171311104
      167296         4096        1665.033   1370488832    342622208
      184000            1          65.633       368000        92000
      184000            2           1.284       736000       184000
      184000            4           2.383      1472000       368000
      184000            8           9.809      2944000       736000
      184000           16           9.075      5888000      1472000
      184000           32          15.400     11776000      2944000
      184000           64          30.250     23552000      5888000
      184000          128          60.592     47104000     11776000
      184000          256         120.633     94208000     23552000
      184000          512         240.716    188416000     47104000
      184000         1024         467.042    376832000     94208000
      184000         2048         940.042    753664000    188416000
      184000         4096        1826.550   1507328000    376832000
      202368            1          14.942       404736       101184
      202368            2           4.583       809472       202368
      202368            4           2.933      1618944       404736
      202368            8           4.858      3237888       809472
      202368           16           9.075      6475776      1618944
      202368           32          17.600     12951552      3237888
      202368           64          34.650     25903104      6475776
      202368          128          68.383     51806208     12951552
      202368          256         135.942    103612416     25903104
      202368          512         286.275    207224832     51806208
      202368         1024         582.908    414449664    103612416
      202368         2048        1084.141    828899328    207224832
      202368         4096        1887.417   1657798656    414449664
      222592            1           8.066       445184       111296
      222592            2           6.416       890368       222592
      222592            4           3.117      1780736       445184
      222592            8           5.867      3561472       890368
      222592           16          10.083      7122944      1780736
      222592           32          18.975     14245888      3561472
      222592           64          38.225     28491776      7122944
      222592          128          75.350     56983552     14245888
      222592          256         154.091    113967104     28491776
      222592          512         284.350    227934208     56983552
      222592         1024         594.000    455868416    113967104
      222592         2048        1130.250    911736832    227934208
      222592         4096        2280.391   1823473664    455868416
      244800            1          78.100       489600       122400
      244800            2           2.842       979200       244800
      244800            4           7.150      1958400       489600
      244800            8           7.425      3916800       979200
      244800           16          12.191      7833600      1958400
      244800           32          23.009     15667200      3916800
      244800           64          47.025     31334400      7833600
      244800          128          92.767     62668800     15667200
      244800          256         160.600    125337600     31334400
      244800          512         321.383    250675200     62668800
      244800         1024         614.166    501350400    125337600
      244800         2048        1173.242   1002700800    250675200
      244800         4096        2380.584   2005401600    501350400
      269248            1          76.633       538496       134624
      269248            2           3.117      1076992       269248
      269248            4           3.667      2153984       538496
      269248            8           5.592      4307968      1076992
      269248           16          14.025      8615936      2153984
      269248           32          22.091     17231872      4307968
      269248           64          43.084     34463744      8615936
      269248          128          85.433     68927488     17231872
      269248          256         169.308    137854976     34463744
      269248          512         343.108    275709952     68927488
      269248         1024         681.633    551419904    137854976
      269248         2048        1320.458   1102839808    275709952
      296128            1          82.958       592256       148064
      296128            2           2.475      1184512       296128
      296128            4           4.400      2369024       592256
      296128            8           7.700      4738048      1184512
      296128           16          14.025      9476096      2369024
      296128           32          27.592     18952192      4738048
      296128           64          52.616     37904384      9476096
      296128          128         103.583     75808768     18952192
      296128          256         209.642    151617536     37904384
      296128          512         390.317    303235072     75808768
      296128         1024         749.558    606470144    151617536
      296128         2048        1508.192   1212940288    303235072
      325696            1          51.058       651392       162848
      325696            2           8.342      1302784       325696
      325696            4           4.675      2605568       651392
      325696            8           8.159      5211136      1302784
      325696           16          14.667     10422272      2605568
      325696           32          28.417     20844544      5211136
      325696           64          55.642     41689088     10422272
      325696          128         114.400     83378176     20844544
      325696          256         218.350    166756352     41689088
      325696          512         443.300    333512704     83378176
      325696         1024         844.250    667025408    166756352
      325696         2048        1603.158   1334050816    333512704
      358208            1          52.708       716416       179104
      358208            2           6.233      1432832       358208
      358208            4           4.492      2865664       716416
      358208            8           7.517      5731328      1432832
      358208           16          17.142     11462656      2865664
      358208           32          26.492     22925312      5731328
      358208           64          50.967     45850624     11462656
      358208          128         100.925     91701248     22925312
      358208          256         201.300    183402496     45850624
      358208          512         411.858    366804992     91701248
      358208         1024         882.292    733609984    183402496
      358208         2048        1740.933   1467219968    366804992
      393984            1           2.842       787968       196992
      393984            2           3.850      1575936       393984
      393984            4          10.542      3151872       787968
      393984            8          10.633      6303744      1575936
      393984           16          18.883     12607488      3151872
      393984           32          36.666     25214976      6303744
      393984           64          71.959     50429952     12607488
      393984          128         146.208    100859904     25214976
      393984          256         244.108    201719808     50429952
      393984          512         469.975    403439616    100859904
      393984         1024         940.408    806879232    201719808
      393984         2048        1917.666   1613758464    403439616
      433344            1           3.941       866688       216672
      433344            2           6.600      1733376       433344
      433344            4           6.600      3466752       866688
      433344            8          10.816      6933504      1733376
      433344           16          23.467     13867008      3466752
      433344           32          37.308     27734016      6933504
      433344           64          68.934     55468032     13867008
      433344          128         136.400    110936064     27734016
      433344          256         271.609    221872128     55468032
      433344          512         549.450    443744256    110936064
      433344         1024        1118.242    887488512    221872128
      433344         2048        2209.441   1774977024    443744256
      476672            1          45.100       953344       238336
      476672            2           3.759      1906688       476672
      476672            4           6.050      3813376       953344
      476672            8          11.091      7626752      1906688
      476672           16          20.441     15253504      3813376
      476672           32          38.958     30507008      7626752
      476672           64          76.358     61014016     15253504
      476672          128         151.158    122028032     30507008
      476672          256         304.241    244056064     61014016
      476672          512         594.733    488112128    122028032
      476672         1024        1141.616    976224256    244056064
      476672         2048        2356.108   1952448512    488112128
      524288            1           8.617      1048576       262144
      524288            2           4.125      2097152       524288
      524288            4           7.058      4194304      1048576
      524288            8          12.192      8388608      2097152
      524288           16          22.459     16777216      4194304
      524288           32          42.808     33554432      8388608
      524288           64          83.967     67108864     16777216
      524288          128         165.734    134217728     33554432
      524288          256         340.634    268435456     67108864
      524288          512         703.267    536870912    134217728
      524288         1024        1327.150   1073741824    268435456
      524288         2048        2544.942   2147483648    536870912
      576704            1          60.866      1153408       288352
      576704            2           5.867      2306816       576704
      576704            4          13.383      4613632      1153408
      576704            8          13.750      9227264      2306816
      576704           16          25.391     18454528      4613632
      576704           32          48.767     36909056      9227264
      576704           64          95.700     73818112     18454528
      576704          128         195.709    147636224     36909056
      576704          256         391.692    295272448     73818112
      576704          512         724.350    590544896    147636224
      576704         1024        1441.091   1181089792    295272448
      634368            1           3.942      1268736       317184
      634368            2           5.867      2537472       634368
      634368            4           9.441      5074944      1268736
      634368            8          16.591     10149888      2537472
      634368           16          30.617     20299776      5074944
      634368           32          60.316     40599552     10149888
      634368           64         117.975     81199104     20299776
      634368          128         200.750    162398208     40599552
      634368          256         418.733    324796416     81199104
      634368          512         805.200    649592832    162398208
      634368         1024        1631.850   1299185664    324796416
      697792            1          18.975      1395584       348896
      697792            2           5.958      2791168       697792
      697792            4           9.625      5582336      1395584
      697792            8          16.684     11164672      2791168
      697792           16          35.841     22329344      5582336
      697792           32          88.733     44658688     11164672
      697792           64         105.233     89317376     22329344
      697792          128         197.267    178634752     44658688
      697792          256         392.242    357269504     89317376
      697792          512         907.683    714539008    178634752
      697792         1024        1751.109   1429078016    357269504
      767552            1          57.658      1535104       383776
      767552            2           6.325      3070208       767552
      767552            4          10.541      6140416      1535104
      767552            8          18.058     12280832      3070208
      767552           16          33.916     24561664      6140416
      767552           32          65.541     49123328     12280832
      767552           64         133.375     98246656     24561664
      767552          128         258.317    196493312     49123328
      767552          256         536.617    392986624     98246656
      767552          512         921.434    785973248    196493312
      767552         1024        2025.467   1571946496    392986624
      844288            1           6.233      1688576       422144
      844288            2           9.992      3377152       844288
      844288            4          11.733      6754304      1688576
      844288            8          20.350     13508608      3377152
      844288           16          37.675     27017216      6754304
      844288           32          72.142     54034432     13508608
      844288           64         141.534    108068864     27017216
      844288          128         285.267    216137728     54034432
      844288          256         647.258    432275456    108068864
      844288          512        1110.633    864550912    216137728
      844288         1024        2129.050   1729101824    432275456
      928704            1           5.684      1857408       464352
      928704            2           6.967      3714816       928704
      928704            4          10.725      7429632      1857408
      928704            8          19.066     14859264      3714816
      928704           16          35.384     29718528      7429632
      928704           32          82.959     59437056     14859264
      928704           64         133.375    118874112     29718528
      928704          128         276.009    237748224     59437056
      928704          256         564.667    475496448    118874112
      928704          512        1094.500    950992896    237748224
      928704         1024        2302.117   1901985792    475496448
     1021568            1          68.475      2043136       510784
     1021568            2           9.075      4086272      1021568
     1021568            4          14.759      8172544      2043136
     1021568            8          26.767     16345088      4086272
     1021568           16          48.308     32690176      8172544
     1021568           32         114.308     65380352     16345088
     1021568           64         183.333    130760704     32690176
     1021568          128         353.008    261521408     65380352
     1021568          256         685.759    523042816    130760704
     1021568          512        1285.166   1046085632    261521408
     1021568         1024        2457.767   2092171264    523042816
     1123712            1          82.133      2247424       561856
     1123712            2           8.708      4494848      1123712
     1123712            4          13.933      8989696      2247424
     1123712            8          24.200     17979392      4494848
     1123712           16          50.417     35958784      8989696
     1123712           32          86.258     71917568     17979392
     1123712           64         169.125    143835136     35958784
     1123712          128         342.192    287670272     71917568
     1123712          256         670.634    575340544    143835136
     1123712          512        1378.942   1150681088    287670272
     1236032            1          20.625      2472064       618016
     1236032            2          13.933      4944128      1236032
     1236032            4          17.233      9888256      2472064
     1236032            8          29.700     19776512      4944128
     1236032           16          58.483     39553024      9888256
     1236032           32         106.242     79106048     19776512
     1236032           64         205.609    158212096     39553024
     1236032          128         397.009    316424192     79106048
     1236032          256         779.075    632848384    158212096
     1236032          512        1575.291   1265696768    316424192
     1359616            1          76.175      2719232       679808
     1359616            2          15.950      5438464      1359616
     1359616            4          18.241     10876928      2719232
     1359616            8          34.284     21753856      5438464
     1359616           16          63.617     43507712     10876928
     1359616           32         123.383     87015424     21753856
     1359616           64         244.291    174030848     43507712
     1359616          128         457.050    348061696     87015424
     1359616          256         895.308    696123392    174030848
     1359616          512        1703.991   1392246784    348061696
     1495552            1          19.525      2991104       747776
     1495552            2          11.367      5982208      1495552
     1495552            4          18.333     11964416      2991104
     1495552            8          31.808     23928832      5982208
     1495552           16          59.400     47857664     11964416
     1495552           32         114.675     95715328     23928832
     1495552           64         224.033    191430656     47857664
     1495552          128         478.041    382861312     95715328
     1495552          256         936.466    765722624    191430656
     1495552          512        1885.125   1531445248    382861312
     1645056            1          21.450      3290112       822528
     1645056            2          12.925      6580224      1645056
     1645056            4          25.208     13160448      3290112
     1645056            8          40.059     26320896      6580224
     1645056           16          68.292     52641792     13160448
     1645056           32         131.633    105283584     26320896
     1645056           64         274.542    210567168     52641792
     1645056          128         551.008    421134336    105283584
     1645056          256        1103.117    842268672    210567168
     1645056          512        1987.792   1684537344    421134336
     1809536            1          74.891      3619072       904768
     1809536            2          15.584      7238144      1809536
     1809536            4          25.483     14476288      3619072
     1809536            8          43.816     28952576      7238144
     1809536           16          80.942     57905152     14476288
     1809536           32         155.100    115810304     28952576
     1809536           64         308.733    231620608     57905152
     1809536          128         596.567    463241216    115810304
     1809536          256        1141.158    926482432    231620608
     1809536          512        2281.767   1852964864    463241216
     1990464            1          12.925      3980928       995232
     1990464            2          24.108      7961856      1990464
     1990464            4          29.333     15923712      3980928
     1990464            8          69.850     31847424      7961856
     1990464           16          95.975     63694848     15923712
     1990464           32         183.609    127389696     31847424
     1990464           64         352.642    254779392     63694848
     1990464          128         645.975    509558784    127389696
     1990464          256        1273.067   1019117568    254779392
     1990464          512        2408.542   2038235136    509558784
     2189504            1          93.317      4379008      1094752
     2189504            2          96.066      8758016      2189504
     2189504            4          51.975     17516032      4379008
     2189504            8          68.567     35032064      8758016
     2189504           16          97.992     70064128     17516032
     2189504           32         193.142    140128256     35032064
     2189504           64         375.283    280256512     70064128
     2189504          128         733.975    560513024    140128256
     2189504          256        1480.967   1121026048    280256512
     2408448            1          74.800      4816896      1204224
     2408448            2          21.542      9633792      2408448
     2408448            4          26.217     19267584      4816896
     2408448            8          57.200     38535168      9633792
     2408448           16         107.067     77070336     19267584
     2408448           32         186.908    154140672     38535168
     2408448           64         347.967    308281344     77070336
     2408448          128         706.017    616562688    154140672
     2408448          256        1494.258   1233125376    308281344
     2649280            1          86.350      5298560      1324640
     2649280            2          21.817     10597120      2649280
     2649280            4          33.458     21194240      5298560
     2649280            8          58.300     42388480     10597120
     2649280           16         107.891     84776960     21194240
     2649280           32         206.983    169553920     42388480
     2649280           64         424.783    339107840     84776960
     2649280          128         874.684    678215680    169553920
     2649280          256        1648.442   1356431360    339107840
     2914176            1          41.617      5828352      1457088
     2914176            2          26.767     11656704      2914176
     2914176            4          37.767     23313408      5828352
     2914176            8          70.583     46626816     11656704
     2914176           16         132.275     93253632     23313408
     2914176           32         253.641    186507264     46626816
     2914176           64         494.816    373014528     93253632
     2914176          128         988.442    746029056    186507264
     2914176          256        1771.000   1492058112    373014528
     3205568            1          20.350      6411136      1602784
     3205568            2          30.800     12822272      3205568
     3205568            4          48.309     25644544      6411136
     3205568            8          83.784     51289088     12822272
     3205568           16         156.933    102578176     25644544
     3205568           32         306.625    205156352     51289088
     3205568           64         522.225    410312704    102578176
     3205568          128        1037.117    820625408    205156352
     3205568          256        2048.475   1641250816    410312704
     3526080            1         116.784      7052160      1763040
     3526080            2          33.366     14104320      3526080
     3526080            4          49.042     28208640      7052160
     3526080            8          86.258     56417280     14104320
     3526080           16         165.092    112834560     28208640
     3526080           32         312.217    225669120     56417280
     3526080           64         624.892    451338240    112834560
     3526080          128        1240.067    902676480    225669120
     3526080          256        2161.500   1805352960    451338240
     3878656            1          33.092      7757312      1939328
     3878656            2          36.392     15514624      3878656
     3878656            4          55.642     31029248      7757312
     3878656            8          96.983     62058496     15514624
     3878656           16         180.217    124116992     31029248
     3878656           32         337.609    248233984     62058496
     3878656           64         635.983    496467968    124116992
     3878656          128        1306.250    992935936    248233984
     3878656          256        2463.450   1985871872    496467968
     4266496            1          82.408      8532992      2133248
     4266496            2          48.583     17065984      4266496
     4266496            4          57.658     34131968      8532992
     4266496            8         104.684     68263936     17065984
     4266496           16         200.292    136527872     34131968
     4266496           32         364.008    273055744     68263936
     4266496           64         694.100    546111488    136527872
     4266496          128        1390.675   1092222976    273055744
     4693120            1         145.383      9386240      2346560
     4693120            2          44.641     18772480      4693120
     4693120            4          65.175     37544960      9386240
     4693120            8         112.841     75089920     18772480
     4693120           16         207.441    150179840     37544960
     4693120           32         419.008    300359680     75089920
     4693120           64         793.558    600719360    150179840
     4693120          128        1608.934   1201438720    300359680
     5162432            1         137.775     10324864      2581216
     5162432            2          60.592     20649728      5162432
     5162432            4          77.458     41299456     10324864
     5162432            8         136.034     82598912     20649728
     5162432           16         251.900    165197824     41299456
     5162432           32         531.025    330395648     82598912
     5162432           64         842.508    660791296    165197824
     5162432          128        1679.241   1321582592    330395648
     5678656            1         128.517     11357312      2839328
     5678656            2          60.317     22714624      5678656
     5678656            4          84.609     45429248     11357312
     5678656            8         146.575     90858496     22714624
     5678656           16         273.808    181716992     45429248
     5678656           32         527.359    363433984     90858496
     5678656           64         940.409    726867968    181716992
     5678656          128        1765.042   1453735936    363433984
     6246464            1          72.234     12492928      3123232
     6246464            2          66.366     24985856      6246464
     6246464            4          92.033     49971712     12492928
     6246464            8         172.516     99943424     24985856
     6246464           16         299.200    199886848     49971712
     6246464           32         580.158    399773696     99943424
     6246464           64        1073.234    799547392    199886848
     6246464          128        1800.975   1599094784    399773696
     6871104            1         103.034     13742208      3435552
     6871104            2         101.841     27484416      6871104
     6871104            4         102.208     54968832     13742208
     6871104            8         186.908    109937664     27484416
     6871104           16         307.450    219875328     54968832
     6871104           32         609.767    439750656    109937664
     6871104           64        1131.167    879501312    219875328
     6871104          128        2036.925   1759002624    439750656
     7558208            1          77.091     15116416      3779104
     7558208            2          98.541     30232832      7558208
     7558208            4         125.583     60465664     15116416
     7558208            8         213.125    120931328     30232832
     7558208           16         385.000    241862656     60465664
     7558208           32         724.625    483725312    120931328
     7558208           64        1219.625    967450624    241862656
     7558208          128        2217.050   1934901248    483725312
     8313984            1         172.241     16627968      4156992
     8313984            2         148.684     33255936      8313984
     8313984            4         213.584     66511872     16627968
     8313984            8         216.700    133023744     33255936
     8313984           16         397.650    266047488     66511872
     8313984           32         748.550    532094976    133023744
     8313984           64        1295.066   1064189952    266047488
     8313984          128        2365.275   2128379904    532094976
     9145344            1         167.841     18290688      4572672
     9145344            2         106.609     36581376      9145344
     9145344            4         129.616     73162752     18290688
     9145344            8         220.642    146325504     36581376
     9145344           16         406.634    292651008     73162752
     9145344           32         754.508    585302016    146325504
     9145344           64        1496.642   1170604032    292651008
    10059840            1         210.925     20119680      5029920
    10059840            2         217.433     40239360     10059840
    10059840            4         171.417     80478720     20119680
    10059840            8         263.175    160957440     40239360
    10059840           16         486.475    321914880     80478720
    10059840           32         939.216    643829760    160957440
    10059840           64        1666.133   1287659520    321914880
    11065792            1         161.791     22131584      5532896
    11065792            2         133.559     44263168     11065792
    11065792            4         162.800     88526336     22131584
    11065792            8         270.600    177052672     44263168
    11065792           16         495.550    354105344     88526336
    11065792           32         990.734    708210688    177052672
    11065792           64        1722.233   1416421376    354105344
    12172352            1         189.475     24344704      6086176
    12172352            2         227.608     48689408     12172352
    12172352            4         193.234     97378816     24344704
    12172352            8         315.700    194757632     48689408
    12172352           16         574.842    389515264     97378816
    12172352           32        1048.850    779030528    194757632
    12172352           64        1882.925   1558061056    389515264
    13389568            1         194.425     26779136      6694784
    13389568            2         304.700     53558272     13389568
    13389568            4         239.342    107116544     26779136
    13389568            8         378.491    214233088     53558272
    13389568           16         634.242    428466176    107116544
    13389568           32        1177.825    856932352    214233088
    13389568           64        2160.492   1713864704    428466176
    14728512            1         273.259     29457024      7364256
    14728512            2         271.975     58914048     14728512
    14728512            4         240.441    117828096     29457024
    14728512            8         371.159    235656192     58914048
    14728512           16         695.658    471312384    117828096
    14728512           32        1287.550    942624768    235656192
    14728512           64        2164.250   1885249536    471312384
    16201344            1         217.067     32402688      8100672
    16201344            2         393.800     64805376     16201344
    16201344            4         337.608    129610752     32402688
    16201344            8         458.242    259221504     64805376
    16201344           16         813.633    518443008    129610752
    16201344           32        1447.600   1036886016    259221504
    16201344           64        2499.933   2073772032    518443008
    17821440            1         451.366     35642880      8910720
    17821440            2         504.808     71285760     17821440
    17821440            4         394.900    142571520     35642880
    17821440            8         490.325    285143040     71285760
    17821440           16         850.575    570286080    142571520
    17821440           32        1479.042   1140572160    285143040
    19603584            1         379.684     39207168      9801792
    19603584            2         560.725     78414336     19603584
    19603584            4         483.908    156828672     39207168
    19603584            8         501.783    313657344     78414336
    19603584           16         873.858    627314688    156828672
    19603584           32        1653.850   1254629376    313657344
    21563904            1         118.983     43127808     10781952
    21563904            2         237.050     86255616     21563904
    21563904            4         325.417    172511232     43127808
    21563904            8         541.475    345022464     86255616
    21563904           16        1011.450    690044928    172511232
    21563904           32        1784.200   1380089856    345022464
    23720256            1         510.125     47440512     11860128
    23720256            2         664.308     94881024     23720256
    23720256            4         512.050    189762048     47440512
    23720256            8         714.450    379524096     94881024
    23720256           16        1221.184    759048192    189762048
    23720256           32        2089.175   1518096384    379524096
    26092224            1         614.350     52184448     13046112
    26092224            2         921.250    104368896     26092224
    26092224            4         784.483    208737792     52184448
    26092224            8         746.534    417475584    104368896
    26092224           16        1206.608    834951168    208737792
    26092224           32        2197.250   1669902336    417475584
    28701440            1         467.316     57402880     14350720
    28701440            2         680.992    114805760     28701440
    28701440            4         641.392    229611520     57402880
    28701440            8         837.375    459223040    114805760
    28701440           16        1338.425    918446080    229611520
    28701440           32        2313.850   1836892160    459223040
    31571584            1         550.275     63143168     15785792
    31571584            2         849.108    126286336     31571584
    31571584            4         776.142    252572672     63143168
    31571584            8         902.000    505145344    126286336
    31571584           16        1529.734   1010290688    252572672
    31571584           32        2654.300   2020581376    505145344
    34728704            1         926.291     69457408     17364352
    34728704            2        1278.475    138914816     34728704
    34728704            4        1263.625    277829632     69457408
    34728704            8        1142.625    555659264    138914816
    34728704           16        1667.600   1111318528    277829632
    38201536            1         510.308     76403072     19100768
    38201536            2         826.192    152806144     38201536
    38201536            4         744.150    305612288     76403072
    38201536            8        1030.059    611224576    152806144
    38201536           16        1716.092   1222449152    305612288
    42021632            1         907.592     84043264     21010816
    42021632            2        1629.558    168086528     42021632
    42021632            4        1639.458    336173056     84043264
    42021632            8        1508.559    672346112    168086528
    42021632           16        1986.600   1344692224    336173056
    46223744            1        1242.359     92447488     23111872
    46223744            2        2006.033    184894976     46223744
    46223744            4        1740.383    369789952     92447488
    46223744            8        1461.900    739579904    184894976
    46223744           16        2037.292   1479159808    369789952
    50846080            1        1184.700    101692160     25423040
    50846080            2        1618.833    203384320     50846080
    50846080            4        1631.575    406768640    101692160
    50846080            8        1587.025    813537280    203384320
    50846080           16        2394.150   1627074560    406768640
    55930688            1        1569.334    111861376     27965344
    55930688            2        2572.075    223722752     55930688
    55930688            4        2853.492    447445504    111861376
    55930688            8        1873.850    894891008    223722752
    55930688           16        2360.509   1789782016    447445504
    61523712            1        1967.717    123047424     30761856
    61523712            2        2807.384    246094848     61523712
    61523712            4        1900.433    492189696    123047424
    61523712            8        1507.825    984379392    246094848
    61523712           16        2365.734   1968758784    492189696
    67676032            1        2252.892    135352064     33838016
    67676032            2        3526.325    270704128     67676032
    67676032            4        3611.117    541408256    135352064
    67676032            8        1801.066   1082816512    270704128
    74443584            1        2426.966    148887168     37221792
    74443584            2        1144.183    297774336     74443584
    74443584            4        1246.025    595548672    148887168
    74443584            8        1725.442   1191097344    297774336
    81887936            1        2727.816    163775872     40943968
    81887936            2        4254.525    327551744     81887936
    81887936            4        2900.975    655103488    163775872
    81887936            8        2204.216   1310206976    327551744
    90076672            1        2972.933    180153344     45038336
    90076672            2        4191.550    360306688     90076672
    90076672            4        2397.083    720613376    180153344
    90076672            8        2132.900   1441226752    360306688
    99084288            1        3213.650    198168576     49542144
    99084288            2        4761.075    396337152     99084288
    99084288            4        2498.008    792674304    198168576
    99084288            8        3211.817   1585348608    396337152
   108992704            1        3616.708    217985408     54496352
   108992704            2        5074.942    435970816    108992704
   108992704            4        4043.876    871941632    217985408
   108992704            8        4409.258   1743883264    435970816
   119891968            1        3967.792    239783936     59945984
   119891968            2        5430.975    479567872    119891968
   119891968            4        4650.067    959135744    239783936
   119891968            8        6703.584   1918271488    479567872
   131881152            1        4332.441    263762304     65940576
   131881152            2        6156.791    527524608    131881152
   131881152            4        6476.892   1055049216    263762304
   131881152            8        8353.125   2110098432    527524608
   145069248            1        4726.059    290138496     72534624
   145069248            2        6462.409    580276992    145069248
   145069248            4        6795.342   1160553984    290138496
   159576128            1        4845.408    319152256     79788064
   159576128            2        7155.592    638304512    159576128
   159576128            4        8906.975   1276609024    319152256
   175533696            1        5728.801    351067392     87766848
   175533696            2        8472.750    702134784    175533696
   175533696            4       10437.534   1404269568    351067392
   193087040            1        6350.576    386174080     96543520
   193087040            2        8797.250    772348160    193087040
   193087040            4       11508.292   1544696320    386174080
   212395712            1        7026.617    424791424    106197856
   212395712            2       10640.575    849582848    212395712
   212395712            4       14073.125   1699165696    424791424
   233635264            1        7618.692    467270528    116817632
   233635264            2       11668.434    934541056    233635264
   233635264            4       15642.092   1869082112    467270528
   256998784            1        8517.942    513997568    128499392
   256998784            2       13245.009   1027995136    256998784
   256998784            4       18226.542   2055990272    513997568
   282698624            1        9325.525    565397248    141349312
   282698624            2       14762.000   1130794496    282698624
   310968448            1        9855.909    621936896    155484224
   310968448            2       16404.209   1243873792    310968448
   342065280            1       11552.567    684130560    171032640
   342065280            2       18545.634   1368261120    342065280
   376271808            1       12197.076    752543616    188135904
   376271808            2       21791.734   1505087232    376271808
   413898944            1       13857.434    827797888    206949472
   413898944            2       25166.076   1655595776    413898944
   455288832            1       14823.417    910577664    227644416
   455288832            2       27657.575   1821155328    455288832
   500817664            1       16466.451   1001635328    250408832
   500817664            2       29455.525   2003270656    500817664
   550899392            1       18407.218   1101798784    275449696
   605989312            1       20188.025   1211978624    302994656
   666588224            1       22204.509   1333176448    333294112
   733247040            1       24219.984   1466494080    366623520
   806571712            1       26572.701   1613143424    403285856
   887228864            1       30041.276   1774457728    443614432
   975951744            1       32715.284   1951903488    487975872
  1073546880            1       36011.251   2147093760    536773440

META_DATA
FLOPS          4
OPENMP_THREADS 8
ERT_VERSION  1.1.0
HOSTNAME  ('DESKTOP-1DMF7BU.localdomain', ['DESKTOP-1DMF7BU'], ['127.0.1.1'])
UNAME  uname_result(system='Linux', node='DESKTOP-1DMF7BU', release='6.6.87.2-microsoft-standard-WSL2', version='#1 SMP PREEMPT_DYNAMIC Thu Jun  5 18:30:46 UTC 2025', machine='x86_64')
TIMESTAMP_DATA  1765959734.4587643
CONFIG  {'ERT_MPI': ['False'], 'ERT_OPENMP': ['True'], 'ERT_OPENMP_CFLAGS': ['-fopenmp'], 'ERT_OPENMP_LDFLAGS': ['-fopenmp'], 'ERT_PRECISION': ['FP64'], 'ERT_TRIALS_MIN': ['1'], 'ERT_TRIALS': ['3', '#', 'Run', 'each', 'test', '3', 'times', 'to', 'filter', 'out', 'background', 'noise'], 'ERT_RESULTS': ['Results/7800X3D'], 'ERT_GNUPLOT': ['gnuplot'], 'ERT_DRIVER': ['driver1'], 'ERT_KERNEL': ['kernel1'], 'ERT_CC': ['g++'], 'ERT_LD': ['g++'], 'ERT_CFLAGS': ['-O3', '-march=native', '-fopenmp', '-fstrict-aliasing', '-funroll-loops', '-Wno-all'], 'ERT_LDFLAGS': ['-O3', '-march=native', '-fopenmp'], 'ERT_LDLIBS': ['-lm'], 'ERT_RUN': ['export', 'OMP_NUM_THREADS=ERT_OPENMP_THREADS;', './ERT_CODE'], 'ERT_WORKING_SET_MIN': ['128'], 'ERT_MEMORY_MAX': ['1073741824'], 'ERT_ALIGN': ['64'], 'ERT_MIN_PROCS': ['1'], 'ERT_MAX_PROCS': ['1'], 'ERT_OPENMP_THREADS': ['1,2,4,8,16', '#', 'Logical', 'Threads'], 'ERT_NUM_EXPERIMENTS': ['5'], 'ERT_FLOPS': ['1,2,4,8,16', '#', '16', 'for', 'AVX-51'], 'ERT_GPU': [False], 'ERT_HIP': [False], 'ERT_OCL': [False], 'ERT_SYCL': [False], 'ERT_WSS_MULT': [1.1]}
