fp64
        8192            1           1.060        16384         1024
        8192            2           0.520        32768         2048
        8192            4           1.040        65536         4096
        8192            8           0.790       131072         8192
        8192           16           0.940       262144        16384
        8192           32           1.350       524288        32768
        8192           64           2.230      1048576        65536
        8192          128           3.920      2097152       131072
        8192          256           7.530      4194304       262144
        8192          512          14.770      8388608       524288
        8192         1024          27.760     16777216      1048576
        8192         2048          55.180     33554432      2097152
        8192         4096         109.710     67108864      4194304
        8192         8192         218.871    134217728      8388608
        8192        16384         451.470    268435456     16777216
        8192        32768         878.921    536870912     33554432
        8192        65536        1819.031   1073741824     67108864
        8192       131072        3535.783   2147483648    134217728
        8960            1          20.010        17920         1120
        8960            2           0.630        35840         2240
        8960            4           0.660        71680         4480
        8960            8           0.680       143360         8960
        8960           16           1.170       286720        17920
        8960           32           1.340       573440        35840
        8960           64           2.330      1146880        71680
        8960          128           4.190      2293760       143360
        8960          256           7.990      4587520       286720
        8960          512          15.480      9175040       573440
        8960         1024          30.500     18350080      1146880
        8960         2048          60.660     36700160      2293760
        8960         4096         131.940     73400320      4587520
        8960         8192         241.300    146800640      9175040
        8960        16384         482.131    293601280     18350080
        8960        32768         977.841    587202560     36700160
        8960        65536        1966.421   1174405120     73400320
        9856            1           2.080        19712         1232
        9856            2           0.580        39424         2464
        9856            4           0.610        78848         4928
        9856            8           0.670       157696         9856
        9856           16           1.100       315392        19712
        9856           32           1.800       630784        39424
        9856           64           2.520      1261568        78848
        9856          128           4.590      2523136       157696
        9856          256           8.730      5046272       315392
        9856          512          16.990     10092544       630784
        9856         1024          33.510     20185088      1261568
        9856         2048          66.440     40370176      2523136
        9856         4096         132.640     80740352      5046272
        9856         8192         264.890    161480704     10092544
        9856        16384         545.620    322961408     20185088
        9856        32768        1072.651    645922816     40370176
        9856        65536        2133.132   1291845632     80740352
       10816            1           1.510        21632         1352
       10816            2           0.800        43264         2704
       10816            4           0.750        86528         5408
       10816            8           0.890       173056        10816
       10816           16           1.150       346112        21632
       10816           32           1.610       692224        43264
       10816           64           2.680      1384448        86528
       10816          128           4.980      2768896       173056
       10816          256           9.500      5537792       346112
       10816          512          18.610     11075584       692224
       10816         1024          36.990     22151168      1384448
       10816         2048          73.620     44302336      2768896
       10816         4096         146.320     88604672      5537792
       10816         8192         292.670    177209344     11075584
       10816        16384         589.610    354418688     22151168
       10816        32768        1186.971    708837376     44302336
       10816        65536        2356.752   1417674752     88604672
       11840            1           2.870        23680         1480
       11840            2           0.540        47360         2960
       11840            4           0.770        94720         5920
       11840            8           0.840       189440        11840
       11840           16           1.010       378880        23680
       11840           32           1.790       757760        47360
       11840           64           2.960      1515520        94720
       11840          128           5.390      3031040       189440
       11840          256          10.410      6062080       378880
       11840          512          20.400     12124160       757760
       11840         1024          40.350     24248320      1515520
       11840         2048          80.260     48496640      3031040
       11840         4096         169.351     96993280      6062080
       11840         8192         319.360    193986560     12124160
       11840        16384         651.020    387973120     24248320
       11840        32768        1288.981    775946240     48496640
       11840        65536        2571.522   1551892480     96993280
       12992            1           3.960        25984         1624
       12992            2           0.560        51968         3248
       12992            4           0.540       103936         6496
       12992            8           1.050       207872        12992
       12992           16           1.230       415744        25984
       12992           32           2.160       831488        51968
       12992           64           3.680      1662976       103936
       12992          128           5.930      3325952       207872
       12992          256          11.390      6651904       415744
       12992          512          22.320     13303808       831488
       12992         1024          44.170     26607616      1662976
       12992         2048          88.000     53215232      3325952
       12992         4096         175.440    106430464      6651904
       12992         8192         361.671    212860928     13303808
       12992        16384         713.610    425721856     26607616
       12992        32768        1439.001    851443712     53215232
       12992        65536        2856.882   1702887424    106430464
       14272            1           1.730        28544         1784
       14272            2           0.550        57088         3568
       14272            4           0.650       114176         7136
       14272            8           0.770       228352        14272
       14272           16           1.180       456704        28544
       14272           32           2.100       913408        57088
       14272           64           3.560      1826816       114176
       14272          128           6.520      3653632       228352
       14272          256          12.500      7307264       456704
       14272          512          24.440     14614528       913408
       14272         1024          48.530     29229056      1826816
       14272         2048          96.610     58458112      3653632
       14272         4096         192.840    116916224      7307264
       14272         8192         413.080    233832448     14614528
       14272        16384         778.001    467664896     29229056
       14272        32768        1575.801    935329792     58458112
       14272        65536        3096.062   1870659584    116916224
       15680            1           2.420        31360         1960
       15680            2           0.580        62720         3920
       15680            4           0.810       125440         7840
       15680            8           1.030       250880        15680
       15680           16           1.320       501760        31360
       15680           32           2.110      1003520        62720
       15680           64           3.760      2007040       125440
       15680          128           7.030      4014080       250880
       15680          256          13.590      8028160       501760
       15680          512          26.700     16056320      1003520
       15680         1024          53.020     32112640      2007040
       15680         2048         105.810     64225280      4014080
       15680         4096         211.140    128450560      8028160
       15680         8192         420.551    256901120     16056320
       15680        16384         853.480    513802240     32112640
       15680        32768        1723.212   1027604480     64225280
       15680        65536        3397.472   2055208960    128450560
       17216            1           5.430        34432         2152
       17216            2           0.510        68864         4304
       17216            4           0.860       137728         8608
       17216            8           0.860       275456        17216
       17216           16           1.390       550912        34432
       17216           32           2.500      1101824        68864
       17216           64           4.080      2203648       137728
       17216          128           7.680      4407296       275456
       17216          256          14.860      8814592       550912
       17216          512          29.270     17629184      1101824
       17216         1024          58.250     35258368      2203648
       17216         2048         115.930     70516736      4407296
       17216         4096         231.350    141033472      8814592
       17216         8192         468.560    282066944     17629184
       17216        16384         934.341    564133888     35258368
       17216        32768        1865.701   1128267776     70516736
       18880            1           2.290        37760         2360
       18880            2           0.540        75520         4720
       18880            4           0.930       151040         9440
       18880            8           1.130       302080        18880
       18880           16           1.510       604160        37760
       18880           32           2.910      1208320        75520
       18880           64           4.420      2416640       151040
       18880          128           8.390      4833280       302080
       18880          256          16.230      9666560       604160
       18880          512          32.050     19333120      1208320
       18880         1024          63.580     38666240      2416640
       18880         2048         126.850     77332480      4833280
       18880         4096         253.050    154664960      9666560
       18880         8192         521.481    309329920     19333120
       18880        16384        1025.150    618659840     38666240
       18880        32768        2040.562   1237319680     77332480
       20736            1           3.160        41472         2592
       20736            2           0.600        82944         5184
       20736            4           0.810       165888        10368
       20736            8           1.030       331776        20736
       20736           16           1.560       663552        41472
       20736           32           2.610      1327104        82944
       20736           64           4.800      2654208       165888
       20736          128           9.080      5308416       331776
       20736          256          17.710     10616832       663552
       20736          512          34.920     21233664      1327104
       20736         1024          69.270     42467328      2654208
       20736         2048         138.190     84934656      5308416
       20736         4096         303.650    169869312     10616832
       20736         8192         561.580    339738624     21233664
       20736        16384        1139.701    679477248     42467328
       20736        32768        2252.672   1358954496     84934656
       22784            1           2.170        45568         2848
       22784            2           0.600        91136         5696
       22784            4           0.870       182272        11392
       22784            8           1.290       364544        22784
       22784           16           2.010       729088        45568
       22784           32           2.850      1458176        91136
       22784           64           5.200      2916352       182272
       22784          128           9.940      5832704       364544
       22784          256          19.480     11665408       729088
       22784          512          38.310     23330816      1458176
       22784         1024          76.210     46661632      2916352
       22784         2048         151.890     93323264      5832704
       22784         4096         313.330    186646528     11665408
       22784         8192         617.311    373293056     23330816
       22784        16384        1256.781    746586112     46661632
       22784        32768        2443.191   1493172224     93323264
       25024            1           3.610        50048         3128
       25024            2           0.650       100096         6256
       25024            4           0.760       200192        12512
       25024            8           1.210       400384        25024
       25024           16           1.940       800768        50048
       25024           32           3.190      1601536       100096
       25024           64           5.800      3203072       200192
       25024          128          10.940      6406144       400384
       25024          256          21.320     12812288       800768
       25024          512          42.180     25624576      1601536
       25024         1024          84.040     51249152      3203072
       25024         2048         177.980    102498304      6406144
       25024         4096         333.810    204996608     12812288
       25024         8192         684.091    409993216     25624576
       25024        16384        1350.891    819986432     51249152
       25024        32768        2714.412   1639972864    102498304
       27520            1           2.630        55040         3440
       27520            2           0.570       110080         6880
       27520            4           0.840       220160        13760
       27520            8           1.490       440320        27520
       27520           16           1.950       880640        55040
       27520           32           3.520      1761280       110080
       27520           64           6.260      3522560       220160
       27520          128          11.980      7045120       440320
       27520          256          23.430     14090240       880640
       27520          512          46.160     28180480      1761280
       27520         1024          92.060     56360960      3522560
       27520         2048         183.661    112721920      7045120
       27520         4096         373.610    225443840     14090240
       27520         8192         742.231    450887680     28180480
       27520        16384        1502.171    901775360     56360960
       27520        32768        2975.342   1803550720    112721920
       30272            1           3.740        60544         3784
       30272            2           0.870       121088         7568
       30272            4           0.900       242176        15136
       30272            8           1.400       484352        30272
       30272           16           2.060       968704        60544
       30272           32           3.700      1937408       121088
       30272           64           6.860      3874816       242176
       30272          128          13.140      7749632       484352
       30272          256          25.840     15499264       968704
       30272          512          51.160     30998528      1937408
       30272         1024         101.831     61997056      3874816
       30272         2048         228.120    123994112      7749632
       30272         4096         405.910    247988224     15499264
       30272         8192         824.751    495976448     30998528
       30272        16384        1638.821    991952896     61997056
       30272        32768        3264.722   1983905792    123994112
       33280            1           1.990        66560         4160
       33280            2           0.960       133120         8320
       33280            4           1.000       266240        16640
       33280            8           1.730       532480        33280
       33280           16           2.310      1064960        66560
       33280           32           4.050      2129920       133120
       33280           64           7.500      4259840       266240
       33280          128          14.390      8519680       532480
       33280          256          28.330     17039360      1064960
       33280          512          56.080     34078720      2129920
       33280         1024         120.570     68157440      4259840
       33280         2048         223.030    136314880      8519680
       33280         4096         446.131    272629760     17039360
       33280         8192         900.900    545259520     34078720
       33280        16384        1813.512   1090519040     68157440
       36608            1           3.630        73216         4576
       36608            2           0.860       146432         9152
       36608            4           0.930       292864        18304
       36608            8           1.570       585728        36608
       36608           16           2.510      1171456        73216
       36608           32           4.270      2342912       146432
       36608           64           8.120      4685824       292864
       36608          128          15.800      9371648       585728
       36608          256          41.760     18743296      1171456
       36608          512          61.350     37486592      2342912
       36608         1024         122.181     74973184      4685824
       36608         2048         243.800    149946368      9371648
       36608         4096         497.220    299892736     18743296
       36608         8192         985.561    599785472     37486592
       36608        16384        1970.472   1199570944     74973184
       40256            1           4.200        80512         5032
       40256            2           0.720       161024        10064
       40256            4           1.030       322048        20128
       40256            8           1.940       644096        40256
       40256           16           2.740      1288192        80512
       40256           32           4.820      2576384       161024
       40256           64           9.000      5152768       322048
       40256          128          17.400     10305536       644096
       40256          256          34.120     20611072      1288192
       40256          512          67.680     41222144      2576384
       40256         1024         134.790     82444288      5152768
       40256         2048         269.240    164888576     10305536
       40256         4096         551.421    329777152     20611072
       40256         8192        1106.301    659554304     41222144
       40256        16384        2174.341   1319108608     82444288
       44224            1           2.040        88448         5528
       44224            2           0.900       176896        11056
       44224            4           1.160       353792        22112
       44224            8           1.740       707584        44224
       44224           16           2.910      1415168        88448
       44224           32           5.220      2830336       176896
       44224           64           9.770      5660672       353792
       44224          128          19.000     11321344       707584
       44224          256          37.450     22642688      1415168
       44224          512          74.200     45285376      2830336
       44224         1024         147.890     90570752      5660672
       44224         2048         295.580    181141504     11321344
       44224         4096         608.401    362283008     22642688
       44224         8192        1195.991    724566016     45285376
       44224        16384        2402.172   1449132032     90570752
       48640            1           3.150        97280         6080
       48640            2           1.190       194560        12160
       48640            4           1.520       389120        24320
       48640            8           2.240       778240        48640
       48640           16           3.150      1556480        97280
       48640           32           5.680      3112960       194560
       48640           64          10.700      6225920       389120
       48640          128          20.860     12451840       778240
       48640          256          41.300     24903680      1556480
       48640          512          81.470     49807360      3112960
       48640         1024         162.430     99614720      6225920
       48640         2048         324.561    199229440     12451840
       48640         4096         666.960    398458880     24903680
       48640         8192        1331.811    796917760     49807360
       48640        16384        2619.982   1593835520     99614720
       53504            1           1.880       107008         6688
       53504            2           0.930       214016        13376
       53504            4           1.360       428032        26752
       53504            8           2.190       856064        53504
       53504           16           4.300      1712128       107008
       53504           32           6.490      3424256       214016
       53504           64          11.820      6848512       428032
       53504          128          22.570     13697024       856064
       53504          256          45.480     27394048      1712128
       53504          512          89.440     54788096      3424256
       53504         1024         178.240    109576192      6848512
       53504         2048         356.330    219152384     13697024
       53504         4096         727.611    438304768     27394048
       53504         8192        1454.591    876609536     54788096
       53504        16384        2892.562   1753219072    109576192
       58816            1           3.370       117632         7352
       58816            2           0.930       235264        14704
       58816            4          13.130       470528        29408
       58816            8           2.290       941056        58816
       58816           16           3.750      1882112       117632
       58816           32           6.730      3764224       235264
       58816           64          12.880      7528448       470528
       58816          128          25.100     15056896       941056
       58816          256          49.540     30113792      1882112
       58816          512          98.570     60227584      3764224
       58816         1024         196.620    120455168      7528448
       58816         2048         393.330    240910336     15056896
       58816         4096         796.371    481820672     30113792
       58816         8192        1607.641    963641344     60227584
       58816        16384        3175.452   1927282688    120455168
       64640            1           3.620       129280         8080
       64640            2           0.900       258560        16160
       64640            4           1.560       517120        32320
       64640            8           2.410      1034240        64640
       64640           16           4.150      2068480       129280
       64640           32           7.430      4136960       258560
       64640           64          14.120      8273920       517120
       64640          128          27.610     16547840      1034240
       64640          256          54.400     33095680      2068480
       64640          512         108.130     66191360      4136960
       64640         1024         225.000    132382720      8273920
       64640         2048         430.540    264765440     16547840
       64640         4096         878.321    529530880     33095680
       64640         8192        1757.801   1059061760     66191360
       64640        16384        3491.533   2118123520    132382720
       71104            1           3.350       142208         8888
       71104            2           1.130       284416        17776
       71104            4           1.920       568832        35552
       71104            8           2.960      1137664        71104
       71104           16           5.290      2275328       142208
       71104           32           8.160      4550656       284416
       71104           64          15.500      9101312       568832
       71104          128          30.260     18202624      1137664
       71104          256          59.870     36405248      2275328
       71104          512         127.390     72810496      4550656
       71104         1024         237.430    145620992      9101312
       71104         2048         474.190    291241984     18202624
       71104         4096         968.051    582483968     36405248
       71104         8192        1924.702   1164967936     72810496
       78208            1           4.670       156416         9776
       78208            2           1.230       312832        19552
       78208            4           1.740       625664        39104
       78208            8           2.780      1251328        78208
       78208           16           4.790      2502656       156416
       78208           32           8.970      5005312       312832
       78208           64          17.050     10010624       625664
       78208          128          33.210     20021248      1251328
       78208          256          65.730     40042496      2502656
       78208          512         130.920     80084992      5005312
       78208         1024         261.030    160169984     10010624
       78208         2048         534.101    320339968     20021248
       78208         4096        1053.711    640679936     40042496
       78208         8192        2121.611   1281359872     80084992
       86016            1           8.240       172032        10752
       86016            2           1.360       344064        21504
       86016            4           2.040       688128        43008
       86016            8           3.440      1376256        86016
       86016           16           5.200      2752512       172032
       86016           32           9.790      5505024       344064
       86016           64          18.640     11010048       688128
       86016          128          36.570     22020096      1376256
       86016          256          72.210     44040192      2752512
       86016          512         143.510     88080384      5505024
       86016         1024         296.340    176160768     11010048
       86016         2048         581.060    352321536     22020096
       86016         4096        1177.251    704643072     44040192
       86016         8192        2334.502   1409286144     88080384
       94592            1           5.360       189184        11824
       94592            2           1.350       378368        23648
       94592            4           2.230       756736        47296
       94592            8           3.430      1513472        94592
       94592           16           5.720      3026944       189184
       94592           32          10.650      6053888       378368
       94592           64          20.470     12107776       756736
       94592          128          40.080     24215552      1513472
       94592          256          79.340     48431104      3026944
       94592          512         158.060     96862208      6053888
       94592         1024         327.790    193724416     12107776
       94592         2048         640.441    387448832     24215552
       94592         4096        1274.591    774897664     48431104
       94592         8192        2533.281   1549795328     96862208
      104000            1           4.220       208000        13000
      104000            2           1.540       416000        26000
      104000            4           2.510       832000        52000
      104000            8           4.130      1664000       104000
      104000           16           6.400      3328000       208000
      104000           32          15.540      6656000       416000
      104000           64          22.450     13312000       832000
      104000          128          44.100     26624000      1664000
      104000          256          97.640     53248000      3328000
      104000          512         173.560    106496000      6656000
      104000         1024         346.741    212992000     13312000
      104000         2048         707.100    425984000     26624000
      104000         4096        1402.301    851968000     53248000
      104000         8192        2787.832   1703936000    106496000
      114368            1           5.110       228736        14296
      114368            2           1.720       457472        28592
      114368            4           2.630       914944        57184
      114368            8           4.690      1829888       114368
      114368           16           6.920      3659776       228736
      114368           32          12.870      7319552       457472
      114368           64          24.680     14639104       914944
      114368          128          48.390     29278208      1829888
      114368          256         110.310     58556416      3659776
      114368          512         190.930    117112832      7319552
      114368         1024         381.020    234225664     14639104
      114368         2048         777.121    468451328     29278208
      114368         4096        1551.391    936902656     58556416
      114368         8192        3077.113   1873805312    117112832
      125760            1           4.800       251520        15720
      125760            2           1.940       503040        31440
      125760            4           2.600      1006080        62880
      125760            8           4.240      2012160       125760
      125760           16           7.540      4024320       251520
      125760           32          14.070      8048640       503040
      125760           64          27.230     16097280      1006080
      125760          128          53.610     32194560      2012160
      125760          256         105.380     64389120      4024320
      125760          512         210.140    128778240      8048640
      125760         1024         427.831    257556480     16097280
      125760         2048         844.850    515112960     32194560
      125760         4096        1702.122   1030225920     64389120
      125760         8192        3391.232   2060451840    128778240
      138304            1           5.050       276608        17288
      138304            2           2.180       553216        34576
      138304            4           3.040      1106432        69152
      138304            8           4.900      2212864       138304
      138304           16           8.650      4425728       276608
      138304           32          16.080      8851456       553216
      138304           64          30.750     17702912      1106432
      138304          128          60.550     35405824      2212864
      138304          256         120.380     70811648      4425728
      138304          512         239.880    141623296      8851456
      138304         1024         495.830    283246592     17702912
      138304         2048         963.871    566493184     35405824
      138304         4096        1944.252   1132986368     70811648
      152128            1           5.180       304256        19016
      152128            2           2.520       608512        38032
      152128            4           3.780      1217024        76064
      152128            8           5.530      2434048       152128
      152128           16           9.830      4868096       304256
      152128           32          18.400      9736192       608512
      152128           64          35.460     19472384      1217024
      152128          128          69.640     38944768      2434048
      152128          256         137.930     77889536      4868096
      152128          512         286.490    155779072      9736192
      152128         1024         559.391    311558144     19472384
      152128         2048        1109.991    623116288     38944768
      152128         4096        2207.121   1246232576     77889536
      167296            1           6.070       334592        20912
      167296            2           2.780       669184        41824
      167296            4           3.820      1338368        83648
      167296            8           6.340      2676736       167296
      167296           16          11.110      5353472       334592
      167296           32          20.750     10706944       669184
      167296           64          40.350     21413888      1338368
      167296          128          79.100     42827776      2676736
      167296          256         156.900     85655552      5353472
      167296          512         312.450    171311104     10706944
      167296         1024         658.491    342622208     21413888
      167296         2048        1255.321    685244416     42827776
      167296         4096        2503.632   1370488832     85655552
      184000            1           7.400       368000        23000
      184000            2           3.140       736000        46000
      184000            4           4.950      1472000        92000
      184000            8           6.950      2944000       184000
      184000           16          12.210      5888000       368000
      184000           32          22.710     11776000       736000
      184000           64          44.240     23552000      1472000
      184000          128          87.120     47104000      2944000
      184000          256         200.341     94208000      5888000
      184000          512         341.690    188416000     11776000
      184000         1024         696.730    376832000     23552000
      184000         2048        1398.671    753664000     47104000
      184000         4096        2743.702   1507328000     94208000
      202368            1           7.140       404736        25296
      202368            2           3.320       809472        50592
      202368            4           4.730      1618944       101184
      202368            8           7.430      3237888       202368
      202368           16          13.250      6475776       404736
      202368           32          24.930     12951552       809472
      202368           64          48.330     25903104      1618944
      202368          128          94.910     51806208      3237888
      202368          256         188.340    103612416      6475776
      202368          512         400.321    207224832     12951552
      202368         1024         765.030    414449664     25903104
      202368         2048        1509.901    828899328     51806208
      202368         4096        3011.323   1657798656    103612416
      222592            1           8.120       445184        27824
      222592            2           3.800       890368        55648
      222592            4           5.080      1780736       111296
      222592            8          20.810      3561472       222592
      222592           16          14.490      7122944       445184
      222592           32          27.430     14245888       890368
      222592           64          53.190     28491776      1780736
      222592          128         104.480     56983552      3561472
      222592          256         207.700    113967104      7122944
      222592          512         413.621    227934208     14245888
      222592         1024         839.990    455868416     28491776
      222592         2048        1666.602    911736832     56983552
      222592         4096        3341.212   1823473664    113967104
      244800            1          10.110       489600        30600
      244800            2           4.210       979200        61200
      244800            4           5.370      1958400       122400
      244800            8           8.870      3916800       244800
      244800           16          26.820      7833600       489600
      244800           32          29.950     15667200       979200
      244800           64          58.190     31334400      1958400
      244800          128         114.890     62668800      3916800
      244800          256         228.000    125337600      7833600
      244800          512         455.340    250675200     15667200
      244800         1024         918.511    501350400     31334400
      244800         2048        1838.141   1002700800     62668800
      244800         4096        3644.873   2005401600    125337600
      269248            1           9.610       538496        33656
      269248            2           4.570      1076992        67312
      269248            4           5.940      2153984       134624
      269248            8           9.960      4307968       269248
      269248           16          17.500      8615936       538496
      269248           32          33.380     17231872      1076992
      269248           64          64.370     34463744      2153984
      269248          128         127.030     68927488      4307968
      269248          256         263.530    137854976      8615936
      269248          512         513.031    275709952     17231872
      269248         1024        1037.940    551419904     34463744
      269248         2048        2033.352   1102839808     68927488
      296128            1          10.140       592256        37016
      296128            2           5.170      1184512        74032
      296128            4           6.530      2369024       148064
      296128            8          10.760      4738048       296128
      296128           16          19.240      9476096       592256
      296128           32          36.370     18952192      1184512
      296128           64          70.931     37904384      2369024
      296128          128         139.940     75808768      4738048
      296128          256         277.660    151617536      9476096
      296128          512         567.390    303235072     18952192
      296128         1024        1128.121    606470144     37904384
      296128         2048        2237.532   1212940288     75808768
      325696            1          25.750       651392        40712
      325696            2           4.540      1302784        81424
      325696            4           7.040      2605568       162848
      325696            8          11.760      5211136       325696
      325696           16          20.880     10422272       651392
      325696           32          39.670     20844544      1302784
      325696           64          77.420     41689088      2605568
      325696          128         152.540     83378176      5211136
      325696          256         303.250    166756352     10422272
      325696          512         626.030    333512704     20844544
      325696         1024        1247.342    667025408     41689088
      325696         2048        2453.961   1334050816     83378176
      358208            1          13.480       716416        44776
      358208            2           4.770      1432832        89552
      358208            4           7.710      2865664       179104
      358208            8          13.210      5731328       358208
      358208           16          23.470     11462656       716416
      358208           32          44.510     22925312      1432832
      358208           64          86.170     45850624      2865664
      358208          128         169.930     91701248      5731328
      358208          256         350.200    183402496     11462656
      358208          512         684.210    366804992     22925312
      358208         1024        1358.082    733609984     45850624
      358208         2048        2706.452   1467219968     91701248
      393984            1          24.910       787968        49248
      393984            2           6.680      1575936        98496
      393984            4          10.030      3151872       196992
      393984            8          14.520      6303744       393984
      393984           16          25.750     12607488       787968
      393984           32          48.770     25214976      1575936
      393984           64          94.671     50429952      3151872
      393984          128         187.190    100859904      6303744
      393984          256         389.700    201719808     12607488
      393984          512         754.990    403439616     25214976
      393984         1024        1490.912    806879232     50429952
      393984         2048        2968.612   1613758464    100859904
      433344            1           6.500       866688        54168
      433344            2           5.950      1733376       108336
      433344            4           9.190      3466752       216672
      433344            8          15.440      6933504       433344
      433344           16          28.090     13867008       866688
      433344           32          53.290     27734016      1733376
      433344           64         103.920     55468032      3466752
      433344          128         224.721    110936064      6933504
      433344          256         405.020    221872128     13867008
      433344          512         819.491    443744256     27734016
      433344         1024        1654.111    887488512     55468032
      433344         2048        3261.972   1774977024    110936064
      476672            1          14.610       953344        59584
      476672            2           7.780      1906688       119168
      476672            4          10.160      3813376       238336
      476672            8          17.010      7626752       476672
      476672           16          30.810     15253504       953344
      476672           32          58.370     30507008      1906688
      476672           64         113.410     61014016      3813376
      476672          128         223.570    122028032      7626752
      476672          256         475.921    244056064     15253504
      476672          512         895.490    488112128     30507008
      476672         1024        1801.832    976224256     61014016
      476672         2048        3554.512   1952448512    122028032
      524288            1          15.620      1048576        65536
      524288            2          19.800      2097152       131072
      524288            4          10.950      4194304       262144
      524288            8          18.560      8388608       524288
      524288           16          33.520     16777216      1048576
      524288           32          63.510     33554432      2097152
      524288           64         124.060     67108864      4194304
      524288          128         244.230    134217728      8388608
      524288          256         499.370    268435456     16777216
      524288          512         999.811    536870912     33554432
      524288         1024        1943.992   1073741824     67108864
      524288         2048        3886.193   2147483648    134217728
      576704            1          21.470      1153408        72088
      576704            2           7.880      2306816       144176
      576704            4          12.240      4613632       288352
      576704            8          20.350      9227264       576704
      576704           16          37.280     18454528      1153408
      576704           32          70.850     36909056      2306816
      576704           64         137.980     73818112      4613632
      576704          128         271.251    147636224      9227264
      576704          256         550.530    295272448     18454528
      576704          512        1084.611    590544896     36909056
      576704         1024        2165.931   1181089792     73818112
      634368            1          20.450      1268736        79296
      634368            2          11.030      2537472       158592
      634368            4          13.240      5074944       317184
      634368            8          22.670     10149888       634368
      634368           16          40.800     20299776      1268736
      634368           32          77.120     40599552      2537472
      634368           64         160.670     81199104      5074944
      634368          128         295.250    162398208     10149888
      634368          256         602.331    324796416     20299776
      634368          512        1219.381    649592832     40599552
      634368         1024        2377.972   1299185664     81199104
      697792            1          25.870      1395584        87224
      697792            2          11.850      2791168       174448
      697792            4          14.650      5582336       348896
      697792            8          24.550     11164672       697792
      697792           16          44.790     22329344      1395584
      697792           32          96.100     44658688      2791168
      697792           64         165.310     89317376      5582336
      697792          128         326.491    178634752     11164672
      697792          256         662.860    357269504     22329344
      697792          512        1310.011    714539008     44658688
      697792         1024        2623.692   1429078016     89317376
      767552            1          30.900      1535104        95944
      767552            2          10.290      3070208       191888
      767552            4          16.131      6140416       383776
      767552            8          27.210     12280832       767552
      767552           16          49.340     24561664      1535104
      767552           32          93.820     49123328      3070208
      767552           64         182.210     98246656      6140416
      767552          128         371.160    196493312     12280832
      767552          256         723.041    392986624     24561664
      767552          512        1457.471    785973248     49123328
      767552         1024        2874.362   1571946496     98246656
      844288            1          30.280      1688576       105536
      844288            2          14.880      3377152       211072
      844288            4          17.390      6754304       422144
      844288            8          29.560     13508608       844288
      844288           16          54.110     27017216      1688576
      844288           32         102.981     54034432      3377152
      844288           64         200.750    108068864      6754304
      844288          128         403.800    216137728     13508608
      844288          256         794.401    432275456     27017216
      844288          512        1597.111    864550912     54034432
      844288         1024        3158.432   1729101824    108068864
      928704            1          32.140      1857408       116088
      928704            2          16.100      3714816       232176
      928704            4          19.120      7429632       464352
      928704            8          32.580     14859264       928704
      928704           16          59.740     29718528      1857408
      928704           32         113.530     59437056      3714816
      928704           64         221.130    118874112      7429632
      928704          128         444.730    237748224     14859264
      928704          256         873.341    475496448     29718528
      928704          512        1758.721    950992896     59437056
      928704         1024        3487.013   1901985792    118874112
     1021568            1          38.150      2043136       127696
     1021568            2          17.440      4086272       255392
     1021568            4          21.270      8172544       510784
     1021568            8          36.030     16345088      1021568
     1021568           16          65.731     32690176      2043136
     1021568           32         125.090     65380352      4086272
     1021568           64         244.020    130760704      8172544
     1021568          128         515.600    261521408     16345088
     1021568          256         985.001    523042816     32690176
     1021568          512        1925.741   1046085632     65380352
     1021568         1024        3818.663   2092171264    130760704
     1123712            1          40.210      2247424       140464
     1123712            2          19.840      4494848       280928
     1123712            4          23.110      8989696       561856
     1123712            8          39.720     17979392      1123712
     1123712           16          71.960     35958784      2247424
     1123712           32         137.320     71917568      4494848
     1123712           64         267.560    143835136      8989696
     1123712          128         545.290    287670272     17979392
     1123712          256        1080.781    575340544     35958784
     1123712          512        2122.342   1150681088     71917568
     1236032            1          49.111      2472064       154504
     1236032            2          32.270      4944128       309008
     1236032            4          25.210      9888256       618016
     1236032            8          43.130     19776512      1236032
     1236032           16          78.650     39553024      2472064
     1236032           32         149.940     79106048      4944128
     1236032           64         292.370    158212096      9888256
     1236032          128         594.080    316424192     19776512
     1236032          256        1175.711    632848384     39553024
     1236032          512        2322.252   1265696768     79106048
     1359616            1          71.060      2719232       169952
     1359616            2          24.250      5438464       339904
     1359616            4          28.370     10876928       679808
     1359616            8          48.060     21753856      1359616
     1359616           16          88.220     43507712      2719232
     1359616           32         167.390     87015424      5438464
     1359616           64         326.450    174030848     10876928
     1359616          128         656.481    348061696     21753856
     1359616          256        1304.341    696123392     43507712
     1359616          512        2577.262   1392246784     87015424
     1495552            1          52.430      2991104       186944
     1495552            2          19.880      5982208       373888
     1495552            4          30.840     11964416       747776
     1495552            8          52.650     23928832      1495552
     1495552           16          95.330     47857664      2991104
     1495552           32         181.750     95715328      5982208
     1495552           64         364.371    191430656     11964416
     1495552          128         710.360    382861312     23928832
     1495552          256        1420.811    765722624     47857664
     1495552          512        2818.202   1531445248     95715328
     1645056            1          35.840      3290112       205632
     1645056            2          25.780      6580224       411264
     1645056            4          34.000     13160448       822528
     1645056            8          57.760     26320896      1645056
     1645056           16         105.800     52641792      3290112
     1645056           32         201.400    105283584      6580224
     1645056           64         400.040    210567168     13160448
     1645056          128         774.071    421134336     26320896
     1645056          256        1551.251    842268672     52641792
     1645056          512        3088.392   1684537344    105283584
     1809536            1         113.030      3619072       226192
     1809536            2          31.460      7238144       452384
     1809536            4          37.690     14476288       904768
     1809536            8          63.190     28952576      1809536
     1809536           16         115.100     57905152      3619072
     1809536           32         219.180    115810304      7238144
     1809536           64         434.471    231620608     14476288
     1809536          128         854.130    463241216     28952576
     1809536          256        1695.882    926482432     57905152
     1809536          512        3387.472   1852964864    115810304
     1990464            1          85.220      3980928       248808
     1990464            2          34.840      7961856       497616
     1990464            4          41.260     15923712       995232
     1990464            8          70.570     31847424      1990464
     1990464           16         128.640     63694848      3980928
     1990464           32         245.210    127389696      7961856
     1990464           64         492.471    254779392     15923712
     1990464          128         974.070    509558784     31847424
     1990464          256        1904.512   1019117568     63694848
     1990464          512        3755.893   2038235136    127389696
     2189504            1          97.970      4379008       273688
     2189504            2          38.390      8758016       547376
     2189504            4          45.260     17516032      1094752
     2189504            8          77.240     35032064      2189504
     2189504           16         139.220     70064128      4379008
     2189504           32         265.660    140128256      8758016
     2189504           64         525.661    280256512     17516032
     2189504          128        1055.511    560513024     35032064
     2189504          256        2068.651   1121026048     70064128
     2408448            1         166.490      4816896       301056
     2408448            2          40.300      9633792       602112
     2408448            4          49.490     19267584      1204224
     2408448            8          84.970     38535168      2408448
     2408448           16         155.260     77070336      4816896
     2408448           32         300.310    154140672      9633792
     2408448           64         574.080    308281344     19267584
     2408448          128        1159.661    616562688     38535168
     2408448          256        2257.342   1233125376     77070336
     2649280            1         152.821      5298560       331160
     2649280            2          47.090     10597120       662320
     2649280            4          55.120     21194240      1324640
     2649280            8          93.650     42388480      2649280
     2649280           16         168.910     84776960      5298560
     2649280           32         329.420    169553920     10597120
     2649280           64         635.861    339107840     21194240
     2649280          128        1270.181    678215680     42388480
     2649280          256        2494.121   1356431360     84776960
     2914176            1         201.330      5828352       364272
     2914176            2          44.990     11656704       728544
     2914176            4          60.380     23313408      1457088
     2914176            8         101.300     46626816      2914176
     2914176           16         192.840     93253632      5828352
     2914176           32         357.700    186507264     11656704
     2914176           64         698.281    373014528     23313408
     2914176          128        1387.401    746029056     46626816
     2914176          256        2747.412   1492058112     93253632
     3205568            1         208.490      6411136       400696
     3205568            2          56.991     12822272       801392
     3205568            4          66.630     25644544      1602784
     3205568            8         112.800     51289088      3205568
     3205568           16         204.090    102578176      6411136
     3205568           32         397.850    205156352     12822272
     3205568           64         762.991    410312704     25644544
     3205568          128        1515.561    820625408     51289088
     3205568          256        3012.032   1641250816    102578176
     3526080            1         214.051      7052160       440760
     3526080            2          81.430     14104320       881520
     3526080            4          75.450     28208640      1763040
     3526080            8         122.800     56417280      3526080
     3526080           16         224.810    112834560      7052160
     3526080           32         429.270    225669120     14104320
     3526080           64         848.071    451338240     28208640
     3526080          128        1674.031    902676480     56417280
     3526080          256        3313.603   1805352960    112834560
     3878656            1         237.890      7757312       484832
     3878656            2          75.480     15514624       969664
     3878656            4          80.540     31029248      1939328
     3878656            8         135.160     62058496      3878656
     3878656           16         247.641    124116992      7757312
     3878656           32         473.580    248233984     15514624
     3878656           64         934.171    496467968     31029248
     3878656          128        1856.641    992935936     62058496
     3878656          256        3670.113   1985871872    124116992
     4266496            1         271.410      8532992       533312
     4266496            2          81.420     17065984      1066624
     4266496            4          87.860     34131968      2133248
     4266496            8         154.241     68263936      4266496
     4266496           16         273.130    136527872      8532992
     4266496           32         520.260    273055744     17065984
     4266496           64        1035.581    546111488     34131968
     4266496          128        2032.851   1092222976     68263936
     4693120            1         276.000      9386240       586640
     4693120            2          90.280     18772480      1173280
     4693120            4          97.070     37544960      2346560
     4693120            8         163.280     75089920      4693120
     4693120           16         298.900    150179840      9386240
     4693120           32         578.211    300359680     18772480
     4693120           64        1136.121    600719360     37544960
     4693120          128        2237.441   1201438720     75089920
     5162432            1         324.870     10324864       645304
     5162432            2         104.960     20649728      1290608
     5162432            4         104.740     41299456      2581216
     5162432            8         179.190     82598912      5162432
     5162432           16         329.010    165197824     10324864
     5162432           32         633.731    330395648     20649728
     5162432           64        1252.131    660791296     41299456
     5162432          128        2454.092   1321582592     82598912
     5678656            1         330.580     11357312       709832
     5678656            2         111.350     22714624      1419664
     5678656            4         116.700     45429248      2839328
     5678656            8         197.090     90858496      5678656
     5678656           16         366.861    181716992     11357312
     5678656           32         700.720    363433984     22714624
     5678656           64        1367.841    726867968     45429248
     5678656          128        2680.962   1453735936     90858496
     6246464            1         339.340     12492928       780808
     6246464            2         119.680     24985856      1561616
     6246464            4         128.440     49971712      3123232
     6246464            8         218.800     99943424      6246464
     6246464           16         404.430    199886848     12492928
     6246464           32         767.651    399773696     24985856
     6246464           64        1512.651    799547392     49971712
     6246464          128        2954.352   1599094784     99943424
     6871104            1         344.750     13742208       858888
     6871104            2         128.280     27484416      1717776
     6871104            4         144.120     54968832      3435552
     6871104            8         240.590    109937664      6871104
     6871104           16         446.831    219875328     13742208
     6871104           32         853.040    439750656     27484416
     6871104           64        1642.181    879501312     54968832
     6871104          128        3249.233   1759002624    109937664
     7558208            1         488.370     15116416       944776
     7558208            2         140.041     30232832      1889552
     7558208            4         155.110     60465664      3779104
     7558208            8         266.140    120931328      7558208
     7558208           16         491.080    241862656     15116416
     7558208           32         939.291    483725312     30232832
     7558208           64        1814.491    967450624     60465664
     7558208          128        3564.803   1934901248    120931328
     8313984            1         458.780     16627968      1039248
     8313984            2         156.170     33255936      2078496
     8313984            4         167.851     66511872      4156992
     8313984            8         288.140    133023744      8313984
     8313984           16         533.800    266047488     16627968
     8313984           32        1025.001    532094976     33255936
     8313984           64        1997.232   1064189952     66511872
     8313984          128        3919.113   2128379904    133023744
     9145344            1         534.480     18290688      1143168
     9145344            2         153.350     36581376      2286336
     9145344            4         184.840     73162752      4572672
     9145344            8         317.160    146325504      9145344
     9145344           16         589.211    292651008     18290688
     9145344           32        1120.581    585302016     36581376
     9145344           64        2179.491   1170604032     73162752
    10059840            1         584.731     20119680      1257480
    10059840            2         180.860     40239360      2514960
    10059840            4         203.130     80478720      5029920
    10059840            8         348.530    160957440     10059840
    10059840           16         646.541    321914880     20119680
    10059840           32        1233.271    643829760     40239360
    10059840           64        2405.951   1287659520     80478720
    11065792            1         631.750     22131584      1383224
    11065792            2         184.830     44263168      2766448
    11065792            4         223.320     88526336      5532896
    11065792            8         388.111    177052672     11065792
    11065792           16         708.280    354105344     22131584
    11065792           32        1364.381    708210688     44263168
    11065792           64        2644.622   1416421376     88526336
    12172352            1         728.451     24344704      1521544
    12172352            2         199.510     48689408      3043088
    12172352            4         245.590     97378816      6086176
    12172352            8         427.090    194757632     12172352
    12172352           16         778.751    389515264     24344704
    12172352           32        1497.311    779030528     48689408
    12172352           64        2907.222   1558061056     97378816
    13389568            1         803.071     26779136      1673696
    13389568            2         231.560     53558272      3347392
    13389568            4         277.370    107116544      6694784
    13389568            8         467.741    214233088     13389568
    13389568           16         866.090    428466176     26779136
    13389568           32        1655.091    856932352     53558272
    13389568           64        3216.312   1713864704    107116544
    14728512            1         859.200     29457024      1841064
    14728512            2         278.751     58914048      3682128
    14728512            4         313.880    117828096      7364256
    14728512            8         521.330    235656192     14728512
    14728512           16         970.951    471312384     29457024
    14728512           32        1848.571    942624768     58914048
    14728512           64        3590.603   1885249536    117828096
    16201344            1         932.871     32402688      2025168
    16201344            2         350.330     64805376      4050336
    16201344            4         389.640    129610752      8100672
    16201344            8         614.141    259221504     16201344
    16201344           16        1170.931    518443008     32402688
    16201344           32        2182.431   1036886016     64805376
    16201344           64        4238.714   2073772032    129610752
    17821440            1        1052.031     35642880      2227680
    17821440            2         559.730     71285760      4455360
    17821440            4         546.401    142571520      8910720
    17821440            8         892.461    285143040     17821440
    17821440           16        1531.201    570286080     35642880
    17821440           32        2795.032   1140572160     71285760
    19603584            1        1140.271     39207168      2450448
    19603584            2         980.940     78414336      4900896
    19603584            4        1213.411    156828672      9801792
    19603584            8        1602.491    313657344     19603584
    19603584           16        2546.382    627314688     39207168
    19603584           32        3868.743   1254629376     78414336
    21563904            1        1242.641     43127808      2695488
    21563904            2        1594.871     86255616      5390976
    21563904            4        2133.472    172511232     10781952
    21563904            8        2991.712    345022464     21563904
    21563904           16        4009.323    690044928     43127808
    21563904           32        5779.525   1380089856     86255616
    23720256            1        1370.851     47440512      2965032
    23720256            2        2226.702     94881024      5930064
    23720256            4        3000.792    189762048     11860128
    23720256            8        4352.633    379524096     23720256
    23720256           16        6146.754    759048192     47440512
    23720256           32        8644.877   1518096384     94881024
    26092224            1        1522.761     52184448      3261528
    26092224            2        2701.162    104368896      6523056
    26092224            4        3683.383    208737792     13046112
    26092224            8        6032.304    417475584     26092224
    26092224           16        9785.368    834951168     52184448
    26092224           32       17671.753   1669902336    104368896
    28701440            1        1645.921     57402880      3587680
    28701440            2        3300.683    114805760      7175360
    28701440            4        4773.933    229611520     14350720
    28701440            8        7586.716    459223040     28701440
    28701440           16       12898.920    918446080     57402880
    28701440           32       23733.888   1836892160    114805760
    31571584            1        1795.701     63143168      3946448
    31571584            2        3705.003    126286336      7892896
    31571584            4        5471.114    252572672     15785792
    31571584            8        8775.727    505145344     31571584
    31571584           16       15523.341   1010290688     63143168
    31571584           32       29214.382   2020581376    126286336
    34728704            1        1991.301     69457408      4341088
    34728704            2        4101.683    138914816      8682176
    34728704            4        6131.675    277829632     17364352
    34728704            8        9901.007    555659264     34728704
    34728704           16       17409.733   1111318528     69457408
    38201536            1        2243.531     76403072      4775192
    38201536            2        4540.554    152806144      9550384
    38201536            4        6806.115    305612288     19100768
    38201536            8       11362.848    611224576     38201536
    38201536           16       20467.626   1222449152     76403072
    42021632            1        2470.792     84043264      5252704
    42021632            2        4999.724    168086528     10505408
    42021632            4        7461.476    336173056     21010816
    42021632            8       12306.899    672346112     42021632
    42021632           16       22028.936   1344692224     84043264
    46223744            1        2721.152     92447488      5777968
    46223744            2        5491.334    184894976     11555936
    46223744            4        8246.606    369789952     23111872
    46223744            8       13655.911    739579904     46223744
    46223744           16       24530.458   1479159808     92447488
    50846080            1        2968.652    101692160      6355760
    50846080            2        5988.684    203384320     12711520
    50846080            4        9003.147    406768640     25423040
    50846080            8       14998.151    813537280     50846080
    50846080           16       27039.771   1627074560    101692160
    55930688            1        3254.953    111861376      6991336
    55930688            2        6600.085    223722752     13982672
    55930688            4        9926.197    447445504     27965344
    55930688            8       16547.043    894891008     55930688
    55930688           16       29718.532   1789782016    111861376
    61523712            1        3648.483    123047424      7690464
    61523712            2        7260.366    246094848     15380928
    61523712            4       10897.808    492189696     30761856
    61523712            8       18183.954    984379392     61523712
    61523712           16       32728.424   1968758784    123047424
    67676032            1        3997.333    135352064      8459504
    67676032            2        7985.496    270704128     16919008
    67676032            4       12009.809    541408256     33838016
    67676032            8       20037.445   1082816512     67676032
    74443584            1        4390.854    148887168      9305448
    74443584            2        8837.206    297774336     18610896
    74443584            4       13184.130    595548672     37221792
    74443584            8       22037.117   1191097344     74443584
    81887936            1        4851.934    163775872     10235992
    81887936            2        9678.577    327551744     20471984
    81887936            4       14684.051    655103488     40943968
    81887936            8       24182.368   1310206976     81887936
    90076672            1        5328.804    180153344     11259584
    90076672            2       10644.728    360306688     22519168
    90076672            4       16007.172    720613376     45038336
    90076672            8       26637.260   1441226752     90076672
    99084288            1        5846.525    198168576     12385536
    99084288            2       11720.869    396337152     24771072
    99084288            4       17560.213    792674304     49542144
    99084288            8       29273.742   1585348608     99084288
   108992704            1        6435.544    217985408     13624088
   108992704            2       12902.320    435970816     27248176
   108992704            4       19314.575    871941632     54496352
   108992704            8       32227.214   1743883264    108992704
   119891968            1        7109.616    239783936     14986496
   119891968            2       14142.200    479567872     29972992
   119891968            4       21265.046    959135744     59945984
   119891968            8       35468.027   1918271488    119891968
   131881152            1        7808.036    263762304     16485144
   131881152            2       15526.612    527524608     32970288
   131881152            4       23384.058   1055049216     65940576
   131881152            8       38941.419   2110098432    131881152
   145069248            1        8550.727    290138496     18133656
   145069248            2       17122.602    580276992     36267312
   145069248            4       25701.070   1160553984     72534624
   159576128            1        9439.218    319152256     19947016
   159576128            2       18823.594    638304512     39894032
   159576128            4       28289.341   1276609024     79788064
   175533696            1       10353.578    351067392     21941712
   175533696            2       20977.476    702134784     43883424
   175533696            4       30905.663   1404269568     87766848
   193087040            1       11373.898    386174080     24135880
   193087040            2       22752.197    772348160     48271760
   193087040            4       34156.656   1544696320     96543520
   212395712            1       12493.690    424791424     26549464
   212395712            2       25037.179    849582848     53098928
   212395712            4       37494.708   1699165696    106197856
   233635264            1       13791.471    467270528     29204408
   233635264            2       27503.360    934541056     58408816
   233635264            4       41259.631   1869082112    116817632
   256998784            1       15312.532    513997568     32124848
   256998784            2       31281.853   1027995136     64249696
   256998784            4       46610.835   2055990272    128499392
   282698624            1       16566.512    565397248     35337328
   282698624            2       33318.565   1130794496     70674656
   310968448            1       18312.114    621936896     38871056
   310968448            2       36695.547   1243873792     77742112
   342065280            1       20187.005    684130560     42758160
   342065280            2       40335.150   1368261120     85516320
   376271808            1       22079.996    752543616     47033976
   376271808            2       44315.004   1505087232     94067952
   413898944            1       24339.468    827797888     51737368
   413898944            2       48780.277   1655595776    103474736
   455288832            1       26745.620    910577664     56911104
   455288832            2       53489.200   1821155328    113822208
   500817664            1       29440.762   1001635328     62602208
   500817664            2       58932.924   2003270656    125204416
   550899392            1       32441.585   1101798784     68862424
   605989312            1       35747.697   1211978624     75748664
   666588224            1       39316.069   1333176448     83323528
   733247040            1       43155.052   1466494080     91655880
   806571712            1       47509.866   1613143424    100821464
   887228864            1       52387.600   1774457728    110903608
   975951744            1       57598.503   1951903488    121993968
  1073546880            1       63312.377   2147093760    134193360

META_DATA
FLOPS          1
OPENMP_THREADS 8
ERT_VERSION  1.1.0
HOSTNAME  ('pve.fritz.box', ['pve'], ['192.168.188.21'])
UNAME  uname_result(system='Linux', node='pve', release='6.14.8-2-pve', version='#1 SMP PREEMPT_DYNAMIC PMX 6.14.8-2 (2025-07-22T10:04Z)', machine='x86_64')
TIMESTAMP_DATA  1765906445.0206466
CONFIG  {'ERT_MPI': ['False'], 'ERT_OPENMP': ['True'], 'ERT_OPENMP_CFLAGS': ['-fopenmp'], 'ERT_OPENMP_LDFLAGS': ['-fopenmp'], 'ERT_PRECISION': ['FP64'], 'ERT_TRIALS_MIN': ['1'], 'ERT_TRIALS': ['3', '#', 'Run', 'each', 'test', '3', 'times', 'to', 'filter', 'out', 'background', 'noise'], 'ERT_RESULTS': ['Results/1600X'], 'ERT_GNUPLOT': ['gnuplot'], 'ERT_DRIVER': ['driver1'], 'ERT_KERNEL': ['kernel1'], 'ERT_CC': ['g++'], 'ERT_LD': ['g++'], 'ERT_CFLAGS': ['-O3', '-march=native', '-fopenmp', '-fstrict-aliasing', '-funroll-loops', '-Wno-all'], 'ERT_LDFLAGS': ['-O3', '-march=native', '-fopenmp'], 'ERT_LDLIBS': ['-lm'], 'ERT_RUN': ['export', 'OMP_NUM_THREADS=ERT_OPENMP_THREADS;', './ERT_CODE'], 'ERT_WORKING_SET_MIN': ['128'], 'ERT_MEMORY_MAX': ['1073741824'], 'ERT_ALIGN': ['64'], 'ERT_MIN_PROCS': ['1'], 'ERT_MAX_PROCS': ['1'], 'ERT_OPENMP_THREADS': ['1,2,4,8,12', '#', 'Logical', 'Threads'], 'ERT_NUM_EXPERIMENTS': ['5'], 'ERT_FLOPS': ['1,2,4,8'], 'ERT_GPU': [False], 'ERT_HIP': [False], 'ERT_OCL': [False], 'ERT_SYCL': [False], 'ERT_WSS_MULT': [1.1]}
