fp64
        8192            1           0.820        16384         1024
        8192            2           0.720        32768         2048
        8192            4           0.710        65536         4096
        8192            8           0.790       131072         8192
        8192           16           0.930       262144        16384
        8192           32           1.620       524288        32768
        8192           64           2.150      1048576        65536
        8192          128           3.920      2097152       131072
        8192          256           7.310      4194304       262144
        8192          512          14.120      8388608       524288
        8192         1024          27.780     16777216      1048576
        8192         2048          54.990     33554432      2097152
        8192         4096         109.750     67108864      4194304
        8192         8192         218.821    134217728      8388608
        8192        16384         453.230    268435456     16777216
        8192        32768         881.791    536870912     33554432
        8192        65536        1770.681   1073741824     67108864
        8192       131072        3537.253   2147483648    134217728
        8960            1           3.360        17920         1120
        8960            2           0.590        35840         2240
        8960            4           0.600        71680         4480
        8960            8           0.740       143360         8960
        8960           16           1.010       286720        17920
        8960           32           1.320       573440        35840
        8960           64           2.460      1146880        71680
        8960          128           4.200      2293760       143360
        8960          256           7.990      4587520       286720
        8960          512          15.500      9175040       573440
        8960         1024          30.560     18350080      1146880
        8960         2048          74.570     36700160      2293760
        8960         4096         120.890     73400320      4587520
        8960         8192         241.150    146800640      9175040
        8960        16384         482.291    293601280     18350080
        8960        32768         977.761    587202560     36700160
        8960        65536        1971.301   1174405120     73400320
        9856            1           2.580        19712         1232
        9856            2           0.490        39424         2464
        9856            4           0.650        78848         4928
        9856            8           0.570       157696         9856
        9856           16           0.880       315392        19712
        9856           32           1.560       630784        39424
        9856           64           2.890      1261568        78848
        9856          128           4.630      2523136       157696
        9856          256           8.690      5046272       315392
        9856          512          16.950     10092544       630784
        9856         1024          33.470     20185088      1261568
        9856         2048          66.890     40370176      2523136
        9856         4096         132.660     80740352      5046272
        9856         8192         264.650    161480704     10092544
        9856        16384         545.660    322961408     20185088
        9856        32768        1071.421    645922816     40370176
        9856        65536        2133.102   1291845632     80740352
       10816            1           0.980        21632         1352
       10816            2           0.650        43264         2704
       10816            4           0.690        86528         5408
       10816            8           0.850       173056        10816
       10816           16           1.070       346112        21632
       10816           32           1.620       692224        43264
       10816           64           2.840      1384448        86528
       10816          128           5.080      2768896       173056
       10816          256           9.620      5537792       346112
       10816          512          18.780     11075584       692224
       10816         1024          37.120     22151168      1384448
       10816         2048          73.510     44302336      2768896
       10816         4096         146.460     88604672      5537792
       10816         8192         324.110    177209344     11075584
       10816        16384         584.980    354418688     22151168
       10816        32768        1179.831    708837376     44302336
       10816        65536        2372.902   1417674752     88604672
       11840            1          12.380        23680         1480
       11840            2           0.750        47360         2960
       11840            4           0.670        94720         5920
       11840            8           0.880       189440        11840
       11840           16           1.230       378880        23680
       11840           32           2.030       757760        47360
       11840           64           3.010      1515520        94720
       11840          128           5.510      3031040       189440
       11840          256          10.490      6062080       378880
       11840          512          20.510     12124160       757760
       11840         1024          40.420     24248320      1515520
       11840         2048          80.320     48496640      3031040
       11840         4096         159.960     96993280      6062080
       11840         8192         330.571    193986560     12124160
       11840        16384         638.700    387973120     24248320
       11840        32768        1286.091    775946240     48496640
       11840        65536        2580.652   1551892480     96993280
       12992            1          25.450        25984         1624
       12992            2           0.690        51968         3248
       12992            4           0.690       103936         6496
       12992            8           0.890       207872        12992
       12992           16           1.240       415744        25984
       12992           32           2.150       831488        51968
       12992           64           3.280      1662976       103936
       12992          128           6.030      3325952       207872
       12992          256          11.490      6651904       415744
       12992          512          22.400     13303808       831488
       12992         1024          44.430     26607616      1662976
       12992         2048          87.990     53215232      3325952
       12992         4096         175.600    106430464      6651904
       12992         8192         350.530    212860928     13303808
       12992        16384         719.541    425721856     26607616
       12992        32768        1435.561    851443712     53215232
       12992        65536        2834.892   1702887424    106430464
       14272            1          18.260        28544         1784
       14272            2           0.640        57088         3568
       14272            4           0.820       114176         7136
       14272            8           0.920       228352        14272
       14272           16           1.250       456704        28544
       14272           32           2.040       913408        57088
       14272           64           3.520      1826816       114176
       14272          128           6.600      3653632       228352
       14272          256          12.520      7307264       456704
       14272          512          24.550     14614528       913408
       14272         1024          48.550     29229056      1826816
       14272         2048          96.660     58458112      3653632
       14272         4096         192.680    116916224      7307264
       14272         8192         384.640    233832448     14614528
       14272        16384         776.971    467664896     29229056
       14272        32768        1567.171    935329792     58458112
       14272        65536        3103.942   1870659584    116916224
       15680            1          17.930        31360         1960
       15680            2           0.660        62720         3920
       15680            4           0.810       125440         7840
       15680            8           0.970       250880        15680
       15680           16           1.350       501760        31360
       15680           32           2.190      1003520        62720
       15680           64           3.820      2007040       125440
       15680          128           7.110      4014080       250880
       15680          256          13.630      8028160       501760
       15680          512          26.830     16056320      1003520
       15680         1024          53.050     32112640      2007040
       15680         2048         105.500     64225280      4014080
       15680         4096         220.160    128450560      8028160
       15680         8192         421.320    256901120     16056320
       15680        16384         845.191    513802240     32112640
       15680        32768        1690.661   1027604480     64225280
       15680        65536        3373.503   2055208960    128450560
       17216            1           1.540        34432         2152
       17216            2           0.710        68864         4304
       17216            4           0.810       137728         8608
       17216            8           0.930       275456        17216
       17216           16           1.460       550912        34432
       17216           32           2.590      1101824        68864
       17216           64           4.890      2203648       137728
       17216          128           7.680      4407296       275456
       17216          256          14.890      8814592       550912
       17216          512          29.790     17629184      1101824
       17216         1024          58.160     35258368      2203648
       17216         2048         115.730     70516736      4407296
       17216         4096         242.871    141033472      8814592
       17216         8192         462.360    282066944     17629184
       17216        16384         935.061    564133888     35258368
       17216        32768        1893.141   1128267776     70516736
       18880            1           1.160        37760         2360
       18880            2           0.680        75520         4720
       18880            4           0.840       151040         9440
       18880            8           1.030       302080        18880
       18880           16           1.710       604160        37760
       18880           32           2.540      1208320        75520
       18880           64           4.510      2416640       151040
       18880          128           8.560      4833280       302080
       18880          256          16.330      9666560       604160
       18880          512          32.120     19333120      1208320
       18880         1024          63.770     38666240      2416640
       18880         2048         127.010     77332480      4833280
       18880         4096         263.190    154664960      9666560
       18880         8192         511.480    309329920     19333120
       18880        16384        1016.941    618659840     38666240
       18880        32768        2030.022   1237319680     77332480
       20736            1          16.970        41472         2592
       20736            2           0.790        82944         5184
       20736            4           0.860       165888        10368
       20736            8           1.120       331776        20736
       20736           16           1.580       663552        41472
       20736           32           2.680      1327104        82944
       20736           64           4.840      2654208       165888
       20736          128           9.150      5308416       331776
       20736          256          17.750     10616832       663552
       20736          512          35.240     21233664      1327104
       20736         1024          78.680     42467328      2654208
       20736         2048         138.800     84934656      5308416
       20736         4096         276.751    169869312     10616832
       20736         8192         558.290    339738624     21233664
       20736        16384        1111.731    679477248     42467328
       20736        32768        2219.971   1358954496     84934656
       22784            1          20.950        45568         2848
       22784            2           0.800        91136         5696
       22784            4           0.850       182272        11392
       22784            8           1.190       364544        22784
       22784           16           1.680       729088        45568
       22784           32           2.890      1458176        91136
       22784           64           5.280      2916352       182272
       22784          128           9.760      5832704       364544
       22784          256          19.530     11665408       729088
       22784          512          38.370     23330816      1458176
       22784         1024          76.240     46661632      2916352
       22784         2048         162.960     93323264      5832704
       22784         4096         305.400    186646528     11665408
       22784         8192         612.581    373293056     23330816
       22784        16384        1222.981    746586112     46661632
       22784        32768        2446.142   1493172224     93323264
       25024            1          13.320        50048         3128
       25024            2           0.770       100096         6256
       25024            4           0.920       200192        12512
       25024            8           1.250       400384        25024
       25024           16           2.200       800768        50048
       25024           32           3.220      1601536       100096
       25024           64           5.810      3203072       200192
       25024          128          11.300      6406144       400384
       25024          256          21.470     12812288       800768
       25024          512          42.470     25624576      1601536
       25024         1024          94.530     51249152      3203072
       25024         2048         167.490    102498304      6406144
       25024         4096         334.721    204996608     12812288
       25024         8192         674.260    409993216     25624576
       25024        16384        1343.921    819986432     51249152
       25024        32768        2684.662   1639972864    102498304
       27520            1          12.760        55040         3440
       27520            2           0.760       110080         6880
       27520            4           1.000       220160        13760
       27520            8           1.200       440320        27520
       27520           16           2.130       880640        55040
       27520           32           3.740      1761280       110080
       27520           64           6.320      3522560       220160
       27520          128          12.080      7045120       440320
       27520          256          23.530     14090240       880640
       27520          512          46.390     28180480      1761280
       27520         1024          92.320     56360960      3522560
       27520         2048         184.010    112721920      7045120
       27520         4096         377.730    225443840     14090240
       27520         8192         733.551    450887680     28180480
       27520        16384        1474.501    901775360     56360960
       27520        32768        2945.142   1803550720    112721920
       30272            1          39.970        60544         3784
       30272            2           0.870       121088         7568
       30272            4           1.020       242176        15136
       30272            8           1.660       484352        30272
       30272           16           2.160       968704        60544
       30272           32           3.750      1937408       121088
       30272           64           7.100      3874816       242176
       30272          128          13.170      7749632       484352
       30272          256          25.940     15499264       968704
       30272          512          51.250     30998528      1937408
       30272         1024         102.000     61997056      3874816
       30272         2048         203.180    123994112      7749632
       30272         4096         406.460    247988224     15499264
       30272         8192         817.061    495976448     30998528
       30272        16384        1633.661    991952896     61997056
       30272        32768        3254.493   1983905792    123994112
       33280            1          20.130        66560         4160
       33280            2           0.830       133120         8320
       33280            4           1.050       266240        16640
       33280            8           1.700       532480        33280
       33280           16           2.370      1064960        66560
       33280           32           4.090      2129920       133120
       33280           64           7.550      4259840       266240
       33280          128          14.500      8519680       532480
       33280          256          28.310     17039360      1064960
       33280          512          56.071     34078720      2129920
       33280         1024         125.250     68157440      4259840
       33280         2048         222.590    136314880      8519680
       33280         4096         447.180    272629760     17039360
       33280         8192         893.801    545259520     34078720
       33280        16384        1792.641   1090519040     68157440
       36608            1          28.100        73216         4576
       36608            2           1.170       146432         9152
       36608            4           1.160       292864        18304
       36608            8           1.630       585728        36608
       36608           16           2.550      1171456        73216
       36608           32           4.470      2342912       146432
       36608           64           8.250      4685824       292864
       36608          128          15.860      9371648       585728
       36608          256          31.140     18743296      1171456
       36608          512          61.470     37486592      2342912
       36608         1024         122.550     74973184      4685824
       36608         2048         244.290    149946368      9371648
       36608         4096         498.911    299892736     18743296
       36608         8192         983.101    599785472     37486592
       36608        16384        1961.661   1199570944     74973184
       40256            1         165.000        80512         5032
       40256            2           0.840       161024        10064
       40256            4           1.130       322048        20128
       40256            8           1.670       644096        40256
       40256           16           2.720      1288192        80512
       40256           32           4.800      2576384       161024
       40256           64           9.030      5152768       322048
       40256          128          17.350     10305536       644096
       40256          256          34.190     20611072      1288192
       40256          512          67.810     41222144      2576384
       40256         1024         149.951     82444288      5152768
       40256         2048         268.630    164888576     10305536
       40256         4096         537.300    329777152     20611072
       40256         8192        1084.701    659554304     41222144
       40256        16384        2167.722   1319108608     82444288
       44224            1          26.950        88448         5528
       44224            2           1.010       176896        11056
       44224            4           1.570       353792        22112
       44224            8           1.790       707584        44224
       44224           16           3.170      1415168        88448
       44224           32           5.270      2830336       176896
       44224           64          22.390      5660672       353792
       44224          128          19.270     11321344       707584
       44224          256          37.510     22642688      1415168
       44224          512          74.300     45285376      2830336
       44224         1024         147.990     90570752      5660672
       44224         2048         295.560    181141504     11321344
       44224         4096         594.611    362283008     22642688
       44224         8192        1190.871    724566016     45285376
       44224        16384        2385.311   1449132032     90570752
       48640            1          48.110        97280         6080
       48640            2           0.820       194560        12160
       48640            4           1.310       389120        24320
       48640            8           1.800       778240        48640
       48640           16           3.110      1556480        97280
       48640           32           5.680      3112960       194560
       48640           64          10.780      6225920       389120
       48640          128          20.930     12451840       778240
       48640          256          41.120     24903680      1556480
       48640          512          81.540     49807360      3112960
       48640         1024         162.510     99614720      6225920
       48640         2048         324.430    199229440     12451840
       48640         4096         673.251    398458880     24903680
       48640         8192        1309.001    796917760     49807360
       48640        16384        2626.212   1593835520     99614720
       53504            1           4.960       107008         6688
       53504            2           0.870       214016        13376
       53504            4           1.200       428032        26752
       53504            8           2.010       856064        53504
       53504           16           3.380      1712128       107008
       53504           32           6.190      3424256       214016
       53504           64          11.770      6848512       428032
       53504          128          22.910     13697024       856064
       53504          256          45.060     27394048      1712128
       53504          512          89.580     54788096      3424256
       53504         1024         192.201    109576192      6848512
       53504         2048         355.740    219152384     13697024
       53504         4096         725.050    438304768     27394048
       53504         8192        1437.022    876609536     54788096
       53504        16384        2867.812   1753219072    109576192
       58816            1          15.970       117632         7352
       58816            2           0.980       235264        14704
       58816            4           1.500       470528        29408
       58816            8           2.210       941056        58816
       58816           16           3.770      1882112       117632
       58816           32           6.800      3764224       235264
       58816           64          12.960      7528448       470528
       58816          128          25.080     15056896       941056
       58816          256          49.620     30113792      1882112
       58816          512          98.790     60227584      3764224
       58816         1024         207.230    120455168      7528448
       58816         2048         393.791    240910336     15056896
       58816         4096         795.730    481820672     30113792
       58816         8192        1579.441    963641344     60227584
       58816        16384        3163.643   1927282688    120455168
       64640            1           4.030       129280         8080
       64640            2           1.110       258560        16160
       64640            4           1.630       517120        32320
       64640            8           2.360      1034240        64640
       64640           16           4.040      2068480       129280
       64640           32           7.390      4136960       258560
       64640           64          14.210      8273920       517120
       64640          128          27.510     16547840      1034240
       64640          256          54.400     33095680      2068480
       64640          512         108.130     66191360      4136960
       64640         1024         215.391    132382720      8273920
       64640         2048         437.560    264765440     16547840
       64640         4096         869.211    529530880     33095680
       64640         8192        1739.091   1059061760     66191360
       64640        16384        3465.992   2118123520    132382720
       71104            1          12.200       142208         8888
       71104            2           1.240       284416        17776
       71104            4           1.580       568832        35552
       71104            8           2.570      1137664        71104
       71104           16           4.380      2275328       142208
       71104           32           8.120      4550656       284416
       71104           64          15.500      9101312       568832
       71104          128          30.270     18202624      1137664
       71104          256          59.920     36405248      2275328
       71104          512         119.070     72810496      4550656
       71104         1024         237.270    145620992      9101312
       71104         2048         481.741    291241984     18202624
       71104         4096         958.390    582483968     36405248
       71104         8192        1909.972   1164967936     72810496
       78208            1           3.440       156416         9776
       78208            2           1.260       312832        19552
       78208            4           1.830       625664        39104
       78208            8           2.810      1251328        78208
       78208           16           4.770      2502656       156416
       78208           32           8.900      5005312       312832
       78208           64          16.960     10010624       625664
       78208          128          33.170     20021248      1251328
       78208          256          65.760     40042496      2502656
       78208          512         130.671     80084992      5005312
       78208         1024         261.030    160169984     10010624
       78208         2048         540.140    320339968     20021248
       78208         4096        1052.811    640679936     40042496
       78208         8192        2129.951   1281359872     80084992
       86016            1           2.930       172032        10752
       86016            2           1.380       344064        21504
       86016            4           1.950       688128        43008
       86016            8           3.070      1376256        86016
       86016           16           5.300      2752512       172032
       86016           32           9.830      5505024       344064
       86016           64          18.710     11010048       688128
       86016          128          36.920     22020096      1376256
       86016          256          72.230     44040192      2752512
       86016          512         154.080     88080384      5505024
       86016         1024         286.500    176160768     11010048
       86016         2048         579.561    352321536     22020096
       86016         4096        1157.341    704643072     44040192
       86016         8192        2309.051   1409286144     88080384
       94592            1          34.400       189184        11824
       94592            2           1.280       378368        23648
       94592            4           2.060       756736        47296
       94592            8           3.380      1513472        94592
       94592           16           5.870      3026944       189184
       94592           32          10.750      6053888       378368
       94592           64          20.590     12107776       756736
       94592          128          40.370     24215552      1513472
       94592          256          79.290     48431104      3026944
       94592          512         158.050     96862208      6053888
       94592         1024         325.770    193724416     12107776
       94592         2048         633.731    387448832     24215552
       94592         4096        1267.601    774897664     48431104
       94592         8192        2529.422   1549795328     96862208
      104000            1          22.850       208000        13000
      104000            2           1.540       416000        26000
      104000            4           2.280       832000        52000
      104000            8           3.670      1664000       104000
      104000           16           6.300      3328000       208000
      104000           32          11.780      6656000       416000
      104000           64          22.740     13312000       832000
      104000          128          44.110     26624000      1664000
      104000          256          87.420     53248000      3328000
      104000          512         173.631    106496000      6656000
      104000         1024         346.630    212992000     13312000
      104000         2048         704.380    425984000     26624000
      104000         4096        1388.971    851968000     53248000
      104000         8192        2785.182   1703936000    106496000
      114368            1          36.490       228736        14296
      114368            2           1.240       457472        28592
      114368            4           2.450       914944        57184
      114368            8           3.850      1829888       114368
      114368           16           6.810      3659776       228736
      114368           32          12.790      7319552       457472
      114368           64          24.700     14639104       914944
      114368          128          69.150     29278208      1829888
      114368          256          96.030     58556416      3659776
      114368          512         190.980    117112832      7319552
      114368         1024         381.530    234225664     14639104
      114368         2048         776.881    468451328     29278208
      114368         4096        1578.361    936902656     58556416
      114368         8192        3087.463   1873805312    117112832
      125760            1           3.460       251520        15720
      125760            2           1.880       503040        31440
      125760            4           3.030      1006080        62880
      125760            8           4.240      2012160       125760
      125760           16           7.590      4024320       251520
      125760           32          14.010      8048640       503040
      125760           64          27.110     16097280      1006080
      125760          128          53.310     32194560      2012160
      125760          256         105.560     64389120      4024320
      125760          512         210.040    128778240      8048640
      125760         1024         429.221    257556480     16097280
      125760         2048         851.800    515112960     32194560
      125760         4096        1689.262   1030225920     64389120
      125760         8192        3373.852   2060451840    128778240
      138304            1           3.980       276608        17288
      138304            2           2.220       553216        34576
      138304            4           3.100      1106432        69152
      138304            8           4.850      2212864       138304
      138304           16           8.480      4425728       276608
      138304           32          15.960      8851456       553216
      138304           64          30.850     17702912      1106432
      138304          128          60.500     35405824      2212864
      138304          256         120.040     70811648      4425728
      138304          512         238.900    141623296      8851456
      138304         1024         498.480    283246592     17702912
      138304         2048         964.191    566493184     35405824
      138304         4096        1920.622   1132986368     70811648
      152128            1          13.380       304256        19016
      152128            2           2.240       608512        38032
      152128            4           3.400      1217024        76064
      152128            8           5.510      2434048       152128
      152128           16           9.760      4868096       304256
      152128           32          18.100      9736192       608512
      152128           64          35.340     19472384      1217024
      152128          128          69.670     38944768      2434048
      152128          256         138.000     77889536      4868096
      152128          512         301.311    155779072      9736192
      152128         1024         558.150    311558144     19472384
      152128         2048        1128.251    623116288     38944768
      152128         4096        2216.012   1246232576     77889536
      167296            1           3.410       334592        20912
      167296            2           2.910       669184        41824
      167296            4           3.920      1338368        83648
      167296            8           6.210      2676736       167296
      167296           16          10.890      5353472       334592
      167296           32          20.700     10706944       669184
      167296           64          40.050     21413888      1338368
      167296          128          78.920     42827776      2676736
      167296          256         156.380     85655552      5353472
      167296          512         322.721    171311104     10706944
      167296         1024         631.780    342622208     21413888
      167296         2048        1258.511    685244416     42827776
      167296         4096        2513.572   1370488832     85655552
      184000            1           4.740       368000        23000
      184000            2           3.210       736000        46000
      184000            4           4.220      1472000        92000
      184000            8           6.930      2944000       184000
      184000           16          12.290      5888000       368000
      184000           32          22.790     11776000       736000
      184000           64          43.990     23552000      1472000
      184000          128          86.671     47104000      2944000
      184000          256         183.790     94208000      5888000
      184000          512         344.940    188416000     11776000
      184000         1024         700.640    376832000     23552000
      184000         2048        1375.702    753664000     47104000
      184000         4096        2748.892   1507328000     94208000
      202368            1          17.240       404736        25296
      202368            2           3.450       809472        50592
      202368            4           5.540      1618944       101184
      202368            8           7.390      3237888       202368
      202368           16          13.230      6475776       404736
      202368           32          24.980     12951552       809472
      202368           64          48.580     25903104      1618944
      202368          128          95.830     51806208      3237888
      202368          256         202.920    103612416      6475776
      202368          512         379.411    207224832     12951552
      202368         1024         771.330    414449664     25903104
      202368         2048        1516.571    828899328     51806208
      202368         4096        3047.303   1657798656    103612416
      222592            1          17.480       445184        27824
      222592            2           3.150       890368        55648
      222592            4           4.800      1780736       111296
      222592            8           8.120      3561472       222592
      222592           16          14.570      7122944       445184
      222592           32          27.470     14245888       890368
      222592           64          53.270     28491776      1780736
      222592          128         104.920     56983552      3561472
      222592          256         207.670    113967104      7122944
      222592          512         413.961    227934208     14245888
      222592         1024         846.461    455868416     28491776
      222592         2048        1675.981    911736832     56983552
      222592         4096        3321.622   1823473664    113967104
      244800            1           6.070       489600        30600
      244800            2           4.170       979200        61200
      244800            4           6.970      1958400       122400
      244800            8           8.910      3916800       244800
      244800           16          16.010      7833600       489600
      244800           32          29.970     15667200       979200
      244800           64          58.350     31334400      1958400
      244800          128         114.990     62668800      3916800
      244800          256         227.530    125337600      7833600
      244800          512         466.501    250675200     15667200
      244800         1024         911.390    501350400     31334400
      244800         2048        1836.422   1002700800     62668800
      244800         4096        3657.832   2005401600    125337600
      269248            1          22.210       538496        33656
      269248            2           3.880      1076992        67312
      269248            4           5.940      2153984       134624
      269248            8           9.650      4307968       269248
      269248           16          17.430      8615936       538496
      269248           32          33.110     17231872      1076992
      269248           64          64.380     34463744      2153984
      269248          128         127.150     68927488      4307968
      269248          256         252.340    137854976      8615936
      269248          512         507.550    275709952     17231872
      269248         1024        1016.821    551419904     34463744
      269248         2048        2044.102   1102839808     68927488
      296128            1           7.660       592256        37016
      296128            2           5.100      1184512        74032
      296128            4           6.700      2369024       148064
      296128            8          10.810      4738048       296128
      296128           16          19.540      9476096       592256
      296128           32          36.480     18952192      1184512
      296128           64          81.010     37904384      2369024
      296128          128         138.400     75808768      4738048
      296128          256         274.691    151617536      9476096
      296128          512         557.970    303235072     18952192
      296128         1024        1126.251    606470144     37904384
      296128         2048        2214.792   1212940288     75808768
      325696            1           9.020       651392        40712
      325696            2           5.560      1302784        81424
      325696            4           7.080      2605568       162848
      325696            8          11.870      5211136       325696
      325696           16          21.170     10422272       651392
      325696           32          39.590     20844544      1302784
      325696           64          77.210     41689088      2605568
      325696          128         151.990     83378176      5211136
      325696          256         313.441    166756352     10422272
      325696          512         610.180    333512704     20844544
      325696         1024        1247.631    667025408     41689088
      325696         2048        2453.352   1334050816     83378176
      358208            1           9.950       716416        44776
      358208            2           5.070      1432832        89552
      358208            4           7.940      2865664       179104
      358208            8          12.910      5731328       358208
      358208           16          23.450     11462656       716416
      358208           32          44.361     22925312      1432832
      358208           64          96.700     45850624      2865664
      358208          128         168.560     91701248      5731328
      358208          256         334.900    183402496     11462656
      358208          512         681.230    366804992     22925312
      358208         1024        1344.961    733609984     45850624
      358208         2048        2716.542   1467219968     91701248
      393984            1          13.050       787968        49248
      393984            2           6.760      1575936        98496
      393984            4           8.650      3151872       196992
      393984            8          17.920      6303744       393984
      393984           16          25.440     12607488       787968
      393984           32          48.310     25214976      1575936
      393984           64          94.020     50429952      3151872
      393984          128         185.420    100859904      6303744
      393984          256         379.791    201719808     12607488
      393984          512         752.140    403439616     25214976
      393984         1024        1477.471    806879232     50429952
      393984         2048        2971.172   1613758464    100859904
      433344            1          12.850       866688        54168
      433344            2           7.320      1733376       108336
      433344            4           9.380      3466752       216672
      433344            8          15.620      6933504       433344
      433344           16          27.960     13867008       866688
      433344           32          53.210     27734016      1733376
      433344           64         113.170     55468032      3466752
      433344          128         202.220    110936064      6933504
      433344          256         401.671    221872128     13867008
      433344          512         812.960    443744256     27734016
      433344         1024        1615.691    887488512     55468032
      433344         2048        3246.283   1774977024    110936064
      476672            1          13.930       953344        59584
      476672            2           7.940      1906688       119168
      476672            4          10.230      3813376       238336
      476672            8          17.000      7626752       476672
      476672           16          30.830     15253504       953344
      476672           32          58.290     30507008      1906688
      476672           64         113.421     61014016      3813376
      476672          128         234.060    122028032      7626752
      476672          256         453.510    244056064     15253504
      476672          512         895.101    488112128     30507008
      476672         1024        1817.471    976224256     61014016
      476672         2048        3563.253   1952448512    122028032
      524288            1          17.700      1048576        65536
      524288            2           8.860      2097152       131072
      524288            4          11.130      4194304       262144
      524288            8          18.490      8388608       524288
      524288           16          33.580     16777216      1048576
      524288           32          63.801     33554432      2097152
      524288           64         124.520     67108864      4194304
      524288          128         245.870    134217728      8388608
      524288          256         504.010    268435456     16777216
      524288          512        1009.141    536870912     33554432
      524288         1024        1972.721   1073741824     67108864
      524288         2048        3893.953   2147483648    134217728
      576704            1          15.990      1153408        72088
      576704            2           9.980      2306816       144176
      576704            4          12.050      4613632       288352
      576704            8          20.590      9227264       576704
      576704           16          37.460     18454528      1153408
      576704           32          70.760     36909056      2306816
      576704           64         137.180     73818112      4613632
      576704          128         271.280    147636224      9227264
      576704          256         552.491    295272448     18454528
      576704          512        1084.440    590544896     36909056
      576704         1024        2168.342   1181089792     73818112
      634368            1          30.790      1268736        79296
      634368            2          10.940      2537472       158592
      634368            4          13.180      5074944       317184
      634368            8          22.230     10149888       634368
      634368           16          40.480     20299776      1268736
      634368           32          76.980     40599552      2537472
      634368           64         150.110     81199104      5074944
      634368          128         295.850    162398208     10149888
      634368          256         602.450    324796416     20299776
      634368          512        1207.771    649592832     40599552
      634368         1024        2380.532   1299185664     81199104
      697792            1          21.800      1395584        87224
      697792            2          12.230      2791168       174448
      697792            4          14.480      5582336       348896
      697792            8          24.540     11164672       697792
      697792           16          44.920     22329344      1395584
      697792           32          85.520     44658688      2791168
      697792           64         166.310     89317376      5582336
      697792          128         328.350    178634752     11164672
      697792          256         663.271    357269504     22329344
      697792          512        1327.161    714539008     44658688
      697792         1024        2608.692   1429078016     89317376
      767552            1          22.200      1535104        95944
      767552            2          13.010      3070208       191888
      767552            4          16.050      6140416       383776
      767552            8          27.110     12280832       767552
      767552           16          49.370     24561664      1535104
      767552           32          93.540     49123328      3070208
      767552           64         182.370     98246656      6140416
      767552          128         370.661    196493312     12280832
      767552          256         727.650    392986624     24561664
      767552          512        1457.091    785973248     49123328
      767552         1024        2868.532   1571946496     98246656
      844288            1          28.600      1688576       105536
      844288            2          14.560      3377152       211072
      844288            4          17.720      6754304       422144
      844288            8          29.730     13508608       844288
      844288           16          54.210     27017216      1688576
      844288           32         102.920     54034432      3377152
      844288           64         211.110    108068864      6754304
      844288          128         393.731    216137728     13508608
      844288          256         795.080    432275456     27017216
      844288          512        1597.291    864550912     54034432
      844288         1024        3140.163   1729101824    108068864
      928704            1          64.710      1857408       116088
      928704            2          12.390      3714816       232176
      928704            4          19.380      7429632       464352
      928704            8          32.530     14859264       928704
      928704           16          59.330     29718528      1857408
      928704           32         113.220     59437056      3714816
      928704           64         220.231    118874112      7429632
      928704          128         443.990    237748224     14859264
      928704          256         863.681    475496448     29718528
      928704          512        1734.131    950992896     59437056
      928704         1024        3453.312   1901985792    118874112
     1021568            1          71.210      2043136       127696
     1021568            2          13.420      4086272       255392
     1021568            4          21.360      8172544       510784
     1021568            8          36.060     16345088      1021568
     1021568           16          64.980     32690176      2043136
     1021568           32         123.730     65380352      4086272
     1021568           64         241.540    130760704      8172544
     1021568          128         487.701    261521408     16345088
     1021568          256         961.660    523042816     32690176
     1021568          512        1897.432   1046085632     65380352
     1021568         1024        3783.363   2092171264    130760704
     1123712            1          66.290      2247424       140464
     1123712            2          15.360      4494848       280928
     1123712            4          23.140      8989696       561856
     1123712            8          39.160     17979392      1123712
     1123712           16          71.850     35958784      2247424
     1123712           32         136.661     71917568      4494848
     1123712           64         266.050    143835136      8989696
     1123712          128         536.970    287670272     17979392
     1123712          256        1052.501    575340544     35958784
     1123712          512        2090.891   1150681088     71917568
     1236032            1          84.280      2472064       154504
     1236032            2          16.190      4944128       309008
     1236032            4          25.290      9888256       618016
     1236032            8          42.960     19776512      1236032
     1236032           16          89.380     39553024      2472064
     1236032           32         150.040     79106048      4944128
     1236032           64         292.590    158212096      9888256
     1236032          128         580.111    316424192     19776512
     1236032          256        1149.811    632848384     39553024
     1236032          512        2288.821   1265696768     79106048
     1359616            1          79.470      2719232       169952
     1359616            2          18.330      5438464       339904
     1359616            4          28.270     10876928       679808
     1359616            8          47.390     21753856      1359616
     1359616           16          86.800     43507712      2719232
     1359616           32         175.120     87015424      5438464
     1359616           64         322.980    174030848     10876928
     1359616          128         642.161    348061696     21753856
     1359616          256        1272.391    696123392     43507712
     1359616          512        2535.862   1392246784     87015424
     1495552            1          97.160      2991104       186944
     1495552            2          19.890      5982208       373888
     1495552            4          30.870     11964416       747776
     1495552            8          52.520     23928832      1495552
     1495552           16          95.771     47857664      2991104
     1495552           32         181.290     95715328      5982208
     1495552           64         361.360    191430656     11964416
     1495552          128         696.970    382861312     23928832
     1495552          256        1401.852    765722624     47857664
     1495552          512        2769.482   1531445248     95715328
     1645056            1         104.050      3290112       205632
     1645056            2          23.900      6580224       411264
     1645056            4          33.830     13160448       822528
     1645056            8          57.580     26320896      1645056
     1645056           16         105.580     52641792      3290112
     1645056           32         200.710    105283584      6580224
     1645056           64         401.561    210567168     13160448
     1645056          128         767.450    421134336     26320896
     1645056          256        1550.102    842268672     52641792
     1645056          512        3049.232   1684537344    105283584
     1809536            1         115.300      3619072       226192
     1809536            2          23.940      7238144       452384
     1809536            4          37.110     14476288       904768
     1809536            8          63.600     28952576      1809536
     1809536           16         123.220     57905152      3619072
     1809536           32         219.301    115810304      7238144
     1809536           64         427.820    231620608     14476288
     1809536          128         852.791    463241216     28952576
     1809536          256        1691.401    926482432     57905152
     1809536          512        3365.122   1852964864    115810304
     1990464            1         128.560      3980928       248808
     1990464            2          26.340      7961856       497616
     1990464            4          41.410     15923712       995232
     1990464            8          77.850     31847424      1990464
     1990464           16         128.910     63694848      3980928
     1990464           32         245.310    127389696      7961856
     1990464           64         476.371    254779392     15923712
     1990464          128         948.280    509558784     31847424
     1990464          256        1879.912   1019117568     63694848
     1990464          512        3719.413   2038235136    127389696
     2189504            1         135.790      4379008       273688
     2189504            2          29.110      8758016       547376
     2189504            4          45.410     17516032      1094752
     2189504            8          77.170     35032064      2189504
     2189504           16         139.170     70064128      4379008
     2189504           32         273.870    140128256      8758016
     2189504           64         524.191    280256512     17516032
     2189504          128        1058.161    560513024     35032064
     2189504          256        2050.831   1121026048     70064128
     2408448            1         126.710      4816896       301056
     2408448            2          41.870      9633792       602112
     2408448            4          49.510     19267584      1204224
     2408448            8          84.700     38535168      2408448
     2408448           16         153.170     77070336      4816896
     2408448           32         291.120    154140672      9633792
     2408448           64         577.871    308281344     19267584
     2408448          128        1132.861    616562688     38535168
     2408448          256        2242.071   1233125376     77070336
     2649280            1         160.990      5298560       331160
     2649280            2          46.360     10597120       662320
     2649280            4          55.240     21194240      1324640
     2649280            8          92.130     42388480      2649280
     2649280           16         168.410     84776960      5298560
     2649280           32         321.160    169553920     10597120
     2649280           64         640.831    339107840     21194240
     2649280          128        1255.961    678215680     42388480
     2649280          256        2487.252   1356431360     84776960
     2914176            1         180.520      5828352       364272
     2914176            2          44.270     11656704       728544
     2914176            4          60.300     23313408      1457088
     2914176            8         102.620     46626816      2914176
     2914176           16         187.410     93253632      5828352
     2914176           32         361.611    186507264     11656704
     2914176           64         700.580    373014528     23313408
     2914176          128        1379.861    746029056     46626816
     2914176          256        2724.932   1492058112     93253632
     3205568            1         188.170      6411136       400696
     3205568            2          49.270     12822272       801392
     3205568            4          66.360     25644544      1602784
     3205568            8         112.740     51289088      3205568
     3205568           16         206.340    102578176      6411136
     3205568           32         397.030    205156352     12822272
     3205568           64         769.211    410312704     25644544
     3205568          128        1507.801    820625408     51289088
     3205568          256        2997.052   1641250816    102578176
     3526080            1         207.840      7052160       440760
     3526080            2          56.270     14104320       881520
     3526080            4          72.830     28208640      1763040
     3526080            8         127.600     56417280      3526080
     3526080           16         224.370    112834560      7052160
     3526080           32         427.411    225669120     14104320
     3526080           64         838.750    451338240     28208640
     3526080          128        1663.852    902676480     56417280
     3526080          256        3297.702   1805352960    112834560
     3878656            1         216.850      7757312       484832
     3878656            2          65.280     15514624       969664
     3878656            4          78.730     31029248      1939328
     3878656            8         135.090     62058496      3878656
     3878656           16         255.860    124116992      7757312
     3878656           32         478.560    248233984     15514624
     3878656           64         937.081    496467968     31029248
     3878656          128        1839.501    992935936     62058496
     3878656          256        3648.013   1985871872    124116992
     4266496            1         235.351      8532992       533312
     4266496            2          76.050     17065984      1066624
     4266496            4          86.620     34131968      2133248
     4266496            8         147.970     68263936      4266496
     4266496           16         270.980    136527872      8532992
     4266496           32         526.140    273055744     17065984
     4266496           64        1023.491    546111488     34131968
     4266496          128        2015.722   1092222976     68263936
     4693120            1         277.330      9386240       586640
     4693120            2          91.090     18772480      1173280
     4693120            4          96.760     37544960      2346560
     4693120            8         170.180     75089920      4693120
     4693120           16         302.121    150179840      9386240
     4693120           32         575.050    300359680     18772480
     4693120           64        1126.171    600719360     37544960
     4693120          128        2216.702   1201438720     75089920
     5162432            1         300.240     10324864       645304
     5162432            2          95.910     20649728      1290608
     5162432            4         106.490     41299456      2581216
     5162432            8         178.990     82598912      5162432
     5162432           16         335.621    165197824     10324864
     5162432           32         627.300    330395648     20649728
     5162432           64        1245.181    660791296     41299456
     5162432          128        2439.152   1321582592     82598912
     5678656            1         332.850     11357312       709832
     5678656            2         110.280     22714624      1419664
     5678656            4         116.270     45429248      2839328
     5678656            8         204.111     90858496      5678656
     5678656           16         361.090    181716992     11357312
     5678656           32         693.570    363433984     22714624
     5678656           64        1356.691    726867968     45429248
     5678656          128        2677.682   1453735936     90858496
     6246464            1         357.901     12492928       780808
     6246464            2         121.840     24985856      1561616
     6246464            4         126.350     49971712      3123232
     6246464            8         216.580     99943424      6246464
     6246464           16         403.491    199886848     12492928
     6246464           32         771.170    399773696     24985856
     6246464           64        1495.981    799547392     49971712
     6246464          128        2950.112   1599094784     99943424
     6871104            1         377.410     13742208       858888
     6871104            2         129.370     27484416      1717776
     6871104            4         146.580     54968832      3435552
     6871104            8         237.910    109937664      6871104
     6871104           16         435.871    219875328     13742208
     6871104           32         840.980    439750656     27484416
     6871104           64        1644.502    879501312     54968832
     6871104          128        3232.602   1759002624    109937664
     7558208            1         413.950     15116416       944776
     7558208            2         134.050     30232832      1889552
     7558208            4         154.941     60465664      3779104
     7558208            8         270.630    120931328      7558208
     7558208           16         483.910    241862656     15116416
     7558208           32         926.551    483725312     30232832
     7558208           64        1806.701    967450624     60465664
     7558208          128        3560.993   1934901248    120931328
     8313984            1         471.920     16627968      1039248
     8313984            2         148.000     33255936      2078496
     8313984            4         167.720     66511872      4156992
     8313984            8         287.910    133023744      8313984
     8313984           16         536.300    266047488     16627968
     8313984           32        1019.031    532094976     33255936
     8313984           64        1992.272   1064189952     66511872
     8313984          128        3915.703   2128379904    133023744
     9145344            1         508.410     18290688      1143168
     9145344            2         162.370     36581376      2286336
     9145344            4         194.000     73162752      4572672
     9145344            8         316.990    146325504      9145344
     9145344           16         584.891    292651008     18290688
     9145344           32        1128.661    585302016     36581376
     9145344           64        2183.892   1170604032     73162752
    10059840            1         590.030     20119680      1257480
    10059840            2         173.000     40239360      2514960
    10059840            4         203.120     80478720      5029920
    10059840            8         353.591    160957440     10059840
    10059840           16         643.040    321914880     20119680
    10059840           32        1241.201    643829760     40239360
    10059840           64        2412.782   1287659520     80478720
    11065792            1         646.610     22131584      1383224
    11065792            2         196.470     44263168      2766448
    11065792            4         222.991     88526336      5532896
    11065792            8         382.430    177052672     11065792
    11065792           16         715.550    354105344     22131584
    11065792           32        1357.122    708210688     44263168
    11065792           64        2646.292   1416421376     88526336
    12172352            1         700.871     24344704      1521544
    12172352            2         200.510     48689408      3043088
    12172352            4         252.330     97378816      6086176
    12172352            8         422.251    194757632     12172352
    12172352           16         778.680    389515264     24344704
    12172352           32        1487.331    779030528     48689408
    12172352           64        2909.943   1558061056     97378816
    13389568            1         803.871     26779136      1673696
    13389568            2         223.050     53558272      3347392
    13389568            4         271.500    107116544      6694784
    13389568            8         475.551    214233088     13389568
    13389568           16         858.710    428466176     26779136
    13389568           32        1654.182    856932352     53558272
    13389568           64        3213.682   1713864704    107116544
    14728512            1         886.181     29457024      1841064
    14728512            2         278.130     58914048      3682128
    14728512            4         309.150    117828096      7364256
    14728512            8         532.620    235656192     14728512
    14728512           16         974.551    471312384     29457024
    14728512           32        1855.972    942624768     58914048
    14728512           64        3597.262   1885249536    117828096
    16201344            1         951.671     32402688      2025168
    16201344            2         376.290     64805376      4050336
    16201344            4         390.350    129610752      8100672
    16201344            8         665.331    259221504     16201344
    16201344           16        1200.851    518443008     32402688
    16201344           32        2248.642   1036886016     64805376
    16201344           64        4409.993   2073772032    129610752
    17821440            1        1050.051     35642880      2227680
    17821440            2         624.060     71285760      4455360
    17821440            4         626.070    142571520      8910720
    17821440            8         944.481    285143040     17821440
    17821440           16        1621.751    570286080     35642880
    17821440           32        2888.493   1140572160     71285760
    19603584            1        1156.431     39207168      2450448
    19603584            2        1042.651     78414336      4900896
    19603584            4        1265.501    156828672      9801792
    19603584            8        1801.401    313657344     19603584
    19603584           16        2652.712    627314688     39207168
    19603584           32        4006.673   1254629376     78414336
    21563904            1        1256.451     43127808      2695488
    21563904            2        1645.181     86255616      5390976
    21563904            4        2178.262    172511232     10781952
    21563904            8        2990.752    345022464     21563904
    21563904           16        5660.925    690044928     43127808
    21563904           32        9930.627   1380089856     86255616
    23720256            1        1375.341     47440512      2965032
    23720256            2        2250.892     94881024      5930064
    23720256            4        3061.942    189762048     11860128
    23720256            8        4574.714    379524096     23720256
    23720256           16        6601.845    759048192     47440512
    23720256           32        8630.416   1518096384     94881024
    26092224            1        1552.141     52184448      3261528
    26092224            2        2853.892    104368896      6523056
    26092224            4        4046.263    208737792     13046112
    26092224            8        6241.915    417475584     26092224
    26092224           16       10406.838    834951168     52184448
    26092224           32       16906.603   1669902336    104368896
    28701440            1        1692.401     57402880      3587680
    28701440            2        3311.142    114805760      7175360
    28701440            4        4776.114    229611520     14350720
    28701440            8        7499.746    459223040     28701440
    28701440           16       12970.460    918446080     57402880
    28701440           32       23892.587   1836892160    114805760
    31571584            1        1871.792     63143168      3946448
    31571584            2        3677.373    126286336      7892896
    31571584            4        5431.254    252572672     15785792
    31571584            8        8659.876    505145344     31571584
    31571584           16       14999.742   1010290688     63143168
    31571584           32       27928.381   2020581376    126286336
    34728704            1        2065.721     69457408      4341088
    34728704            2        4075.453    138914816      8682176
    34728704            4        6060.625    277829632     17364352
    34728704            8        9834.597    555659264     34728704
    34728704           16       17190.333   1111318528     69457408
    38201536            1        2240.491     76403072      4775192
    38201536            2        4462.503    152806144      9550384
    38201536            4        6738.606    305612288     19100768
    38201536            8       11133.758    611224576     38201536
    38201536           16       19838.225   1222449152     76403072
    42021632            1        2482.142     84043264      5252704
    42021632            2        4946.484    168086528     10505408
    42021632            4        7404.056    336173056     21010816
    42021632            8       12307.509    672346112     42021632
    42021632           16       22299.257   1344692224     84043264
    46223744            1        2715.882     92447488      5777968
    46223744            2        5423.044    184894976     11555936
    46223744            4        8192.746    369789952     23111872
    46223744            8       13585.371    739579904     46223744
    46223744           16       24438.018   1479159808     92447488
    50846080            1        2987.623    101692160      6355760
    50846080            2        6011.944    203384320     12711520
    50846080            4        8964.267    406768640     25423040
    50846080            8       14987.191    813537280     50846080
    50846080           16       26937.760   1627074560    101692160
    55930688            1        3223.662    111861376      6991336
    55930688            2        6614.725    223722752     13982672
    55930688            4        9891.888    447445504     27965344
    55930688            8       16462.772    894891008     55930688
    55930688           16       29706.683   1789782016    111861376
    61523712            1        3641.783    123047424      7690464
    61523712            2        7250.465    246094848     15380928
    61523712            4       10916.318    492189696     30761856
    61523712            8       18175.174    984379392     61523712
    61523712           16       32680.205   1968758784    123047424
    67676032            1        4140.993    135352064      8459504
    67676032            2        8016.636    270704128     16919008
    67676032            4       12190.950    541408256     33838016
    67676032            8       20210.535   1082816512     67676032
    74443584            1        4661.743    148887168      9305448
    74443584            2        8861.737    297774336     18610896
    74443584            4       13731.310    595548672     37221792
    74443584            8       22680.687   1191097344     74443584
    81887936            1        4909.004    163775872     10235992
    81887936            2        9551.637    327551744     20471984
    81887936            4       14556.561    655103488     40943968
    81887936            8       24275.088   1310206976     81887936
    90076672            1        5276.004    180153344     11259584
    90076672            2       10673.968    360306688     22519168
    90076672            4       15996.652    720613376     45038336
    90076672            8       26751.680   1441226752     90076672
    99084288            1        5814.405    198168576     12385536
    99084288            2       11726.369    396337152     24771072
    99084288            4       17575.643    792674304     49542144
    99084288            8       29366.072   1585348608     99084288
   108992704            1        6425.085    217985408     13624088
   108992704            2       12865.650    435970816     27248176
   108992704            4       19317.804    871941632     54496352
   108992704            8       32236.755   1743883264    108992704
   119891968            1        7076.515    239783936     14986496
   119891968            2       14136.620    479567872     29972992
   119891968            4       21294.866    959135744     59945984
   119891968            8       35472.277   1918271488    119891968
   131881152            1        7770.226    263762304     16485144
   131881152            2       15554.882    527524608     32970288
   131881152            4       23395.697   1055049216     65940576
   131881152            8       38963.230   2110098432    131881152
   145069248            1        8531.186    290138496     18133656
   145069248            2       17118.312    580276992     36267312
   145069248            4       25698.200   1160553984     72534624
   159576128            1        9442.287    319152256     19947016
   159576128            2       18869.735    638304512     39894032
   159576128            4       28270.451   1276609024     79788064
   175533696            1       10311.678    351067392     21941712
   175533696            2       20667.166    702134784     43883424
   175533696            4       31050.143   1404269568     87766848
   193087040            1       11376.229    386174080     24135880
   193087040            2       22687.947    772348160     48271760
   193087040            4       34129.296   1544696320     96543520
   212395712            1       12496.889    424791424     26549464
   212395712            2       25019.659    849582848     53098928
   212395712            4       37562.728   1699165696    106197856
   233635264            1       13775.420    467270528     29204408
   233635264            2       27504.411    934541056     58408816
   233635264            4       41304.831   1869082112    116817632
   256998784            1       15122.262    513997568     32124848
   256998784            2       30258.423   1027995136     64249696
   256998784            4       45431.844   2055990272    128499392
   282698624            1       16684.943    565397248     35337328
   282698624            2       33268.015   1130794496     70674656
   310968448            1       18368.434    621936896     38871056
   310968448            2       36674.218   1243873792     77742112
   342065280            1       20195.455    684130560     42758160
   342065280            2       40293.941   1368261120     85516320
   376271808            1       22209.857    752543616     47033976
   376271808            2       44228.173   1505087232     94067952
   413898944            1       24369.738    827797888     51737368
   413898944            2       48750.017   1655595776    103474736
   455288832            1       26785.430    910577664     56911104
   455288832            2       53547.590   1821155328    113822208
   500817664            1       29440.322   1001635328     62602208
   500817664            2       58932.704   2003270656    125204416
   550899392            1       32375.514   1101798784     68862424
   605989312            1       35627.647   1211978624     75748664
   666588224            1       39073.339   1333176448     83323528
   733247040            1       43045.862   1466494080     91655880
   806571712            1       47454.455   1613143424    100821464
   887228864            1       52199.079   1774457728    110903608
   975951744            1       57439.383   1951903488    121993968
  1073546880            1       63200.108   2147093760    134193360

META_DATA
FLOPS          1
OPENMP_THREADS 8
ERT_VERSION  1.1.0
HOSTNAME  ('pve.fritz.box', ['pve'], ['192.168.188.21'])
UNAME  uname_result(system='Linux', node='pve', release='6.14.8-2-pve', version='#1 SMP PREEMPT_DYNAMIC PMX 6.14.8-2 (2025-07-22T10:04Z)', machine='x86_64')
TIMESTAMP_DATA  1765906455.9672747
CONFIG  {'ERT_MPI': ['False'], 'ERT_OPENMP': ['True'], 'ERT_OPENMP_CFLAGS': ['-fopenmp'], 'ERT_OPENMP_LDFLAGS': ['-fopenmp'], 'ERT_PRECISION': ['FP64'], 'ERT_TRIALS_MIN': ['1'], 'ERT_TRIALS': ['3', '#', 'Run', 'each', 'test', '3', 'times', 'to', 'filter', 'out', 'background', 'noise'], 'ERT_RESULTS': ['Results/1600X'], 'ERT_GNUPLOT': ['gnuplot'], 'ERT_DRIVER': ['driver1'], 'ERT_KERNEL': ['kernel1'], 'ERT_CC': ['g++'], 'ERT_LD': ['g++'], 'ERT_CFLAGS': ['-O3', '-march=native', '-fopenmp', '-fstrict-aliasing', '-funroll-loops', '-Wno-all'], 'ERT_LDFLAGS': ['-O3', '-march=native', '-fopenmp'], 'ERT_LDLIBS': ['-lm'], 'ERT_RUN': ['export', 'OMP_NUM_THREADS=ERT_OPENMP_THREADS;', './ERT_CODE'], 'ERT_WORKING_SET_MIN': ['128'], 'ERT_MEMORY_MAX': ['1073741824'], 'ERT_ALIGN': ['64'], 'ERT_MIN_PROCS': ['1'], 'ERT_MAX_PROCS': ['1'], 'ERT_OPENMP_THREADS': ['1,2,4,8,12', '#', 'Logical', 'Threads'], 'ERT_NUM_EXPERIMENTS': ['5'], 'ERT_FLOPS': ['1,2,4,8'], 'ERT_GPU': [False], 'ERT_HIP': [False], 'ERT_OCL': [False], 'ERT_SYCL': [False], 'ERT_WSS_MULT': [1.1]}
