fp64
        4096            1           1.250         8192         1024
        4096            2           0.600        16384         2048
        4096            4           0.660        32768         4096
        4096            8           0.700        65536         8192
        4096           16           0.760       131072        16384
        4096           32           0.980       262144        32768
        4096           64           1.350       524288        65536
        4096          128           2.180      1048576       131072
        4096          256           3.890      2097152       262144
        4096          512           7.160      4194304       524288
        4096         1024          13.800      8388608      1048576
        4096         2048          29.190     16777216      2097152
        4096         4096          53.660     33554432      4194304
        4096         8192         106.800     67108864      8388608
        4096        16384         213.070    134217728     16777216
        4096        32768         461.031    268435456     33554432
        4096        65536         926.970    536870912     67108864
        4096       131072        1845.522   1073741824    134217728
        4096       262144        3566.473   2147483648    268435456
        4480            1           0.950         8960         1120
        4480            2           0.600        17920         2240
        4480            4           0.550        35840         4480
        4480            8           0.640        71680         8960
        4480           16           0.730       143360        17920
        4480           32           0.940       286720        35840
        4480           64           1.390       573440        71680
        4480          128           2.340      1146880       143360
        4480          256           4.300      2293760       286720
        4480          512           8.100      4587520       573440
        4480         1024          15.640      9175040      1146880
        4480         2048          30.790     18350080      2293760
        4480         4096          60.840     36700160      4587520
        4480         8192         121.521     73400320      9175040
        4480        16384         242.930    146800640     18350080
        4480        32768         490.050    293601280     36700160
        4480        65536         967.721    587202560     73400320
        4480       131072        1899.061   1174405120    146800640
        4928            1          11.250         9856         1232
        4928            2           0.820        19712         2464
        4928            4           0.580        39424         4928
        4928            8           0.700        78848         9856
        4928           16           0.800       157696        19712
        4928           32           1.060       315392        39424
        4928           64           1.550       630784        78848
        4928          128           2.530      1261568       157696
        4928          256           4.540      2523136       315392
        4928          512           8.980      5046272       630784
        4928         1024          17.190     10092544      1261568
        4928         2048          33.800     20185088      2523136
        4928         4096          68.100     40370176      5046272
        4928         8192         145.740     80740352     10092544
        4928        16384         265.681    161480704     20185088
        4928        32768         543.190    322961408     40370176
        4928        65536        1061.311    645922816     80740352
        4928       131072        2129.422   1291845632    161480704
        5408            1           2.260        10816         1352
        5408            2           0.650        21632         2704
        5408            4           0.600        43264         5408
        5408            8           0.680        86528        10816
        5408           16           0.820       173056        21632
        5408           32           1.060       346112        43264
        5408           64           1.600       692224        86528
        5408          128           2.690      1384448       173056
        5408          256           5.000      2768896       346112
        5408          512           9.860      5537792       692224
        5408         1024          28.060     11075584      1384448
        5408         2048          36.520     22151168      2768896
        5408         4096          75.200     44302336      5537792
        5408         8192         145.770     88604672     11075584
        5408        16384         294.550    177209344     22151168
        5408        32768         585.930    354418688     44302336
        5408        65536        1180.041    708837376     88604672
        5408       131072        2341.112   1417674752    177209344
        5920            1           3.310        11840         1480
        5920            2           0.580        23680         2960
        5920            4           0.570        47360         5920
        5920            8           0.660        94720        11840
        5920           16           0.810       189440        23680
        5920           32           1.120       378880        47360
        5920           64           1.710       757760        94720
        5920          128           3.010      1515520       189440
        5920          256           5.430      3031040       378880
        5920          512          10.480      6062080       757760
        5920         1024          20.270     12124160      1515520
        5920         2048          40.370     24248320      3031040
        5920         4096          82.000     48496640      6062080
        5920         8192         159.730     96993280     12124160
        5920        16384         322.581    193986560     24248320
        5920        32768         633.530    387973120     48496640
        5920        65536        1309.671    775946240     96993280
        5920       131072        2530.352   1551892480    193986560
        6496            1          11.960        12992         1624
        6496            2           0.550        25984         3248
        6496            4           0.610        51968         6496
        6496            8           0.680       103936        12992
        6496           16           0.840       207872        25984
        6496           32           1.210       415744        51968
        6496           64           2.270       831488       103936
        6496          128           3.240      1662976       207872
        6496          256           5.850      3325952       415744
        6496          512          11.660      6651904       831488
        6496         1024          22.430     13303808      1662976
        6496         2048          43.940     26607616      3325952
        6496         4096          87.500     53215232      6651904
        6496         8192         174.440    106430464     13303808
        6496        16384         365.831    212860928     26607616
        6496        32768         719.060    425721856     53215232
        6496        65536        1393.401    851443712    106430464
        6496       131072        2824.443   1702887424    212860928
        7136            1          13.560        14272         1784
        7136            2           0.660        28544         3568
        7136            4           0.610        57088         7136
        7136            8           0.710       114176        14272
        7136           16           0.880       228352        28544
        7136           32           1.230       456704        57088
        7136           64           1.990       913408       114176
        7136          128           3.470      1826816       228352
        7136          256           6.540      3653632       456704
        7136          512          12.660      7307264       913408
        7136         1024          24.490     14614528      1826816
        7136         2048          47.010     29229056      3653632
        7136         4096          93.770     58458112      7307264
        7136         8192         193.030    116916224     14614528
        7136        16384         385.660    233832448     29229056
        7136        32768         767.121    467664896     58458112
        7136        65536        1535.461    935329792    116916224
        7136       131072        3079.132   1870659584    233832448
        7840            1           1.400        15680         1960
        7840            2           0.690        31360         3920
        7840            4           0.760        62720         7840
        7840            8           0.890       125440        15680
        7840           16           1.140       250880        31360
        7840           32           1.650       501760        62720
        7840           64           2.170      1003520       125440
        7840          128           3.780      2007040       250880
        7840          256           7.000      4014080       501760
        7840          512          13.470      8028160      1003520
        7840         1024          27.100     16056320      2007040
        7840         2048          52.500     32112640      4014080
        7840         4096         105.530     64225280      8028160
        7840         8192         210.631    128450560     16056320
        7840        16384         425.290    256901120     32112640
        7840        32768         844.731    513802240     64225280
        7840        65536        1693.771   1027604480    128450560
        7840       131072        3384.633   2055208960    256901120
        8608            1           1.320        17216         2152
        8608            2           0.660        34432         4304
        8608            4           1.030        68864         8608
        8608            8           0.780       137728        17216
        8608           16           0.970       275456        34432
        8608           32           1.380       550912        68864
        8608           64           2.270      1101824       137728
        8608          128           4.010      2203648       275456
        8608          256           7.640      4407296       550912
        8608          512          26.680      8814592      1101824
        8608         1024          31.840     17629184      2203648
        8608         2048          57.660     35258368      4407296
        8608         4096         115.130     70516736      8814592
        8608         8192         229.630    141033472     17629184
        8608        16384         460.900    282066944     35258368
        8608        32768         924.551    564133888     70516736
        8608        65536        1830.402   1128267776    141033472
        9440            1          12.310        18880         2360
        9440            2           0.620        37760         4720
        9440            4           0.650        75520         9440
        9440            8           0.780       151040        18880
        9440           16           0.990       302080        37760
        9440           32           1.510       604160        75520
        9440           64           2.480      1208320       151040
        9440          128           4.390      2416640       302080
        9440          256           8.230      4833280       604160
        9440          512          16.110      9666560      1208320
        9440         1024          32.770     19333120      2416640
        9440         2048          65.300     38666240      4833280
        9440         4096         124.900     77332480      9666560
        9440         8192         254.701    154664960     19333120
        9440        16384         498.480    309329920     38666240
        9440        32768        1013.661    618659840     77332480
        9440        65536        2037.102   1237319680    154664960
       10368            1          12.540        20736         2592
       10368            2           0.600        41472         5184
       10368            4           0.690        82944        10368
       10368            8           0.800       165888        20736
       10368           16           1.270       331776        41472
       10368           32           1.590       663552        82944
       10368           64           2.610      1327104       165888
       10368          128           4.720      2654208       331776
       10368          256           8.950      5308416       663552
       10368          512          17.870     10616832      1327104
       10368         1024          35.020     21233664      2654208
       10368         2048          67.801     42467328      5308416
       10368         4096         135.050     84934656     10616832
       10368         8192         287.200    169869312     21233664
       10368        16384         538.560    339738624     42467328
       10368        32768        1119.211    679477248     84934656
       10368        65536        2218.682   1358954496    169869312
       11392            1           1.100        22784         2848
       11392            2           0.670        45568         5696
       11392            4           0.680        91136        11392
       11392            8           0.760       182272        22784
       11392           16           0.990       364544        45568
       11392           32           1.740       729088        91136
       11392           64           3.650      1458176       182272
       11392          128           6.350      2916352       364544
       11392          256          10.160      5832704       729088
       11392          512          19.310     11665408      1458176
       11392         1024          37.500     23330816      2916352
       11392         2048          75.940     46661632      5832704
       11392         4096         148.330     93323264     11665408
       11392         8192         296.130    186646528     23330816
       11392        16384         612.941    373293056     46661632
       11392        32768        1225.631    746586112     93323264
       11392        65536        2424.332   1493172224    186646528
       12512            1           1.570        25024         3128
       12512            2           0.620        50048         6256
       12512            4           0.770       100096        12512
       12512            8           0.870       200192        25024
       12512           16           1.180       400384        50048
       12512           32           1.790       800768       100096
       12512           64           3.060      1601536       200192
       12512          128           5.590      3203072       400384
       12512          256          11.240      6406144       800768
       12512          512          21.160     12812288      1601536
       12512         1024          41.990     25624576      3203072
       12512         2048          83.020     51249152      6406144
       12512         4096         174.340    102498304     12812288
       12512         8192         343.540    204996608     25624576
       12512        16384         657.451    409993216     51249152
       12512        32768        1305.121    819986432    102498304
       12512        65536        2664.622   1639972864    204996608
       13760            1           9.190        27520         3440
       13760            2           0.650        55040         6880
       13760            4           0.760       110080        13760
       13760            8           0.930       220160        27520
       13760           16           1.260       440320        55040
       13760           32           1.990       880640       110080
       13760           64           3.450      1761280       220160
       13760          128           6.180      3522560       440320
       13760          256          12.200      7045120       880640
       13760          512          23.340     14090240      1761280
       13760         1024          46.960     28180480      3522560
       13760         2048          92.560     56360960      7045120
       13760         4096         205.290    112721920     14090240
       13760         8192         383.541    225443840     28180480
       13760        16384         748.480    450887680     56360960
       13760        32768        1486.452    901775360    112721920
       13760        65536        2911.232   1803550720    225443840
       15136            1          12.250        30272         3784
       15136            2           0.700        60544         7568
       15136            4           0.780       121088        15136
       15136            8           0.970       242176        30272
       15136           16           1.340       484352        60544
       15136           32           2.140       968704       121088
       15136           64           3.660      1937408       242176
       15136          128           7.020      3874816       484352
       15136          256          13.230      7749632       968704
       15136          512          26.530     15499264      1937408
       15136         1024          51.860     30998528      3874816
       15136         2048         105.180     61997056      7749632
       15136         4096         201.930    123994112     15499264
       15136         8192         420.130    247988224     30998528
       15136        16384         832.831    495976448     61997056
       15136        32768        1730.332    991952896    123994112
       15136        65536        3278.892   1983905792    247988224
       16640            1          12.580        33280         4160
       16640            2           0.910        66560         8320
       16640            4           0.970       133120        16640
       16640            8           1.250       266240        33280
       16640           16           1.820       532480        66560
       16640           32           2.980      1064960       133120
       16640           64           5.600      2129920       266240
       16640          128          11.630      4259840       532480
       16640          256          21.150      8519680      1064960
       16640          512          40.980     17039360      2129920
       16640         1024          86.200     34078720      4259840
       16640         2048         155.940     68157440      8519680
       16640         4096         328.450    136314880     17039360
       16640         8192         631.521    272629760     34078720
       16640        16384        1278.811    545259520     68157440
       16640        32768        2544.752   1090519040    136314880
       18304            1           9.991        36608         4576
       18304            2           0.780        73216         9152
       18304            4           0.810       146432        18304
       18304            8           1.080       292864        36608
       18304           16           1.670       585728        73216
       18304           32           2.800      1171456       146432
       18304           64           4.380      2342912       292864
       18304          128           8.100      4685824       585728
       18304          256          15.660      9371648      1171456
       18304          512          30.720     18743296      2342912
       18304         1024          62.070     37486592      4685824
       18304         2048         121.390     74973184      9371648
       18304         4096         250.270    149946368     18743296
       18304         8192         488.220    299892736     37486592
       18304        16384         980.101    599785472     74973184
       18304        32768        1925.202   1199570944    149946368
       20128            1           1.200        40256         5032
       20128            2           0.680        80512        10064
       20128            4           0.800       161024        20128
       20128            8           1.070       322048        40256
       20128           16           1.570       644096        80512
       20128           32           2.610      1288192       161024
       20128           64           4.790      2576384       322048
       20128          128           8.860      5152768       644096
       20128          256          17.500     10305536      1288192
       20128          512          34.110     20611072      2576384
       20128         1024          69.050     41222144      5152768
       20128         2048         135.801     82444288     10305536
       20128         4096         272.780    164888576     20611072
       20128         8192         551.830    329777152     41222144
       20128        16384        1106.481    659554304     82444288
       20128        32768        2172.912   1319108608    164888576
       22112            1           1.840        44224         5528
       22112            2           0.710        88448        11056
       22112            4           1.010       176896        22112
       22112            8           1.120       353792        44224
       22112           16           1.690       707584        88448
       22112           32           2.820      1415168       176896
       22112           64           5.200      2830336       353792
       22112          128           9.940      5660672       707584
       22112          256          19.230     11321344      1415168
       22112          512          37.820     22642688      2830336
       22112         1024          75.350     45285376      5660672
       22112         2048         150.180     90570752     11321344
       22112         4096         308.630    181141504     22642688
       22112         8192         591.561    362283008     45285376
       22112        16384        1192.201    724566016     90570752
       22112        32768        2404.072   1449132032    181141504
       24320            1           3.520        48640         6080
       24320            2           0.710        97280        12160
       24320            4           0.970       194560        24320
       24320            8           1.200       389120        48640
       24320           16           1.800       778240        97280
       24320           32           3.100      1556480       194560
       24320           64           5.580      3112960       389120
       24320          128          10.880      6225920       778240
       24320          256          20.840     12451840      1556480
       24320          512          41.730     24903680      3112960
       24320         1024          81.600     49807360      6225920
       24320         2048         165.140     99614720     12451840
       24320         4096         331.050    199229440     24903680
       24320         8192         655.220    398458880     49807360
       24320        16384        1315.291    796917760     99614720
       24320        32768        2632.032   1593835520    199229440
       26752            1           9.020        53504         6688
       26752            2           0.820       107008        13376
       26752            4           0.920       214016        26752
       26752            8           1.270       428032        53504
       26752           16           1.970       856064       107008
       26752           32           3.340      1712128       214016
       26752           64           6.220      3424256       428032
       26752          128          11.820      6848512       856064
       26752          256          22.620     13697024      1712128
       26752          512          44.740     27394048      3424256
       26752         1024          89.100     54788096      6848512
       26752         2048         177.601    109576192     13697024
       26752         4096         354.370    219152384     27394048
       26752         8192         713.110    438304768     54788096
       26752        16384        1434.992    876609536    109576192
       26752        32768        2883.192   1753219072    219152384
       29408            1           9.010        58816         7352
       29408            2           0.930       117632        14704
       29408            4           1.030       235264        29408
       29408            8           1.400       470528        58816
       29408           16           2.130       941056       117632
       29408           32           3.630      1882112       235264
       29408           64           6.910      3764224       470528
       29408          128          13.000      7528448       941056
       29408          256          25.320     15056896      1882112
       29408          512          50.290     30113792      3764224
       29408         1024          99.940     60227584      7528448
       29408         2048         207.870    120455168     15056896
       29408         4096         404.940    240910336     30113792
       29408         8192         793.801    481820672     60227584
       29408        16384        1576.841    963641344    120455168
       29408        32768        3155.273   1927282688    240910336
       32320            1           1.670        64640         8080
       32320            2           0.820       129280        16160
       32320            4           1.010       258560        32320
       32320            8           1.440       517120        64640
       32320           16           2.300      1034240       129280
       32320           32           3.930      2068480       258560
       32320           64           7.490      4136960       517120
       32320          128          14.510      8273920      1034240
       32320          256          28.250     16547840      2068480
       32320          512          56.241     33095680      4136960
       32320         1024         120.290     66191360      8273920
       32320         2048         223.440    132382720     16547840
       32320         4096         445.640    264765440     33095680
       32320         8192         893.321    529530880     66191360
       32320        16384        1757.831   1059061760    132382720
       32320        32768        3511.163   2118123520    264765440
       35552            1           1.610        71104         8888
       35552            2           0.820       142208        17776
       35552            4           1.070       284416        35552
       35552            8           1.530       568832        71104
       35552           16           2.410      1137664       142208
       35552           32           4.330      2275328       284416
       35552           64           8.140      4550656       568832
       35552          128          15.680      9101312      1137664
       35552          256          30.830     18202624      2275328
       35552          512          61.240     36405248      4550656
       35552         1024         122.000     72810496      9101312
       35552         2048         249.320    145620992     18202624
       35552         4096         486.401    291241984     36405248
       35552         8192         951.770    582483968     72810496
       35552        16384        1937.752   1164967936    145620992
       39104            1           9.250        78208         9776
       39104            2           0.860       156416        19552
       39104            4           1.100       312832        39104
       39104            8           1.630       625664        78208
       39104           16           2.610      1251328       156416
       39104           32           4.690      2502656       312832
       39104           64           8.610      5005312       625664
       39104          128          16.850     10010624      1251328
       39104          256          33.160     20021248      2502656
       39104          512          65.850     40042496      5005312
       39104         1024         131.210     80084992     10010624
       39104         2048         268.740    160169984     20021248
       39104         4096         536.310    320339968     40042496
       39104         8192        1084.021    640679936     80084992
       39104        16384        2147.112   1281359872    160169984
       43008            1           9.020        86016        10752
       43008            2           0.890       172032        21504
       43008            4           1.170       344064        43008
       43008            8           1.780       688128        86016
       43008           16           2.860      1376256       172032
       43008           32           5.210      2752512       344064
       43008           64           9.430      5505024       688128
       43008          128          18.310     11010048      1376256
       43008          256          35.850     22020096      2752512
       43008          512          71.150     44040192      5505024
       43008         1024         141.880     88080384     11010048
       43008         2048         283.090    176160768     22020096
       43008         4096         569.991    352321536     44040192
       43008         8192        1131.321    704643072     88080384
       43008        16384        2266.181   1409286144    176160768
       47296            1           9.300        94592        11824
       47296            2           0.930       189184        23648
       47296            4           1.240       378368        47296
       47296            8           1.890       756736        94592
       47296           16           3.210      1513472       189184
       47296           32           5.760      3026944       378368
       47296           64          10.810      6053888       756736
       47296          128          21.120     12107776      1513472
       47296          256          41.430     24215552      3026944
       47296          512          82.560     48431104      6053888
       47296         1024         199.161     96862208     12107776
       47296         2048         312.980    193724416     24215552
       47296         4096         661.700    387448832     48431104
       47296         8192        1309.861    774897664     96862208
       47296        16384        2580.272   1549795328    193724416
       52000            1           2.220       104000        13000
       52000            2           0.980       208000        26000
       52000            4           1.320       416000        52000
       52000            8           2.020       832000       104000
       52000           16           3.320      1664000       208000
       52000           32           6.090      3328000       416000
       52000           64          11.550      6656000       832000
       52000          128          23.080     13312000      1664000
       52000          256          45.760     26624000      3328000
       52000          512          86.250     53248000      6656000
       52000         1024         184.260    106496000     13312000
       52000         2048         350.761    212992000     26624000
       52000         4096         719.040    425984000     53248000
       52000         8192        1410.421    851968000    106496000
       52000        16384        2801.233   1703936000    212992000
       57184            1           9.810       114368        14296
       57184            2           1.130       228736        28592
       57184            4           1.490       457472        57184
       57184            8           2.250       914944       114368
       57184           16           3.640      1829888       228736
       57184           32           6.520      3659776       457472
       57184           64          12.460      7319552       914944
       57184          128          24.190     14639104      1829888
       57184          256          48.150     29278208      3659776
       57184          512          97.440     58556416      7319552
       57184         1024         191.770    117112832     14639104
       57184         2048         401.420    234225664     29278208
       57184         4096         794.371    468451328     58556416
       57184         8192        1518.261    936902656    117112832
       57184        16384        3127.673   1873805312    234225664
       62880            1          10.610       125760        15720
       62880            2           1.110       251520        31440
       62880            4           1.550       503040        62880
       62880            8           2.370      1006080       125760
       62880           16           3.970      2012160       251520
       62880           32           7.110      4024320       503040
       62880           64          14.140      8048640      1006080
       62880          128          26.931     16097280      2012160
       62880          256          54.890     32194560      4024320
       62880          512         109.190     64389120      8048640
       62880         1024         222.590    128778240     16097280
       62880         2048         435.270    257556480     32194560
       62880         4096         873.101    515112960     64389120
       62880         8192        1682.341   1030225920    128778240
       62880        16384        3413.243   2060451840    257556480
       69152            1           2.710       138304        17288
       69152            2           1.150       276608        34576
       69152            4           1.620       553216        69152
       69152            8           2.530      1106432       138304
       69152           16           4.220      2212864       276608
       69152           32           7.770      4425728       553216
       69152           64          14.810      8851456      1106432
       69152          128          28.930     17702912      2212864
       69152          256          57.480     35405824      4425728
       69152          512         113.900     70811648      8851456
       69152         1024         226.660    141623296     17702912
       69152         2048         459.181    283246592     35405824
       69152         4096         907.970    566493184     70811648
       69152         8192        1806.212   1132986368    141623296
       76064            1           3.210       152128        19016
       76064            2           1.210       304256        38032
       76064            4           1.710       608512        76064
       76064            8           2.690      1217024       152128
       76064           16           4.670      2434048       304256
       76064           32           8.800      4868096       608512
       76064           64          16.821      9736192      1217024
       76064          128          32.940     19472384      2434048
       76064          256          62.950     38944768      4868096
       76064          512         137.930     77889536      9736192
       76064         1024         257.790    155779072     19472384
       76064         2048         497.760    311558144     38944768
       76064         4096        1025.571    623116288     77889536
       76064         8192        2072.852   1246232576    155779072
       83648            1           3.340       167296        20912
       83648            2           1.280       334592        41824
       83648            4           1.850       669184        83648
       83648            8           2.950      1338368       167296
       83648           16           5.140      2676736       334592
       83648           32           9.530      5353472       669184
       83648           64          18.721     10706944      1338368
       83648          128          36.030     21413888      2676736
       83648          256          73.350     42827776      5353472
       83648          512         146.610     85655552     10706944
       83648         1024         293.250    171311104     21413888
       83648         2048         568.980    342622208     42827776
       83648         4096        1169.862    685244416     85655552
       83648         8192        2272.191   1370488832    171311104
       92000            1           9.670       184000        23000
       92000            2           1.400       368000        46000
       92000            4           1.980       736000        92000
       92000            8           3.190      1472000       184000
       92000           16           5.620      2944000       368000
       92000           32          10.840      5888000       736000
       92000           64          20.730     11776000      1472000
       92000          128          40.630     23552000      2944000
       92000          256          76.750     47104000      5888000
       92000          512         154.550     94208000     11776000
       92000         1024         322.300    188416000     23552000
       92000         2048         631.651    376832000     47104000
       92000         4096        1249.831    753664000     94208000
       92000         8192        2478.692   1507328000    188416000
      101184            1           6.340       202368        25296
      101184            2           1.500       404736        50592
      101184            4           2.140       809472       101184
      101184            8           3.400      1618944       202368
      101184           16           6.020      3237888       404736
      101184           32          11.180      6475776       809472
      101184           64          21.590     12951552      1618944
      101184          128          42.200     25903104      3237888
      101184          256          94.710     51806208      6475776
      101184          512         168.920    103612416     12951552
      101184         1024         354.640    207224832     25903104
      101184         2048         672.201    414449664     51806208
      101184         4096        1375.681    828899328    103612416
      101184         8192        2787.652   1657798656    207224832
      111296            1          11.200       222592        27824
      111296            2           1.620       445184        55648
      111296            4           2.260       890368       111296
      111296            8           3.840      1780736       222592
      111296           16           6.580      3561472       445184
      111296           32          12.970      7122944       890368
      111296           64          24.640     14245888      1780736
      111296          128          49.360     28491776      3561472
      111296          256          97.730     56983552      7122944
      111296          512         194.660    113967104     14245888
      111296         1024         373.651    227934208     28491776
      111296         2048         785.050    455868416     56983552
      111296         4096        1495.041    911736832    113967104
      111296         8192        3027.753   1823473664    227934208
      122400            1           6.140       244800        30600
      122400            2           1.850       489600        61200
      122400            4           2.590       979200       122400
      122400            8           4.080      1958400       244800
      122400           16           7.550      3916800       489600
      122400           32          14.130      7833600       979200
      122400           64          26.010     15667200      1958400
      122400          128          50.751     31334400      3916800
      122400          256         116.810     62668800      7833600
      122400          512         214.780    125337600     15667200
      122400         1024         406.390    250675200     31334400
      122400         2048         842.741    501350400     62668800
      122400         4096        1691.311   1002700800    125337600
      122400         8192        3363.893   2005401600    250675200
      134624            1           6.740       269248        33656
      134624            2           1.970       538496        67312
      134624            4           2.760      1076992       134624
      134624            8           4.650      2153984       269248
      134624           16           8.110      4307968       538496
      134624           32          14.970      8615936      1076992
      134624           64          29.430     17231872      2153984
      134624          128          57.420     34463744      4307968
      134624          256         117.490     68927488      8615936
      134624          512         230.910    137854976     17231872
      134624         1024         466.820    275709952     34463744
      134624         2048         913.991    551419904     68927488
      134624         4096        1799.802   1102839808    137854976
      148064            1           8.890       296128        37016
      148064            2           2.210       592256        74032
      148064            4           3.310      1184512       148064
      148064            8           5.260      2369024       296128
      148064           16           9.130      4738048       592256
      148064           32          16.930      9476096      1184512
      148064           64          32.380     18952192      2369024
      148064          128          64.401     37904384      4738048
      148064          256         126.090     75808768      9476096
      148064          512         254.330    151617536     18952192
      148064         1024         501.550    303235072     37904384
      148064         2048        1011.131    606470144     75808768
      148064         4096        1998.372   1212940288    151617536
      162848            1          13.040       325696        40712
      162848            2           2.370       651392        81424
      162848            4           3.470      1302784       162848
      162848            8           5.690      2605568       325696
      162848           16          10.170      5211136       651392
      162848           32          18.410     10422272      1302784
      162848           64          35.310     20844544      2605568
      162848          128          77.191     41689088      5211136
      162848          256         137.560     83378176     10422272
      162848          512         271.740    166756352     20844544
      162848         1024         542.640    333512704     41689088
      162848         2048        1099.221    667025408     83378176
      162848         4096        2218.422   1334050816    166756352
      179104            1          15.170       358208        44776
      179104            2           2.610       716416        89552
      179104            4           3.950      1432832       179104
      179104            8           6.170      2865664       358208
      179104           16          10.860      5731328       716416
      179104           32          20.470     11462656      1432832
      179104           64          39.330     22925312      2865664
      179104          128          78.460     45850624      5731328
      179104          256         154.460     91701248     11462656
      179104          512         307.610    183402496     22925312
      179104         1024         610.031    366804992     45850624
      179104         2048        1204.491    733609984     91701248
      179104         4096        2412.902   1467219968    183402496
      196992            1          13.640       393984        49248
      196992            2           2.780       787968        98496
      196992            4           4.230      1575936       196992
      196992            8           6.750      3151872       393984
      196992           16          12.050      6303744       787968
      196992           32          22.350     12607488      1575936
      196992           64          43.550     25214976      3151872
      196992          128          85.300     50429952      6303744
      196992          256         176.071    100859904     12607488
      196992          512         337.320    201719808     25214976
      196992         1024         667.450    403439616     50429952
      196992         2048        1316.292    806879232    100859904
      196992         4096        2662.572   1613758464    201719808
      216672            1          13.950       433344        54168
      216672            2           3.000       866688       108336
      216672            4           4.440      1733376       216672
      216672            8           7.330      3466752       433344
      216672           16          13.160      6933504       866688
      216672           32          24.540     13867008      1733376
      216672           64          57.720     27734016      3466752
      216672          128          93.791     55468032      6933504
      216672          256         186.570    110936064     13867008
      216672          512         371.890    221872128     27734016
      216672         1024         737.031    443744256     55468032
      216672         2048        1464.271    887488512    110936064
      216672         4096        2925.912   1774977024    221872128
      238336            1          11.860       476672        59584
      238336            2           3.300       953344       119168
      238336            4           4.820      1906688       238336
      238336            8           8.040      3813376       476672
      238336           16          14.320      7626752       953344
      238336           32          27.070     15253504      1906688
      238336           64          52.680     30507008      3813376
      238336          128         103.860     61014016      7626752
      238336          256         215.400    122028032     15253504
      238336          512         400.841    244056064     30507008
      238336         1024         791.700    488112128     61014016
      238336         2048        1584.151    976224256    122028032
      238336         4096        3165.023   1952448512    244056064
      262144            1          16.290       524288        65536
      262144            2           3.500      1048576       131072
      262144            4           5.150      2097152       262144
      262144            8           8.810      4194304       524288
      262144           16          15.620      8388608      1048576
      262144           32          38.240     16777216      2097152
      262144           64          56.080     33554432      4194304
      262144          128         110.100     67108864      8388608
      262144          256         218.490    134217728     16777216
      262144          512         436.581    268435456     33554432
      262144         1024         868.890    536870912     67108864
      262144         2048        1739.372   1073741824    134217728
      262144         4096        3471.863   2147483648    268435456
      288352            1          16.630       576704        72088
      288352            2           3.810      1153408       144176
      288352            4           5.760      2306816       288352
      288352            8           9.470      4613632       576704
      288352           16          17.320      9227264      1153408
      288352           32          32.530     18454528      2306816
      288352           64          62.950     36909056      4613632
      288352          128         124.671     73818112      9227264
      288352          256         255.490    147636224     18454528
      288352          512         486.470    295272448     36909056
      288352         1024         987.211    590544896     73818112
      288352         2048        1949.281   1181089792    147636224
      317184            1          18.560       634368        79296
      317184            2           4.110      1268736       158592
      317184            4           6.140      2537472       317184
      317184            8          10.380      5074944       634368
      317184           16          18.940     10149888      1268736
      317184           32          35.940     20299776      2537472
      317184           64          69.640     40599552      5074944
      317184          128         137.520     81199104     10149888
      317184          256         273.781    162398208     20299776
      317184          512         552.890    324796416     40599552
      317184         1024        1093.371    649592832     81199104
      317184         2048        2151.422   1299185664    162398208
      348896            1          18.660       697792        87224
      348896            2           4.810      1395584       174448
      348896            4           7.040      2791168       348896
      348896            8          11.490      5582336       697792
      348896           16          20.920     11164672      1395584
      348896           32          39.951     22329344      2791168
      348896           64          75.450     44658688      5582336
      348896          128         149.480     89317376     11164672
      348896          256         304.620    178634752     22329344
      348896          512         602.740    357269504     44658688
      348896         1024        1157.961    714539008     89317376
      348896         2048        2331.292   1429078016    178634752
      383776            1          22.470       767552        95944
      383776            2           4.880      1535104       191888
      383776            4           7.330      3070208       383776
      383776            8          12.570      6140416       767552
      383776           16          22.750     12280832      1535104
      383776           32          43.280     24561664      3070208
      383776           64          84.540     49123328      6140416
      383776          128         165.090     98246656     12280832
      383776          256         330.781    196493312     24561664
      383776          512         653.680    392986624     49123328
      383776         1024        1304.331    785973248     98246656
      383776         2048        2551.782   1571946496    196493312
      422144            1          21.840       844288       105536
      422144            2           5.350      1688576       211072
      422144            4           8.300      3377152       422144
      422144            8          13.730      6754304       844288
      422144           16          25.010     13508608      1688576
      422144           32          47.460     27017216      3377152
      422144           64          92.890     54034432      6754304
      422144          128         183.370    108068864     13508608
      422144          256         370.971    216137728     27017216
      422144          512         719.030    432275456     54034432
      422144         1024        1412.371    864550912    108068864
      422144         2048        2789.433   1729101824    216137728
      464352            1          36.710       928704       116088
      464352            2           5.920      1857408       232176
      464352            4           9.240      3714816       464352
      464352            8          15.280      7429632       928704
      464352           16          27.620     14859264      1857408
      464352           32          53.320     29718528      3714816
      464352           64         111.851     59437056      7429632
      464352          128         194.060    118874112     14859264
      464352          256         394.370    237748224     29718528
      464352          512         780.671    475496448     59437056
      464352         1024        1590.321    950992896    118874112
      464352         2048        3089.892   1901985792    237748224
      510784            1          37.130      1021568       127696
      510784            2           6.350      2043136       255392
      510784            4           9.960      4086272       510784
      510784            8          16.680      8172544      1021568
      510784           16          30.210     16345088      2043136
      510784           32          68.260     32690176      4086272
      510784           64         112.040     65380352      8172544
      510784          128         221.721    130760704     16345088
      510784          256         436.440    261521408     32690176
      510784          512         879.791    523042816     65380352
      510784         1024        1729.121   1046085632    130760704
      510784         2048        3443.643   2092171264    261521408
      561856            1          31.110      1123712       140464
      561856            2           6.870      2247424       280928
      561856            4          11.120      4494848       561856
      561856            8          18.530      8989696      1123712
      561856           16          33.730     17979392      2247424
      561856           32          64.120     35958784      4494848
      561856           64         133.700     71917568      8989696
      561856          128         246.210    143835136     17979392
      561856          256         481.540    287670272     35958784
      561856          512         959.841    575340544     71917568
      561856         1024        1884.352   1150681088    143835136
      618016            1          44.590      1236032       154504
      618016            2           7.560      2472064       309008
      618016            4          11.720      4944128       618016
      618016            8          19.790      9888256      1236032
      618016           16          36.570     19776512      2472064
      618016           32          69.670     39553024      4944128
      618016           64         135.930     79106048      9888256
      618016          128         277.840    158212096     19776512
      618016          256         533.260    316424192     39553024
      618016          512        1033.441    632848384     79106048
      618016         1024        2037.222   1265696768    158212096
      679808            1          49.300      1359616       169952
      679808            2           8.660      2719232       339904
      679808            4          13.300      5438464       679808
      679808            8          22.290     10876928      1359616
      679808           16          40.730     21753856      2719232
      679808           32          76.670     43507712      5438464
      679808           64         150.960     87015424     10876928
      679808          128         294.460    174030848     21753856
      679808          256         564.871    348061696     43507712
      679808          512        1173.551    696123392     87015424
      679808         1024        2309.471   1392246784    174030848
      747776            1          50.480      1495552       186944
      747776            2           9.130      2991104       373888
      747776            4          14.080      5982208       747776
      747776            8          24.030     11964416      1495552
      747776           16          44.050     23928832      2991104
      747776           32          83.980     47857664      5982208
      747776           64         164.071     95715328     11964416
      747776          128         323.960    191430656     23928832
      747776          256         645.250    382861312     47857664
      747776          512        1264.341    765722624     95715328
      747776         1024        2547.722   1531445248    191430656
      822528            1          54.150      1645056       205632
      822528            2          10.070      3290112       411264
      822528            4          15.400      6580224       822528
      822528            8          26.400     13160448      1645056
      822528           16          48.190     26320896      3290112
      822528           32          92.440     52641792      6580224
      822528           64         179.931    105283584     13160448
      822528          128         355.520    210567168     26320896
      822528          256         686.960    421134336     52641792
      822528          512        1366.142    842268672    105283584
      822528         1024        2707.732   1684537344    210567168
      904768            1          59.081      1809536       226192
      904768            2          10.830      3619072       452384
      904768            4          17.450      7238144       904768
      904768            8          29.190     14476288      1809536
      904768           16          53.300     28952576      3619072
      904768           32         101.460     57905152      7238144
      904768           64         208.040    115810304     14476288
      904768          128         377.410    231620608     28952576
      904768          256         768.471    463241216     57905152
      904768          512        1535.291    926482432    115810304
      904768         1024        3052.423   1852964864    231620608
      995232            1          57.340      1990464       248808
      995232            2          12.520      3980928       497616
      995232            4          19.320      7961856       995232
      995232            8          32.570     15923712      1990464
      995232           16          59.270     31847424      3980928
      995232           32         113.200     63694848      7961856
      995232           64         228.431    127389696     15923712
      995232          128         430.460    254779392     31847424
      995232          256         868.671    509558784     63694848
      995232          512        1717.921   1019117568    127389696
      995232         1024        3311.773   2038235136    254779392
     1094752            1          69.900      2189504       273688
     1094752            2          13.180      4379008       547376
     1094752            4          20.920      8758016      1094752
     1094752            8          35.540     17516032      2189504
     1094752           16          64.770     35032064      4379008
     1094752           32         123.410     70064128      8758016
     1094752           64         241.470    140128256     17516032
     1094752          128         481.390    280256512     35032064
     1094752          256         942.311    560513024     70064128
     1094752          512        1884.132   1121026048    140128256
     1204224            1          72.270      2408448       301056
     1204224            2          14.411      4816896       602112
     1204224            4          22.500      9633792      1204224
     1204224            8          38.670     19267584      2408448
     1204224           16          70.780     38535168      4816896
     1204224           32         135.940     77070336      9633792
     1204224           64         264.690    154140672     19267584
     1204224          128         522.150    308281344     38535168
     1204224          256        1001.191    616562688     77070336
     1204224          512        2022.612   1233125376    154140672
     1324640            1          74.960      2649280       331160
     1324640            2          20.490      5298560       662320
     1324640            4          24.840     10597120      1324640
     1324640            8          42.640     21194240      2649280
     1324640           16          78.070     42388480      5298560
     1324640           32         148.390     84776960     10597120
     1324640           64         290.600    169553920     21194240
     1324640          128         580.871    339107840     42388480
     1324640          256        1144.471    678215680     84776960
     1324640          512        2278.671   1356431360    169553920
     1457088            1          90.110      2914176       364272
     1457088            2          18.150      5828352       728544
     1457088            4          28.200     11656704      1457088
     1457088            8          47.620     23313408      2914176
     1457088           16          96.170     46626816      5828352
     1457088           32         164.971     93253632     11656704
     1457088           64         320.820    186507264     23313408
     1457088          128         633.090    373014528     46626816
     1457088          256        1226.441    746029056     93253632
     1457088          512        2454.882   1492058112    186507264
     1602784            1         100.430      3205568       400696
     1602784            2          20.390      6411136       801392
     1602784            4          30.960     12822272      1602784
     1602784            8          52.470     25644544      3205568
     1602784           16          93.660     51289088      6411136
     1602784           32         180.231    102578176     12822272
     1602784           64         351.030    205156352     25644544
     1602784          128         697.771    410312704     51289088
     1602784          256        1360.601    820625408    102578176
     1602784          512        2730.452   1641250816    205156352
     1763040            1         105.721      3526080       440760
     1763040            2          22.780      7052160       881520
     1763040            4          34.250     14104320      1763040
     1763040            8          57.890     28208640      3526080
     1763040           16         105.000     56417280      7052160
     1763040           32         198.910    112834560     14104320
     1763040           64         392.330    225669120     28208640
     1763040          128         767.051    451338240     56417280
     1763040          256        1516.371    902676480    112834560
     1763040          512        2985.412   1805352960    225669120
     1939328            1         116.530      3878656       484832
     1939328            2          25.480      7757312       969664
     1939328            4          37.590     15514624      1939328
     1939328            8          63.710     31029248      3878656
     1939328           16         115.050     62058496      7757312
     1939328           32         219.361    124116992     15514624
     1939328           64         431.640    248233984     31029248
     1939328          128         842.781    496467968     62058496
     1939328          256        1678.091    992935936    124116992
     1939328          512        3320.113   1985871872    248233984
     2133248            1         123.010      4266496       533312
     2133248            2          31.540      8532992      1066624
     2133248            4          40.420     17065984      2133248
     2133248            8          69.240     34131968      4266496
     2133248           16         136.271     68263936      8532992
     2133248           32         240.730    136527872     17065984
     2133248           64         473.490    273055744     34131968
     2133248          128         917.831    546111488     68263936
     2133248          256        1822.251   1092222976    136527872
     2346560            1         132.420      4693120       586640
     2346560            2          40.710      9386240      1173280
     2346560            4          45.330     18772480      2346560
     2346560            8          77.750     37544960      4693120
     2346560           16         141.891     75089920      9386240
     2346560           32         274.370    150179840     18772480
     2346560           64         519.960    300359680     37544960
     2346560          128        1031.121    600719360     75089920
     2346560          256        2026.622   1201438720    150179840
     2581216            1         148.050      5162432       645304
     2581216            2          49.810     10324864      1290608
     2581216            4          50.900     20649728      2581216
     2581216            8          86.011     41299456      5162432
     2581216           16         157.050     82598912     10324864
     2581216           32         300.020    165197824     20649728
     2581216           64         563.960    330395648     41299456
     2581216          128        1119.261    660791296     82598912
     2581216          256        2232.052   1321582592    165197824
     2839328            1         174.020      5678656       709832
     2839328            2          56.930     11357312      1419664
     2839328            4          54.250     22714624      2839328
     2839328            8          92.900     45429248      5678656
     2839328           16         173.760     90858496     11357312
     2839328           32         327.160    181716992     22714624
     2839328           64         638.151    363433984     45429248
     2839328          128        1227.481    726867968     90858496
     2839328          256        2439.072   1453735936    181716992
     3123232            1         186.191      6246464       780808
     3123232            2          62.900     12492928      1561616
     3123232            4          59.520     24985856      3123232
     3123232            8         102.000     49971712      6246464
     3123232           16         186.930     99943424     12492928
     3123232           32         353.110    199886848     24985856
     3123232           64         678.141    399773696     49971712
     3123232          128        1347.001    799547392     99943424
     3123232          256        2675.642   1599094784    199886848
     3435552            1         194.691      6871104       858888
     3435552            2          67.340     13742208      1717776
     3435552            4          65.330     27484416      3435552
     3435552            8         111.570     54968832      6871104
     3435552           16         204.750    109937664     13742208
     3435552           32         381.180    219875328     27484416
     3435552           64         747.241    439750656     54968832
     3435552          128        1471.441    879501312    109937664
     3435552          256        2930.542   1759002624    219875328
     3779104            1         219.100      7558208       944776
     3779104            2          73.040     15116416      1889552
     3779104            4          71.870     30232832      3779104
     3779104            8         122.570     60465664      7558208
     3779104           16         227.741    120931328     15116416
     3779104           32         417.590    241862656     30232832
     3779104           64         819.941    483725312     60465664
     3779104          128        1620.431    967450624    120931328
     3779104          256        3236.113   1934901248    241862656
     4156992            1         255.680      8313984      1039248
     4156992            2          74.750     16627968      2078496
     4156992            4          79.420     33255936      4156992
     4156992            8         134.821     66511872      8313984
     4156992           16         246.780    133023744     16627968
     4156992           32         470.950    266047488     33255936
     4156992           64         902.041    532094976     66511872
     4156992          128        1780.011   1064189952    133023744
     4156992          256        3548.063   2128379904    266047488
     4572672            1         268.290      9145344      1143168
     4572672            2          86.080     18290688      2286336
     4572672            4          86.840     36581376      4572672
     4572672            8         149.130     73162752      9145344
     4572672           16         271.380    146325504     18290688
     4572672           32         522.791    292651008     36581376
     4572672           64        1015.551    585302016     73162752
     4572672          128        1972.471   1170604032    146325504
     5029920            1         278.730     10059840      1257480
     5029920            2          90.170     20119680      2514960
     5029920            4          95.990     40239360      5029920
     5029920            8         164.191     80478720     10059840
     5029920           16         297.490    160957440     20119680
     5029920           32         574.870    321914880     40239360
     5029920           64        1116.261    643829760     80478720
     5029920          128        2159.392   1287659520    160957440
     5532896            1         321.661     11065792      1383224
     5532896            2          97.990     22131584      2766448
     5532896            4         108.140     44263168      5532896
     5532896            8         186.460     88526336     11065792
     5532896           16         322.120    177052672     22131584
     5532896           32         614.361    354105344     44263168
     5532896           64        1219.321    708210688     88526336
     5532896          128        2395.632   1416421376    177052672
     6086176            1         342.240     12172352      1521544
     6086176            2         102.590     24344704      3043088
     6086176            4         115.941     48689408      6086176
     6086176            8         199.240     97378816     12172352
     6086176           16         362.680    194757632     24344704
     6086176           32         675.780    389515264     48689408
     6086176           64        1329.772    779030528     97378816
     6086176          128        2617.722   1558061056    194757632
     6694784            1         384.420     13389568      1673696
     6694784            2         112.541     26779136      3347392
     6694784            4         130.730     53558272      6694784
     6694784            8         220.440    107116544     13389568
     6694784           16         389.610    214233088     26779136
     6694784           32         746.971    428466176     53558272
     6694784           64        1455.181    856932352    107116544
     6694784          128        2869.552   1713864704    214233088
     7364256            1         430.771     14728512      1841064
     7364256            2         121.070     29457024      3682128
     7364256            4         142.980     58914048      7364256
     7364256            8         239.780    117828096     14728512
     7364256           16         442.251    235656192     29457024
     7364256           32         819.050    471312384     58914048
     7364256           64        1596.392    942624768    117828096
     7364256          128        3162.262   1885249536    235656192
     8100672            1         463.930     16201344      2025168
     8100672            2         129.180     32402688      4050336
     8100672            4         157.460     64805376      8100672
     8100672            8         256.200    129610752     16201344
     8100672           16         469.771    259221504     32402688
     8100672           32         902.271    518443008     64805376
     8100672           64        1764.241   1036886016    129610752
     8100672          128        3483.573   2073772032    259221504
     8910720            1         517.901     17821440      2227680
     8910720            2         140.120     35642880      4455360
     8910720            4         171.880     71285760      8910720
     8910720            8         291.700    142571520     17821440
     8910720           16         527.461    285143040     35642880
     8910720           32         992.740    570286080     71285760
     8910720           64        1936.192   1140572160    142571520
     9801792            1         585.091     19603584      2450448
     9801792            2         145.210     39207168      4900896
     9801792            4         189.240     78414336      9801792
     9801792            8         321.220    156828672     19603584
     9801792           16         590.901    313657344     39207168
     9801792           32        1121.341    627314688     78414336
     9801792           64        2142.791   1254629376    156828672
    10781952            1         639.910     21563904      2695488
    10781952            2         159.831     43127808      5390976
    10781952            4         206.510     86255616     10781952
    10781952            8         356.110    172511232     21563904
    10781952           16         647.581    345022464     43127808
    10781952           32        1213.261    690044928     86255616
    10781952           64        2348.931   1380089856    172511232
    11860128            1         695.840     23720256      2965032
    11860128            2         180.410     47440512      5930064
    11860128            4         231.340     94881024     11860128
    11860128            8         387.291    189762048     23720256
    11860128           16         689.560    379524096     47440512
    11860128           32        1324.472    759048192     94881024
    11860128           64        2580.952   1518096384    189762048
    13046112            1         761.710     26092224      3261528
    13046112            2         191.960     52184448      6523056
    13046112            4         252.831    104368896     13046112
    13046112            8         424.780    208737792     26092224
    13046112           16         780.011    417475584     52184448
    13046112           32        1479.371    834951168    104368896
    13046112           64        2900.342   1669902336    208737792
    14350720            1         826.481     28701440      3587680
    14350720            2         228.830     57402880      7175360
    14350720            4         305.850    114805760     14350720
    14350720            8         509.001    229611520     28701440
    14350720           16         921.221    459223040     57402880
    14350720           32        1760.191    918446080    114805760
    14350720           64        3417.523   1836892160    229611520
    15785792            1         912.251     31571584      3946448
    15785792            2         356.400     63143168      7892896
    15785792            4         477.960    126286336     15785792
    15785792            8         766.161    252572672     31571584
    15785792           16        1354.461    505145344     63143168
    15785792           32        2547.852   1010290688    126286336
    15785792           64        4881.834   2020581376    252572672
    17364352            1        1012.041     34728704      4341088
    17364352            2         641.790     69457408      8682176
    17364352            4         873.321    138914816     17364352
    17364352            8        1381.821    277829632     34728704
    17364352           16        2091.602    555659264     69457408
    17364352           32        3699.163   1111318528    138914816
    19100768            1        1107.011     38201536      4775192
    19100768            2        1387.401     76403072      9550384
    19100768            4        1584.541    152806144     19100768
    19100768            8        2469.102    305612288     38201536
    19100768           16        4329.564    611224576     76403072
    19100768           32        6800.205   1222449152    152806144
    21010816            1        1239.331     42021632      5252704
    21010816            2        2043.452     84043264     10505408
    21010816            4        2867.342    168086528     21010816
    21010816            8        4521.404    336173056     42021632
    21010816           16        7805.316    672346112     84043264
    21010816           32       14551.552   1344692224    168086528
    23111872            1        1345.071     46223744      5777968
    23111872            2        2546.392     92447488     11555936
    23111872            4        3748.043    184894976     23111872
    23111872            8        6153.425    369789952     46223744
    23111872           16       10897.699    739579904     92447488
    23111872           32       20401.486   1479159808    184894976
    25423040            1        1462.801     50846080      6355760
    25423040            2        2909.422    101692160     12711520
    25423040            4        4355.744    203384320     25423040
    25423040            8        7239.146    406768640     50846080
    25423040           16       12979.570    813537280    101692160
    25423040           32       24476.070   1627074560    203384320
    27965344            1        1680.031     55930688      6991336
    27965344            2        3427.223    111861376     13982672
    27965344            4        5085.344    223722752     27965344
    27965344            8        8443.387    447445504     55930688
    27965344           16       15171.442    894891008    111861376
    27965344           32       28401.793   1789782016    223722752
    30761856            1        1903.742     61523712      7690464
    30761856            2        3522.802    123047424     15380928
    30761856            4        5370.025    246094848     30761856
    30761856            8        8976.037    492189696     61523712
    30761856           16       16135.803    984379392    123047424
    30761856           32       30467.115   1968758784    246094848
    33838016            1        1945.312     67676032      8459504
    33838016            2        3931.243    135352064     16919008
    33838016            4        5933.365    270704128     33838016
    33838016            8        9854.348    541408256     67676032
    33838016           16       17785.584   1082816512    135352064
    37221792            1        2159.822     74443584      9305448
    37221792            2        4329.983    148887168     18610896
    37221792            4        6516.795    297774336     37221792
    37221792            8       10850.749    595548672     74443584
    37221792           16       19567.926   1191097344    148887168
    40943968            1        2369.632     81887936     10235992
    40943968            2        4772.854    163775872     20471984
    40943968            4        7166.596    327551744     40943968
    40943968            8       11932.949    655103488     81887936
    40943968           16       21491.418   1310206976    163775872
    45038336            1        2596.802     90076672     11259584
    45038336            2        5243.725    180153344     22519168
    45038336            4        7887.786    360306688     45038336
    45038336            8       13123.431    720613376     90076672
    45038336           16       23646.959   1441226752    180153344
    49542144            1        2878.013     99084288     12385536
    49542144            2        5752.754    198168576     24771072
    49542144            4        8654.287    396337152     49542144
    49542144            8       14408.732    792674304     99084288
    49542144           16       26013.261   1585348608    198168576
    54496352            1        3161.022    108992704     13624088
    54496352            2        6345.906    217985408     27248176
    54496352            4        9529.307    435970816     54496352
    54496352            8       15915.423    871941632    108992704
    54496352           16       28614.463   1743883264    217985408
    59945984            1        3483.183    119891968     14986496
    59945984            2        6989.615    239783936     29972992
    59945984            4       10475.889    479567872     59945984
    59945984            8       17446.354    959135744    119891968
    59945984           16       31443.425   1918271488    239783936
    65940576            1        3847.933    131881152     16485144
    65940576            2        7685.506    263762304     32970288
    65940576            4       11524.330    527524608     65940576
    65940576            8       19203.635   1055049216    131881152
    65940576           16       34633.838   2110098432    263762304
    72534624            1        4221.143    145069248     18133656
    72534624            2        8441.987    290138496     36267312
    72534624            4       12680.840    580276992     72534624
    72534624            8       21150.547   1160553984    145069248
    79788064            1        4622.094    159576128     19947016
    79788064            2        9268.247    319152256     39894032
    79788064            4       13948.312    638304512     79788064
    79788064            8       23272.168   1276609024    159576128
    87766848            1        5122.564    175533696     21941712
    87766848            2       10206.948    351067392     43883424
    87766848            4       15475.763    702134784     87766848
    87766848            8       25517.451   1404269568    175533696
    96543520            1        5646.445    193087040     24135880
    96543520            2       11234.509    386174080     48271760
    96543520            4       16893.124    772348160     96543520
    96543520            8       28084.442   1544696320    193087040
   106197856            1        6171.765    212395712     26549464
   106197856            2       12316.650    424791424     53098928
   106197856            4       18570.925    849582848    106197856
   106197856            8       30968.295   1699165696    212395712
   116817632            1        6806.475    233635264     29204408
   116817632            2       13593.321    467270528     58408816
   116817632            4       20415.587    934541056    116817632
   116817632            8       34019.297   1869082112    233635264
   128499392            1        7478.436    256998784     32124848
   128499392            2       14957.462    513997568     64249696
   128499392            4       22445.828   1027995136    128499392
   128499392            8       37458.390   2055990272    256998784
   141349312            1        8257.507    282698624     35337328
   141349312            2       16453.683    565397248     70674656
   141349312            4       24667.100   1130794496    141349312
   155484224            1        9048.578    310968448     38871056
   155484224            2       18093.664    621936896     77742112
   155484224            4       27177.732   1243873792    155484224
   171032640            1        9950.508    342065280     42758160
   171032640            2       19915.206    684130560     85516320
   171032640            4       29835.974   1368261120    171032640
   188135904            1       10949.119    376271808     47033976
   188135904            2       22084.498    752543616     94067952
   188135904            4       32863.096   1505087232    188135904
   206949472            1       12025.960    413898944     51737368
   206949472            2       24088.869    827797888    103474736
   206949472            4       36176.769   1655595776    206949472
   227644416            1       13250.351    455288832     56911104
   227644416            2       26566.521    910577664    113822208
   227644416            4       39757.412   1821155328    227644416
   250408832            1       14604.312    500817664     62602208
   250408832            2       29134.954   1001635328    125204416
   250408832            4       43801.695   2003270656    250408832
   275449696            1       16044.073    550899392     68862424
   275449696            2       32104.016   1101798784    137724848
   302994656            1       17682.715    605989312     75748664
   302994656            2       35315.458   1211978624    151497328
   333294112            1       19425.715    666588224     83323528
   333294112            2       38844.542   1333176448    166647056
   366623520            1       21352.947    733247040     91655880
   366623520            2       42661.544   1466494080    183311760
   403285856            1       23450.269    806571712    100821464
   403285856            2       46860.698   1613143424    201642928
   443614432            1       26469.492    887228864    110903608
   443614432            2       52387.282   1774457728    221807216
   487975872            1       28508.213    975951744    121993968
   487975872            2       56736.456   1951903488    243987936
   536773440            1       31206.865   1073546880    134193360
   536773440            2       62573.471   2147093760    268386720
   590450784            1       34475.268   1180901568    147612696
   649495840            1       37834.700   1298991680    162373960
   714445408            1       41780.824   1428890816    178611352
   785889920            1       45842.747   1571779840    196472480
   864478912            1       50650.561   1728957824    216119728
   950926784            1       55440.675   1901853568    237731696
  1046019456            1       61180.719   2092038912    261504864

META_DATA
FLOPS          2
OPENMP_THREADS 4
ERT_VERSION  1.1.0
HOSTNAME  ('pve.fritz.box', ['pve'], ['192.168.188.21'])
UNAME  uname_result(system='Linux', node='pve', release='6.14.8-2-pve', version='#1 SMP PREEMPT_DYNAMIC PMX 6.14.8-2 (2025-07-22T10:04Z)', machine='x86_64')
TIMESTAMP_DATA  1765906756.8942385
CONFIG  {'ERT_MPI': ['False'], 'ERT_OPENMP': ['True'], 'ERT_OPENMP_CFLAGS': ['-fopenmp'], 'ERT_OPENMP_LDFLAGS': ['-fopenmp'], 'ERT_PRECISION': ['FP64'], 'ERT_TRIALS_MIN': ['1'], 'ERT_TRIALS': ['3', '#', 'Run', 'each', 'test', '3', 'times', 'to', 'filter', 'out', 'background', 'noise'], 'ERT_RESULTS': ['Results/1600X'], 'ERT_GNUPLOT': ['gnuplot'], 'ERT_DRIVER': ['driver1'], 'ERT_KERNEL': ['kernel1'], 'ERT_CC': ['g++'], 'ERT_LD': ['g++'], 'ERT_CFLAGS': ['-O3', '-march=native', '-fopenmp', '-fstrict-aliasing', '-funroll-loops', '-Wno-all'], 'ERT_LDFLAGS': ['-O3', '-march=native', '-fopenmp'], 'ERT_LDLIBS': ['-lm'], 'ERT_RUN': ['export', 'OMP_NUM_THREADS=ERT_OPENMP_THREADS;', './ERT_CODE'], 'ERT_WORKING_SET_MIN': ['128'], 'ERT_MEMORY_MAX': ['1073741824'], 'ERT_ALIGN': ['64'], 'ERT_MIN_PROCS': ['1'], 'ERT_MAX_PROCS': ['1'], 'ERT_OPENMP_THREADS': ['1,2,4,8,12', '#', 'Logical', 'Threads'], 'ERT_NUM_EXPERIMENTS': ['5'], 'ERT_FLOPS': ['1,2,4,8'], 'ERT_GPU': [False], 'ERT_HIP': [False], 'ERT_OCL': [False], 'ERT_SYCL': [False], 'ERT_WSS_MULT': [1.1]}
