fp64
        2048            1           0.550         4096          256
        2048            2           0.275         8192          512
        2048            4           0.275        16384         1024
        2048            8           0.275        32768         2048
        2048           16           0.275        65536         4096
        2048           32           0.458       131072         8192
        2048           64           0.641       262144        16384
        2048          128           1.008       524288        32768
        2048          256           1.742      1048576        65536
        2048          512           3.209      2097152       131072
        2048         1024           6.325      4194304       262144
        2048         2048          12.559      8388608       524288
        2048         4096          29.425     16777216      1048576
        2048         8192          49.684     33554432      2097152
        2048        16384          99.550     67108864      4194304
        2048        32768         198.458    134217728      8388608
        2048        65536         397.833    268435456     16777216
        2048       131072         780.816    536870912     33554432
        2048       262144        1420.834   1073741824     67108864
        2048       524288        2787.400   2147483648    134217728
        2240            1           0.641         4480          280
        2240            2           0.275         8960          560
        2240            4           0.275        17920         1120
        2240            8           0.275        35840         2240
        2240           16           0.367        71680         4480
        2240           32           0.458       143360         8960
        2240           64           0.733       286720        17920
        2240          128           1.192       573440        35840
        2240          256           2.016      1146880        71680
        2240          512           4.491      2293760       143360
        2240         1024           8.250      4587520       286720
        2240         2048          16.316      9175040       573440
        2240         4096          32.633     18350080      1146880
        2240         8192          79.017     36700160      2293760
        2240        16384         130.900     73400320      4587520
        2240        32768         271.517    146800640      9175040
        2240        65536         439.083    293601280     18350080
        2240       131072         882.108    587202560     36700160
        2240       262144        1596.467   1174405120     73400320
        2464            1           0.550         4928          308
        2464            2           0.275         9856          616
        2464            4           0.275        19712         1232
        2464            8           0.275        39424         2464
        2464           16           0.367        78848         4928
        2464           32           0.459       157696         9856
        2464           64           0.642       315392        19712
        2464          128           1.008       630784        39424
        2464          256           1.833      1261568        78848
        2464          512           3.300      2523136       157696
        2464         1024           6.325      5046272       315392
        2464         2048          20.900     10092544       630784
        2464         4096          24.750     20185088      1261568
        2464         8192          49.133     40370176      2523136
        2464        16384          98.175     80740352      5046272
        2464        32768         195.983    161480704     10092544
        2464        65536         393.066    322961408     20185088
        2464       131072         824.266    645922816     40370176
        2464       262144        1787.225   1291845632     80740352
        2704            1           0.550         5408          338
        2704            2           0.367        10816          676
        2704            4           0.366        21632         1352
        2704            8           0.458        43264         2704
        2704           16           0.550        86528         5408
        2704           32           0.733       173056        10816
        2704           64           1.192       346112        21632
        2704          128           2.384       692224        43264
        2704          256           4.583      1384448        86528
        2704          512           9.166      2768896       173056
        2704         1024          18.150      5537792       346112
        2704         2048          36.117     11075584       692224
        2704         4096          72.050     22151168      1384448
        2704         8192         139.516     44302336      2768896
        2704        16384         278.117     88604672      5537792
        2704        32768         585.842    177209344     11075584
        2704        65536        1111.458    354418688     22151168
        2704       131072        1956.258    708837376     44302336
        2704       262144        3251.600   1417674752     88604672
        2960            1           0.733         5920          370
        2960            2           0.367        11840          740
        2960            4           0.367        23680         1480
        2960            8           0.366        47360         2960
        2960           16           0.550        94720         5920
        2960           32           0.825       189440        11840
        2960           64           1.375       378880        23680
        2960          128           2.658       757760        47360
        2960          256           5.133      1515520        94720
        2960          512          10.083      3031040       189440
        2960         1024          20.258      6062080       378880
        2960         2048          40.058     12124160       757760
        2960         4096          80.391     24248320      1515520
        2960         8192         160.416     48496640      3031040
        2960        16384         329.725     96993280      6062080
        2960        32768         698.133    193986560     12124160
        2960        65536        1237.592    387973120     24248320
        2960       131072        2154.625    775946240     48496640
        2960       262144        4097.225   1551892480     96993280
        3248            1           0.550         6496          406
        3248            2           0.275        12992          812
        3248            4           0.275        25984         1624
        3248            8           0.275        51968         3248
        3248           16           0.367       103936         6496
        3248           32           0.459       207872        12992
        3248           64           0.734       415744        25984
        3248          128           1.192       831488        51968
        3248          256           2.108      1662976       103936
        3248          512           4.033      3325952       207872
        3248         1024           7.792      6651904       415744
        3248         2048          15.491     13303808       831488
        3248         4096          30.892     26607616      1662976
        3248         8192          61.325     53215232      3325952
        3248        16384         122.375    106430464      6651904
        3248        32768         244.933    212860928     13303808
        3248        65536         489.591    425721856     26607616
        3248       131072        1147.667    851443712     53215232
        3248       262144        2444.200   1702887424    106430464
        3568            1           0.642         7136          446
        3568            2           0.275        14272          892
        3568            4           0.367        28544         1784
        3568            8           0.366        57088         3568
        3568           16           0.459       114176         7136
        3568           32           0.734       228352        14272
        3568           64           1.191       456704        28544
        3568          128           2.384       913408        57088
        3568          256           4.584      1826816       114176
        3568          512           9.075      3653632       228352
        3568         1024          17.966      7307264       456704
        3568         2048          35.842     14614528       913408
        3568         4096          71.683     29229056      1826816
        3568         8192         143.091     58458112      3653632
        3568        16384         329.175    116916224      7307264
        3568        32768         766.150    233832448     14614528
        3568        65536        1380.225    467664896     29229056
        3568       131072        2658.333    935329792     58458112
        3568       262144        5355.075   1870659584    116916224
        3920            1           0.550         7840          490
        3920            2           0.275        15680          980
        3920            4           0.275        31360         1960
        3920            8           0.275        62720         3920
        3920           16           0.367       125440         7840
        3920           32           0.458       250880        15680
        3920           64           0.825       501760        31360
        3920          128           1.284      1003520        62720
        3920          256           2.383      2007040       125440
        3920          512           4.583      4014080       250880
        3920         1024           8.708      8028160       501760
        3920         2048          17.325     16056320      1003520
        3920         4096          34.925     32112640      2007040
        3920         8192          79.566     64225280      4014080
        3920        16384         173.341    128450560      8028160
        3920        32768         284.808    256901120     16056320
        3920        65536         561.091    513802240     32112640
        3920       131072        1436.325   1027604480     64225280
        3920       262144        5399.167   2055208960    128450560
        4304            1           0.734         8608          538
        4304            2           5.684        17216         1076
        4304            4           0.459        34432         2152
        4304            8           0.459        68864         4304
        4304           16           0.458       137728         8608
        4304           32           0.825       275456        17216
        4304           64           1.467       550912        34432
        4304          128           2.658      1101824        68864
        4304          256           5.225      2203648       137728
        4304          512          10.358      4407296       275456
        4304         1024          20.350      8814592       550912
        4304         2048          40.700     17629184      1101824
        4304         4096          80.758     35258368      2203648
        4304         8192         160.600     70516736      4407296
        4304        16384         371.250    141033472      8814592
        4304        32768         805.750    282066944     17629184
        4304        65536        1618.375    564133888     35258368
        4304       131072        2941.491   1128267776     70516736
        4720            1           0.733         9440          590
        4720            2           0.275        18880         1180
        4720            4           0.275        37760         2360
        4720            8           0.367        75520         4720
        4720           16           0.367       151040         9440
        4720           32           0.550       302080        18880
        4720           64           0.917       604160        37760
        4720          128           1.558      1208320        75520
        4720          256           2.842      2416640       151040
        4720          512           5.591      4833280       302080
        4720         1024          10.909      9666560       604160
        4720         2048          21.633     19333120      1208320
        4720         4096          43.267     38666240      2416640
        4720         8192          86.167     77332480      4833280
        4720        16384         172.425    154664960      9666560
        4720        32768         359.334    309329920     19333120
        4720        65536         857.267    618659840     38666240
        4720       131072        1675.667   1237319680     77332480
        5184            1           0.733        10368          648
        5184            2           0.825        20736         1296
        5184            4           0.367        41472         2592
        5184            8           0.458        82944         5184
        5184           16           0.641       165888        10368
        5184           32           1.008       331776        20736
        5184           64           1.925       663552        41472
        5184          128           3.759      1327104        82944
        5184          256           7.425      2654208       165888
        5184          512          14.575      5308416       331776
        5184         1024          29.242     10616832       663552
        5184         2048          57.658     21233664      1327104
        5184         4096         115.133     42467328      2654208
        5184         8192         230.175     84934656      5308416
        5184        16384         460.167    169869312     10616832
        5184        32768         500.409    339738624     21233664
        5184        65536         895.033    679477248     42467328
        5184       131072        1590.050   1358954496     84934656
        5696            1           1.009        11392          712
        5696            2           0.367        22784         1424
        5696            4           0.367        45568         2848
        5696            8           0.275        91136         5696
        5696           16           0.459       182272        11392
        5696           32           0.642       364544        22784
        5696           64           1.008       729088        45568
        5696          128           1.741      1458176        91136
        5696          256           3.208      2916352       182272
        5696          512           6.233      5832704       364544
        5696         1024          12.191     11665408       729088
        5696         2048          24.200     23330816      1458176
        5696         4096          58.575     46661632      2916352
        5696         8192          96.341     93323264      5832704
        5696        16384         192.134    186646528     11665408
        5696        32768         405.808    373293056     23330816
        5696        65536         880.917    746586112     46661632
        5696       131072        1831.225   1493172224     93323264
        6256            1           0.825        12512          782
        6256            2           0.367        25024         1564
        6256            4           0.366        50048         3128
        6256            8           0.367       100096         6256
        6256           16           0.458       200192        12512
        6256           32           0.642       400384        25024
        6256           64           1.100       800768        50048
        6256          128           1.925      1601536       100096
        6256          256           3.666      3203072       200192
        6256          512           6.967      6406144       400384
        6256         1024          13.750     12812288       800768
        6256         2048          27.592     25624576      1601536
        6256         4096          55.275     51249152      3203072
        6256         8192         110.458    102498304      6406144
        6256        16384         221.375    204996608     12812288
        6256        32768         474.375    409993216     25624576
        6256        65536        1201.475    819986432     51249152
        6256       131072        2106.225   1639972864    102498304
        6880            1           1.100        13760          860
        6880            2           0.275        27520         1720
        6880            4           0.275        55040         3440
        6880            8           0.367       110080         6880
        6880           16           0.458       220160        13760
        6880           32           0.733       440320        27520
        6880           64           1.192       880640        55040
        6880          128           2.109      1761280       110080
        6880          256           3.942      3522560       220160
        6880          512           7.608      7045120       440320
        6880         1024          14.941     14090240       880640
        6880         2048          29.608     28180480      1761280
        6880         4096          59.584     56360960      3522560
        6880         8192         118.892    112721920      7045120
        6880        16384         236.133    225443840     14090240
        6880        32768         758.908    450887680     28180480
        6880        65536        1197.808    901775360     56360960
        6880       131072        2049.392   1803550720    112721920
        7568            1           1.008        15136          946
        7568            2           0.458        30272         1892
        7568            4           0.458        60544         3784
        7568            8           0.550       121088         7568
        7568           16           1.009       242176        15136
        7568           32           1.741       484352        30272
        7568           64           3.300       968704        60544
        7568          128           6.508      1937408       121088
        7568          256          12.650      3874816       242176
        7568          512          25.483      7749632       484352
        7568         1024          50.416     15499264       968704
        7568         2048         101.017     30998528      1937408
        7568         4096         202.125     61997056      3874816
        7568         8192         402.600    123994112      7749632
        7568        16384         837.650    247988224     15499264
        7568        32768        1563.191    495976448     30998528
        7568        65536        2942.409    991952896     61997056
        7568       131072        5474.608   1983905792    123994112
        8320            1           1.650        16640         1040
        8320            2           0.458        33280         2080
        8320            4           0.367        66560         4160
        8320            8           0.550       133120         8320
        8320           16           0.917       266240        16640
        8320           32           1.558       532480        33280
        8320           64           3.117      1064960        66560
        8320          128           5.959      2129920       133120
        8320          256          11.734      4259840       266240
        8320          512          23.284      8519680       532480
        8320         1024          46.475     17039360      1064960
        8320         2048          91.759     34078720      2129920
        8320         4096         185.167     68157440      4259840
        8320         8192         367.858    136314880      8519680
        8320        16384         721.692    272629760     17039360
        8320        32768        1001.825    545259520     34078720
        8320        65536        1294.150   1090519040     68157440
        9152            1           0.642        18304         1144
        9152            2           0.459        36608         2288
        9152            4           0.459        73216         4576
        9152            8           0.550       146432         9152
        9152           16           0.917       292864        18304
        9152           32           1.742       585728        36608
        9152           64           6.142      1171456        73216
        9152          128           7.058      2342912       146432
        9152          256          14.116      4685824       292864
        9152          512          27.683      9371648       585728
        9152         1024          55.275     18743296      1171456
        9152         2048         110.000     37486592      2342912
        9152         4096         220.366     74973184      4685824
        9152         8192         440.825    149946368      9371648
        9152        16384         887.975    299892736     18743296
        9152        32768        1614.250    599785472     37486592
        9152        65536        3150.950   1199570944     74973184
       10064            1           0.917        20128         1258
       10064            2           0.367        40256         2516
       10064            4           0.367        80512         5032
       10064            8           0.458       161024        10064
       10064           16           0.550       322048        20128
       10064           32           0.917       644096        40256
       10064           64           1.558      1288192        80512
       10064          128           2.934      2576384       161024
       10064          256           5.592      5152768       322048
       10064          512          11.000     10305536       644096
       10064         1024          21.817     20611072      1288192
       10064         2048          43.175     41222144      2576384
       10064         4096          85.983     82444288      5152768
       10064         8192         171.417    164888576     10305536
       10064        16384         343.108    329777152     20611072
       10064        32768         688.141    659554304     41222144
       10064        65536        1635.150   1319108608     82444288
       11056            1           1.283        22112         1382
       11056            2           0.275        44224         2764
       11056            4           0.367        88448         5528
       11056            8           0.458       176896        11056
       11056           16           0.642       353792        22112
       11056           32           1.008       707584        44224
       11056           64           1.741      1415168        88448
       11056          128           3.209      2830336       176896
       11056          256           6.142      5660672       353792
       11056          512          12.100     11321344       707584
       11056         1024          24.383     22642688      1415168
       11056         2048          48.034     45285376      2830336
       11056         4096          96.250     90570752      5660672
       11056         8192         193.050    181141504     11321344
       11056        16384         409.292    362283008     22642688
       11056        32768         901.450    724566016     45285376
       11056        65536        1854.233   1449132032     90570752
       12160            1           0.825        24320         1520
       12160            2           0.367        48640         3040
       12160            4           0.459        97280         6080
       12160            8           0.642       194560        12160
       12160           16           1.100       389120        24320
       12160           32           1.925       778240        48640
       12160           64           3.575      1556480        97280
       12160          128           6.783      3112960       194560
       12160          256          13.292      6225920       389120
       12160          512          26.583     12451840       778240
       12160         1024          52.709     24903680      1556480
       12160         2048         105.142     49807360      3112960
       12160         4096         295.533     99614720      6225920
       12160         8192         590.059    199229440     12451840
       12160        16384        1158.392    398458880     24903680
       12160        32768        2027.575    796917760     49807360
       12160        65536        4025.358   1593835520     99614720
       13376            1           0.917        26752         1672
       13376            2           0.458        53504         3344
       13376            4           0.550       107008         6688
       13376            8           0.825       214016        13376
       13376           16           1.375       428032        26752
       13376           32           2.566       856064        53504
       13376           64           4.858      1712128       107008
       13376          128          14.575      3424256       214016
       13376          256          18.884      6848512       428032
       13376          512          37.583     13697024       856064
       13376         1024          74.984     27394048      1712128
       13376         2048         149.783     54788096      3424256
       13376         4096         321.200    109576192      6848512
       13376         8192         601.608    219152384     13697024
       13376        16384        1095.692    438304768     27394048
       13376        32768        2063.692    876609536     54788096
       13376        65536        4327.034   1753219072    109576192
       14704            1           1.100        29408         1838
       14704            2           0.459        58816         3676
       14704            4           0.641       117632         7352
       14704            8           0.825       235264        14704
       14704           16           1.466       470528        29408
       14704           32           2.658       941056        58816
       14704           64           5.133      1882112       117632
       14704          128           9.900      3764224       235264
       14704          256          19.708      7528448       470528
       14704          512          39.233     15056896       941056
       14704         1024          78.283     30113792      1882112
       14704         2048         157.116     60227584      3764224
       14704         4096         374.092    120455168      7528448
       14704         8192         611.508    240910336     15056896
       14704        16384        1267.200    481820672     30113792
       14704        32768        2127.033    963641344     60227584
       14704        65536        4586.542   1927282688    120455168
       16160            1           1.559        32320         2020
       16160            2           0.458        64640         4040
       16160            4           0.458       129280         8080
       16160            8           0.550       258560        16160
       16160           16           0.825       517120        32320
       16160           32           1.284      1034240        64640
       16160           64           2.383      2068480       129280
       16160          128           4.492      4136960       258560
       16160          256           8.709      8273920       517120
       16160          512          17.050     16547840      1034240
       16160         1024          34.008     33095680      2068480
       16160         2048          68.383     66191360      4136960
       16160         4096         136.583    132382720      8273920
       16160         8192         272.617    264765440     16547840
       16160        16384         559.625    529530880     33095680
       16160        32768        1492.150   1059061760     66191360
       16160        65536        5183.475   2118123520    132382720
       17776            1           1.467        35552         2222
       17776            2           0.367        71104         4444
       17776            4           0.458       142208         8888
       17776            8           0.641       284416        17776
       17776           16           0.916       568832        35552
       17776           32           1.558      1137664        71104
       17776           64           2.750      2275328       142208
       17776          128           6.508      4550656       284416
       17776          256          12.467      9101312       568832
       17776          512          24.109     18202624      1137664
       17776         1024          47.941     36405248      2275328
       17776         2048          95.425     72810496      4550656
       17776         4096         190.667    145620992      9101312
       17776         8192         380.875    291241984     18202624
       17776        16384         761.567    582483968     36405248
       17776        32768        1502.783   1164967936     72810496
       19552            1           1.283        39104         2444
       19552            2           0.458        78208         4888
       19552            4           0.458       156416         9776
       19552            8           0.734       312832        19552
       19552           16           0.917       625664        39104
       19552           32           1.650      1251328        78208
       19552           64           2.933      2502656       156416
       19552          128           5.500      5005312       312832
       19552          256          10.725     10010624       625664
       19552          512          21.083     20021248      1251328
       19552         1024          41.709     40042496      2502656
       19552         2048          83.141     80084992      5005312
       19552         4096         166.191    160169984     10010624
       19552         8192         332.933    320339968     20021248
       19552        16384         706.658    640679936     40042496
       19552        32768        1617.917   1281359872     80084992
       21504            1           2.017        43008         2688
       21504            2           0.825        86016         5376
       21504            4           0.734       172032        10752
       21504            8           1.100       344064        21504
       21504           16           1.925       688128        43008
       21504           32           3.391      1376256        86016
       21504           64           6.509      2752512       172032
       21504          128          12.558      5505024       344064
       21504          256          24.750     11010048       688128
       21504          512          49.225     22020096      1376256
       21504         1024          98.175     44040192      2752512
       21504         2048         242.092     88080384      5505024
       21504         4096         526.900    176160768     11010048
       21504         8192        1088.817    352321536     22020096
       21504        16384        1949.017    704643072     44040192
       21504        32768        3800.591   1409286144     88080384
       23648            1           0.916        47296         2956
       23648            2           0.367        94592         5912
       23648            4           0.550       189184        11824
       23648            8           0.733       378368        23648
       23648           16           1.100       756736        47296
       23648           32           1.834      1513472        94592
       23648           64           3.300      3026944       189184
       23648          128           6.417      6053888       378368
       23648          256          12.559     12107776       756736
       23648          512          24.933     24215552      1513472
       23648         1024          49.225     48431104      3026944
       23648         2048          98.450     96862208      6053888
       23648         4096         197.450    193724416     12107776
       23648         8192         392.609    387448832     24215552
       23648        16384         824.358    774897664     48431104
       23648        32768        1922.800   1549795328     96862208
       26000            1           2.292        52000         3250
       26000            2           0.459       104000         6500
       26000            4           0.550       208000        13000
       26000            8           0.825       416000        26000
       26000           16           1.192       832000        52000
       26000           32           2.109      1664000       104000
       26000           64           3.759      3328000       208000
       26000          128           7.242      6656000       416000
       26000          256          14.025     13312000       832000
       26000          512          27.867     26624000      1664000
       26000         1024          64.442     53248000      3328000
       26000         2048         111.925    106496000      6656000
       26000         4096         226.966    212992000     13312000
       26000         8192         471.717    425984000     26624000
       26000        16384         922.900    851968000     53248000
       26000        32768        2139.133   1703936000    106496000
       28592            1           1.375        57184         3574
       28592            2           0.642       114368         7148
       28592            4           1.008       228736        14296
       28592            8           1.466       457472        28592
       28592           16           2.475       914944        57184
       28592           32           4.583      1829888       114368
       28592           64           8.892      3659776       228736
       28592          128          17.142      7319552       457472
       28592          256          34.009     14639104       914944
       28592          512          67.375     29278208      1829888
       28592         1024         134.750     58556416      3659776
       28592         2048         264.367    117112832      7319552
       28592         4096         558.342    234225664     14639104
       28592         8192        1356.941    468451328     29278208
       28592        16384        2450.066    936902656     58556416
       28592        32768        4957.334   1873805312    117112832
       31440            1           1.559        62880         3930
       31440            2           0.733       125760         7860
       31440            4           1.100       251520        15720
       31440            8           1.742       503040        31440
       31440           16           3.117      1006080        62880
       31440           32           5.867      2012160       125760
       31440           64          11.183      4024320       251520
       31440          128          21.634      8048640       503040
       31440          256          47.850     16097280      1006080
       31440          512          85.892     32194560      2012160
       31440         1024         170.775     64389120      4024320
       31440         2048         358.783    128778240      8048640
       31440         4096         742.134    257556480     16097280
       31440         8192        1413.133    515112960     32194560
       31440        16384        2598.200   1030225920     64389120
       31440        32768        2533.116   2060451840    128778240
       34576            1           2.109        69152         4322
       34576            2           0.550       138304         8644
       34576            4           0.733       276608        17288
       34576            8           1.009       553216        34576
       34576           16           1.558      1106432        69152
       34576           32           2.658      2212864       138304
       34576           64           4.950      4425728       276608
       34576          128           9.625      8851456       553216
       34576          256          18.791     17702912      1106432
       34576          512          37.125     35405824      2212864
       34576         1024          74.066     70811648      4425728
       34576         2048         171.417    141623296      8851456
       34576         4096         312.309    283246592     17702912
       34576         8192         674.116    566493184     35405824
       34576        16384        1375.550   1132986368     70811648
       38032            1           2.475        76064         4754
       38032            2           0.642       152128         9508
       38032            4           0.825       304256        19016
       38032            8           1.375       608512        38032
       38032           16           1.741      1217024        76064
       38032           32           2.750      2434048       152128
       38032           64           5.317      4868096       304256
       38032          128          10.267      9736192       608512
       38032          256          20.350     19472384      1217024
       38032          512          40.334     38944768      2434048
       38032         1024          80.575     77889536      4868096
       38032         2048         159.500    155779072      9736192
       38032         4096         324.225    311558144     19472384
       38032         8192         677.233    623116288     38944768
       38032        16384        1528.267   1246232576     77889536
       41824            1           4.125        83648         5228
       41824            2           0.642       167296        10456
       41824            4           0.734       334592        20912
       41824            8           1.100       669184        41824
       41824           16           1.742      1338368        83648
       41824           32           3.209      2676736       167296
       41824           64           6.050      5353472       334592
       41824          128          11.366     10706944       669184
       41824          256          22.275     21413888      1338368
       41824          512          44.367     42827776      2676736
       41824         1024         177.650     85655552      5353472
       41824         2048         176.366    171311104     10706944
       41824         4096         352.000    342622208     21413888
       41824         8192         851.033    685244416     42827776
       41824        16384        1671.634   1370488832     85655552
       46000            1           2.659        92000         5750
       46000            2           1.466       184000        11500
       46000            4           2.200       368000        23000
       46000            8           3.850       736000        46000
       46000           16           7.058      1472000        92000
       46000           32          13.566      2944000       184000
       46000           64          27.775      5888000       368000
       46000          128          52.617     11776000       736000
       46000          256         109.084     23552000      1472000
       46000          512         204.417     47104000      2944000
       46000         1024         183.700     94208000      5888000
       46000         2048         278.208    188416000     11776000
       46000         4096         569.342    376832000     23552000
       46000         8192        1025.475    753664000     47104000
       46000        16384        1876.875   1507328000     94208000
       50592            1           1.650       101184         6324
       50592            2           0.733       202368        12648
       50592            4           0.825       404736        25296
       50592            8           6.141       809472        50592
       50592           16           2.200      1618944       101184
       50592           32           3.850      3237888       202368
       50592           64           7.242      6475776       404736
       50592          128          13.842     12951552       809472
       50592          256          27.225     25903104      1618944
       50592          512          54.541     51806208      3237888
       50592         1024         108.625    103612416      6475776
       50592         2048         217.525    207224832     12951552
       50592         4096         436.608    414449664     25903104
       50592         8192         965.341    828899328     51806208
       50592        16384        2172.776   1657798656    103612416
       55648            1           1.833       111296         6956
       55648            2           0.825       222592        13912
       55648            4           1.008       445184        27824
       55648            8           1.375       890368        55648
       55648           16           2.292      1780736       111296
       55648           32           4.125      3561472       222592
       55648           64           7.700      7122944       445184
       55648          128          14.850     14245888       890368
       55648          256          29.700     28491776      1780736
       55648          512          58.942     56983552      3561472
       55648         1024         121.091    113967104      7122944
       55648         2048         259.783    227934208     14245888
       55648         4096         660.641    455868416     28491776
       55648         8192        1216.050    911736832     56983552
       55648        16384        2188.267   1823473664    113967104
       61200            1           2.383       122400         7650
       61200            2           1.833       244800        15300
       61200            4           3.117       489600        30600
       61200            8           5.225       979200        61200
       61200           16           9.533      1958400       122400
       61200           32          18.059      3916800       244800
       61200           64          35.384      7833600       489600
       61200          128          70.034     15667200       979200
       61200          256         139.517     31334400      1958400
       61200          512         280.500     62668800      3916800
       61200         1024         355.300    125337600      7833600
       61200         2048         431.658    250675200     15667200
       61200         4096         786.133    501350400     31334400
       61200         8192        1398.375   1002700800     62668800
       61200        16384        2519.458   2005401600    125337600
       67312            1           2.017       134624         8414
       67312            2           2.016       269248        16828
       67312            4           3.025       538496        33656
       67312            8           5.133      1076992        67312
       67312           16           9.259      2153984       134624
       67312           32          17.509      4307968       269248
       67312           64          34.191      8615936       538496
       67312          128          67.559     17231872      1076992
       67312          256         138.784     34463744      2153984
       67312          512         270.508     68927488      4307968
       67312         1024         544.500    137854976      8615936
       67312         2048        1213.575    275709952     17231872
       67312         4096        2228.050    551419904     34463744
       67312         8192        2657.783   1102839808     68927488
       74032            1           2.475       148064         9254
       74032            2           1.742       296128        18508
       74032            4           2.750       592256        37016
       74032            8           9.808      1184512        74032
       74032           16           8.158      2369024       148064
       74032           32          15.492      4738048       296128
       74032           64          30.250      9476096       592256
       74032          128          76.359     18952192      1184512
       74032          256         160.508     37904384      2369024
       74032          512         343.750     75808768      4738048
       74032         1024         642.492    151617536      9476096
       74032         2048        1242.817    303235072     18952192
       74032         4096        2310.000    606470144     37904384
       74032         8192        4269.284   1212940288     75808768
       81424            1           2.017       162848        10178
       81424            2           1.100       325696        20356
       81424            4           1.650       651392        40712
       81424            8           2.567      1302784        81424
       81424           16           4.492      2605568       162848
       81424           32           8.341      5211136       325696
       81424           64          15.859     10422272       651392
       81424          128          32.175     20844544      1302784
       81424          256          63.800     41689088      2605568
       81424          512         151.158     83378176      5211136
       81424         1024         294.525    166756352     10422272
       81424         2048         599.867    333512704     20844544
       81424         4096        1217.975    667025408     41689088
       81424         8192        2699.675   1334050816     83378176
       89552            1           1.834       179104        11194
       89552            2           2.475       358208        22388
       89552            4           3.758       716416        44776
       89552            8           6.325      1432832        89552
       89552           16          11.367      2865664       179104
       89552           32          21.725      5731328       358208
       89552           64          42.259     11462656       716416
       89552          128          83.966     22925312      1432832
       89552          256         169.217     45850624      2865664
       89552          512         338.983     91701248      5731328
       89552         1024         688.692    183402496     11462656
       89552         2048        1408.458    366804992     22925312
       89552         4096        2522.666    733609984     45850624
       89552         8192        4815.984   1467219968     91701248
       98496            1           3.209       196992        12312
       98496            2           2.292       393984        24624
       98496            4           3.483       787968        49248
       98496            8           5.959      1575936        98496
       98496           16          10.725      3151872       196992
       98496           32          20.350      6303744       393984
       98496           64          38.866     12607488       787968
       98496          128          83.325     25214976      1575936
       98496          256         152.350     50429952      3151872
       98496          512         304.425    100859904      6303744
       98496         1024         617.650    201719808     12607488
       98496         2048         740.117    403439616     25214976
       98496         4096        1319.175    806879232     50429952
       98496         8192        2536.325   1613758464    100859904
      108336            1           2.567       216672        13542
      108336            2           1.375       433344        27084
      108336            4           2.017       866688        54168
      108336            8           3.300      1733376       108336
      108336           16           5.775      3466752       216672
      108336           32          10.909      6933504       433344
      108336           64          21.083     13867008       866688
      108336          128          42.992     27734016      1733376
      108336          256          85.066     55468032      3466752
      108336          512         169.125    110936064      6933504
      108336         1024         337.792    221872128     13867008
      108336         2048         712.159    443744256     27734016
      108336         4096        1463.000    887488512     55468032
      108336         8192        2694.634   1774977024    110936064
      119168            1           3.575       238336        14896
      119168            2           1.559       476672        29792
      119168            4           2.200       953344        59584
      119168            8           3.575      1906688       119168
      119168           16           6.416      3813376       238336
      119168           32          11.916      7626752       476672
      119168           64          23.191     15253504       953344
      119168          128          46.934     30507008      1906688
      119168          256          93.225     61014016      3813376
      119168          512         232.100    122028032      7626752
      119168         1024         370.975    244056064     15253504
      119168         2048         820.325    488112128     30507008
      119168         4096        1567.592    976224256     61014016
      119168         8192        2966.608   1952448512    122028032
      131072            1           9.350       262144        16384
      131072            2           1.742       524288        32768
      131072            4           2.475      1048576        65536
      131072            8           3.942      2097152       131072
      131072           16           7.059      4194304       262144
      131072           32          13.200      8388608       524288
      131072           64          25.666     16777216      1048576
      131072          128          51.517     33554432      2097152
      131072          256         102.667     67108864      4194304
      131072          512         204.600    134217728      8388608
      131072         1024         555.042    268435456     16777216
      131072         2048        1140.334    536870912     33554432
      131072         4096        2129.692   1073741824     67108864
      131072         8192        3272.133   2147483648    134217728
      144176            1           5.133       288352        18022
      144176            2           1.834       576704        36044
      144176            4           2.566      1153408        72088
      144176            8           4.308      2306816       144176
      144176           16           7.609      4613632       288352
      144176           32          14.575      9227264       576704
      144176           64          28.050     18454528      1153408
      144176          128          55.275     36909056      2306816
      144176          256         182.050     73818112      4613632
      144176          512         469.700    147636224      9227264
      144176         1024        1037.117    295272448     18454528
      144176         2048        1917.025    590544896     36909056
      144176         4096        3598.467   1181089792     73818112
      158592            1           5.133       317184        19824
      158592            2           2.017       634368        39648
      158592            4           2.842      1268736        79296
      158592            8           4.675      2537472       158592
      158592           16           8.342      5074944       317184
      158592           32          15.858     10149888       634368
      158592           64          31.625     20299776      1268736
      158592          128          62.516     40599552      2537472
      158592          256         123.750     81199104      5074944
      158592          512         252.266    162398208     10149888
      158592         1024         516.359    324796416     20299776
      158592         2048        1025.567    649592832     40599552
      158592         4096        1951.034   1299185664     81199104
      174448            1           4.767       348896        21806
      174448            2           4.217       697792        43612
      174448            4           6.508      1395584        87224
      174448            8          11.000      2791168       174448
      174448           16          23.925      5582336       348896
      174448           32          37.675     11164672       697792
      174448           64          74.067     22329344      1395584
      174448          128         149.416     44658688      2791168
      174448          256         296.817     89317376      5582336
      174448          512         591.983    178634752     11164672
      174448         1024        1214.400    357269504     22329344
      174448         2048        2226.400    714539008     44658688
      174448         4096        4217.308   1429078016     89317376
      191888            1           3.392       383776        23986
      191888            2           4.400       767552        47972
      191888            4           6.692      1535104        95944
      191888            8          11.367      3070208       191888
      191888           16          20.808      6140416       383776
      191888           32          39.691     12280832       767552
      191888           64         104.959     24561664      1535104
      191888          128         157.117     49123328      3070208
      191888          256         312.492     98246656      6140416
      191888          512         622.875    196493312     12280832
      191888         1024        1266.650    392986624     24561664
      191888         2048        2401.942    785973248     49123328
      191888         4096        4530.442   1571946496     98246656
      211072            1           5.866       422144        26384
      211072            2           4.492       844288        52768
      211072            4           7.058      1688576       105536
      211072            8          12.100      3377152       211072
      211072           16          22.000      6754304       422144
      211072           32          42.625     13508608       844288
      211072           64          83.783     27017216      1688576
      211072          128         166.100     54034432      3377152
      211072          256         330.000    108068864      6754304
      211072          512         662.566    216137728     13508608
      211072         1024        1323.025    432275456     27017216
      211072         2048        1317.983    864550912     54034432
      211072         4096        2500.484   1729101824    108068864
      232176            1           7.516       464352        29022
      232176            2           2.659       928704        58044
      232176            4           3.942      1857408       116088
      232176            8           6.600      3714816       232176
      232176           16          11.734      7429632       464352
      232176           32          22.183     14859264       928704
      232176           64          42.992     29718528      1857408
      232176          128          84.333     59437056      3714816
      232176          256         167.933    118874112      7429632
      232176          512         366.850    237748224     14859264
      232176         1024         677.234    475496448     29718528
      232176         2048        1419.917    950992896     59437056
      232176         4096        2747.617   1901985792    118874112
      255392            1           9.075       510784        31924
      255392            2           2.842      1021568        63848
      255392            4           4.308      2043136       127696
      255392            8          43.725      4086272       255392
      255392           16          13.200      8172544       510784
      255392           32          24.659     16345088      1021568
      255392           64          49.133     32690176      2043136
      255392          128          96.892     65380352      4086272
      255392          256         192.225    130760704      8172544
      255392          512         383.075    261521408     16345088
      255392         1024         770.275    523042816     32690176
      255392         2048        1533.400   1046085632     65380352
      255392         4096        2991.267   2092171264    130760704
      280928            1           7.883       561856        35116
      280928            2           5.959      1123712        70232
      280928            4           9.442      2247424       140464
      280928            8          16.133      4494848       280928
      280928           16          29.425      8989696       561856
      280928           32          55.092     17979392      1123712
      280928           64         109.908     35958784      2247424
      280928          128         218.167     71917568      4494848
      280928          256         438.075    143835136      8989696
      280928          512         869.000    287670272     17979392
      280928         1024        1730.392    575340544     35958784
      280928         2048        3292.941   1150681088     71917568
      309008            1           9.166       618016        38626
      309008            2           3.483      1236032        77252
      309008            4           5.041      2472064       154504
      309008            8           8.525      4944128       309008
      309008           16          15.492      9888256       618016
      309008           32          29.883     19776512      1236032
      309008           64          58.942     39553024      2472064
      309008          128         116.508     79106048      4944128
      309008          256         231.642    158212096      9888256
      309008          512         461.908    316424192     19776512
      309008         1024         953.792    632848384     39553024
      309008         2048        1777.325   1265696768     79106048
      339904            1          11.366       679808        42488
      339904            2           5.042      1359616        84976
      339904            4           7.150      2719232       169952
      339904            8          12.925      5438464       339904
      339904           16          22.183     10876928       679808
      339904           32          41.800     21753856      1359616
      339904           64          98.267     43507712      2719232
      339904          128         182.325     87015424      5438464
      339904          256         485.833    174030848     10876928
      339904          512         521.675    348061696     21753856
      339904         1024        1040.050    696123392     43507712
      339904         2048        2097.150   1392246784     87015424
      373888            1          11.550       747776        46736
      373888            2           4.308      1495552        93472
      373888            4           6.417      2991104       186944
      373888            8          10.725      5982208       373888
      373888           16          19.617     11964416       747776
      373888           32          36.941     23928832      1495552
      373888           64          72.050     47857664      2991104
      373888          128         170.408     95715328      5982208
      373888          256         282.242    191430656     11964416
      373888          512         568.517    382861312     23928832
      373888         1024        1155.000    765722624     47857664
      373888         2048        2125.475   1531445248     95715328
      411264            1          14.116       822528        51408
      411264            2           6.325      1645056       102816
      411264            4           7.150      3290112       205632
      411264            8          11.825      6580224       411264
      411264           16          21.725     13160448       822528
      411264           32          42.075     26320896      1645056
      411264           64          82.133     52641792      3290112
      411264          128         161.609    105283584      6580224
      411264          256         321.291    210567168     13160448
      411264          512         640.658    421134336     26320896
      411264         1024        1331.000    842268672     52641792
      411264         2048        2663.925   1684537344    105283584
      452384            1          13.200       904768        56548
      452384            2           9.900      1809536       113096
      452384            4          15.491      3619072       226192
      452384            8          26.675      7238144       452384
      452384           16          49.042     14476288       904768
      452384           32          95.700     28952576      1809536
      452384           64         189.842     57905152      3619072
      452384          128         395.541    115810304      7238144
      452384          256         788.883    231620608     14476288
      452384          512        1431.558    463241216     28952576
      452384         1024        2923.892    926482432     57905152
      452384         2048        3583.434   1852964864    115810304
      497616            1          19.067       995232        62202
      497616            2           5.500      1990464       124404
      497616            4           8.433      3980928       248808
      497616            8          14.208      7961856       497616
      497616           16          26.125     15923712       995232
      497616           32          50.142     31847424      1990464
      497616           64          98.541     63694848      3980928
      497616          128         194.241    127389696      7961856
      497616          256         385.642    254779392     15923712
      497616          512         779.992    509558784     31847424
      497616         1024        1502.141   1019117568     63694848
      497616         2048        2865.683   2038235136    127389696
      547376            1          15.675      1094752        68422
      547376            2           5.958      2189504       136844
      547376            4           9.167      4379008       273688
      547376            8          15.675      8758016       547376
      547376           16          28.417     17516032      1094752
      547376           32          54.267     35032064      2189504
      547376           64         105.325     70064128      4379008
      547376          128         208.450    140128256      8758016
      547376          256         419.466    280256512     17516032
      547376          512         842.967    560513024     35032064
      547376         1024        1649.266   1121026048     70064128
      602112            1          17.875      1204224        75264
      602112            2          14.300      2408448       150528
      602112            4          22.092      4816896       301056
      602112            8          37.584      9633792       602112
      602112           16          69.208     19267584      1204224
      602112           32         134.292     38535168      2408448
      602112           64         262.075     77070336      4816896
      602112          128         517.733    154140672      9633792
      602112          256        1041.791    308281344     19267584
      602112          512        1816.559    616562688     38535168
      602112         1024        1861.659   1233125376     77070336
      662320            1          23.283      1324640        82790
      662320            2          30.525      2649280       165580
      662320            4          16.225      5298560       331160
      662320            8          19.158     10597120       662320
      662320           16          35.475     21194240      1324640
      662320           32          67.742     42388480      2649280
      662320           64         131.909     84776960      5298560
      662320          128         260.883    169553920     10597120
      662320          256         517.275    339107840     21194240
      662320          512        1035.100    678215680     42388480
      662320         1024        2101.825   1356431360     84776960
      728544            1          18.700      1457088        91068
      728544            2          17.783      2914176       182136
      728544            4          27.225      5828352       364272
      728544            8          46.842     11656704       728544
      728544           16          86.716     23313408      1457088
      728544           32         166.559     46626816      2914176
      728544           64         322.850     93253632      5828352
      728544          128         637.358    186507264     11656704
      728544          256        1253.817    373014528     23313408
      728544          512        2443.650    746029056     46626816
      728544         1024        4527.784   1492058112     93253632
      801392            1          20.900      1602784       100174
      801392            2           9.900      3205568       200348
      801392            4          13.383      6411136       400696
      801392            8          22.642     12822272       801392
      801392           16          42.350     25644544      1602784
      801392           32          81.492     51289088      3205568
      801392           64         163.808    102578176      6411136
      801392          128         335.316    205156352     12822272
      801392          256         622.325    410312704     25644544
      801392          512        1240.617    820625408     51289088
      801392         1024        2339.975   1641250816    102578176
      881520            1          24.108      1763040       110190
      881520            2          21.083      3526080       220380
      881520            4          31.808      7052160       440760
      881520            8          54.450     14104320       881520
      881520           16         111.284     28208640      1763040
      881520           32         193.691     56417280      3526080
      881520           64         405.991    112834560      7052160
      881520          128         746.258    225669120     14104320
      881520          256        1496.275    451338240     28208640
      881520          512        2802.067    902676480     56417280
      881520         1024        3010.150   1805352960    112834560
      969664            1          27.958      1939328       121208
      969664            2          22.642      3878656       242416
      969664            4          34.558      7757312       484832
      969664            8          59.308     15514624       969664
      969664           16         108.167     31029248      1939328
      969664           32         232.375     62058496      3878656
      969664           64         401.867    124116992      7757312
      969664          128         799.884    248233984     15514624
      969664          256        1590.784    496467968     31029248
      969664          512        3051.766    992935936     62058496
      969664         1024        5782.425   1985871872    124116992
     1066624            1          22.367      2133248       133328
     1066624            2          23.191      4266496       266656
     1066624            4          35.200      8532992       533312
     1066624            8          60.041     17065984      1066624
     1066624           16         111.650     34131968      2133248
     1066624           32         213.858     68263936      4266496
     1066624           64         463.375    136527872      8532992
     1066624          128         867.716    273055744     17065984
     1066624          256        1710.775    546111488     34131968
     1066624          512        3195.775   1092222976     68263936
     1173280            1          25.483      2346560       146660
     1173280            2          11.458      4693120       293320
     1173280            4          17.325      9386240       586640
     1173280            8          30.800     18772480      1173280
     1173280           16          56.833     37544960      2346560
     1173280           32         108.716     75089920      4693120
     1173280           64         211.934    150179840      9386240
     1173280          128         427.350    300359680     18772480
     1173280          256         836.550    600719360     37544960
     1173280          512        1674.842   1201438720     75089920
     1290608            1          20.350      2581216       161326
     1290608            2          13.383      5162432       322652
     1290608            4          20.075     10324864       645304
     1290608            8          34.558     20649728      1290608
     1290608           16          63.250     41299456      2581216
     1290608           32         133.742     82598912      5162432
     1290608           64         242.550    165197824     10324864
     1290608          128         478.041    330395648     20649728
     1290608          256         969.833    660791296     41299456
     1290608          512        1958.733   1321582592     82598912
     1419664            1          38.225      2839328       177458
     1419664            2          19.616      5678656       354916
     1419664            4          34.741     11357312       709832
     1419664            8          57.292     22714624      1419664
     1419664           16          75.992     45429248      2839328
     1419664           32         146.483     90858496      5678656
     1419664           64         290.584    181716992     11357312
     1419664          128         585.842    363433984     22714624
     1419664          256        1130.616    726867968     45429248
     1419664          512        2133.358   1453735936     90858496
     1561616            1          43.175      3123232       195202
     1561616            2          18.058      6246464       390404
     1561616            4          28.325     12492928       780808
     1561616            8          48.858     24985856      1561616
     1561616           16          94.142     49971712      3123232
     1561616           32         170.408     99943424      6246464
     1561616           64         332.567    199886848     12492928
     1561616          128         740.300    399773696     24985856
     1561616          256        1332.834    799547392     49971712
     1561616          512        2424.583   1599094784     99943424
     1717776            1          40.517      3435552       214722
     1717776            2          20.716      6871104       429444
     1717776            4          30.525     13742208       858888
     1717776            8          52.708     27484416      1717776
     1717776           16          97.809     54968832      3435552
     1717776           32         186.725    109937664      6871104
     1717776           64         363.367    219875328     13742208
     1717776          128         720.500    439750656     27484416
     1717776          256        1443.933    879501312     54968832
     1717776          512        2657.509   1759002624    109937664
     1889552            1          44.825      3779104       236194
     1889552            2          23.008      7558208       472388
     1889552            4          39.325     15116416       944776
     1889552            8          59.491     30232832      1889552
     1889552           16         108.900     60465664      3779104
     1889552           32         230.175    120931328      7558208
     1889552           64         413.783    241862656     15116416
     1889552          128         804.925    483725312     30232832
     1889552          256        1566.033    967450624     60465664
     1889552          512        2981.733   1934901248    120931328
     2078496            1          54.084      4156992       259812
     2078496            2          26.858      8313984       519624
     2078496            4          38.317     16627968      1039248
     2078496            8          69.758     33255936      2078496
     2078496           16         119.900     66511872      4156992
     2078496           32         260.516    133023744      8313984
     2078496           64         444.767    266047488     16627968
     2078496          128         887.150    532094976     33255936
     2078496          256        1634.141   1064189952     66511872
     2078496          512        3516.517   2128379904    133023744
     2286336            1          41.984      4572672       285792
     2286336            2          57.108      9145344       571584
     2286336            4          88.092     18290688      1143168
     2286336            8         150.150     36581376      2286336
     2286336           16         271.333     73162752      4572672
     2286336           32         529.100    146325504      9145344
     2286336           64        1011.817    292651008     18290688
     2286336          128        1922.891    585302016     36581376
     2286336          256        2644.766   1170604032     73162752
     2514960            1          41.250      5029920       314370
     2514960            2         150.517     10059840       628740
     2514960            4          46.933     20119680      1257480
     2514960            8          83.508     40239360      2514960
     2514960           16         147.767     80478720      5029920
     2514960           32         270.233    160957440     10059840
     2514960           64         524.975    321914880     20119680
     2514960          128        1101.833    643829760     40239360
     2514960          256        2046.825   1287659520     80478720
     2766448            1          57.934      5532896       345806
     2766448            2          39.325     11065792       691612
     2766448            4          54.084     22131584      1383224
     2766448            8          92.675     44263168      2766448
     2766448           16         168.758     88526336      5532896
     2766448           32         329.633    177052672     11065792
     2766448           64         647.075    354105344     22131584
     2766448          128        1187.083    708210688     44263168
     2766448          256        2333.925   1416421376     88526336
     3043088            1          50.508      6086176       380386
     3043088            2          75.717     12172352       760772
     3043088            4         116.875     24344704      1521544
     3043088            8         198.367     48689408      3043088
     3043088           16         361.350     97378816      6086176
     3043088           32         696.758    194757632     12172352
     3043088           64        1383.984    389515264     24344704
     3043088          128        2509.925    779030528     48689408
     3043088          256        4895.642   1558061056     97378816
     3347392            1         105.509      6694784       418424
     3347392            2          87.266     13389568       836848
     3347392            4          74.158     26779136      1673696
     3347392            8         113.667     53558272      3347392
     3347392           16         196.259    107116544      6694784
     3347392           32         371.891    214233088     13389568
     3347392           64         704.276    428466176     26779136
     3347392          128        1358.775    856932352     53558272
     3347392          256        2603.608   1713864704    107116544
     3682128            1          71.133      7364256       460266
     3682128            2          53.625     14728512       920532
     3682128            4          74.617     29457024      1841064
     3682128            8         121.825     58914048      3682128
     3682128           16         204.692    117828096      7364256
     3682128           32         417.725    235656192     14728512
     3682128           64         831.966    471312384     29457024
     3682128          128        1501.683    942624768     58914048
     3682128          256        2852.209   1885249536    117828096
     4050336            1          63.525      8100672       506292
     4050336            2          52.708     16201344      1012584
     4050336            4          72.691     32402688      2025168
     4050336            8         135.391     64805376      4050336
     4050336           16         371.800    129610752      8100672
     4050336           32         911.075    259221504     16201344
     4050336           64        1756.975    518443008     32402688
     4050336          128        3229.141   1036886016     64805376
     4050336          256        4416.775   2073772032    129610752
     4455360            1          58.300      8910720       556920
     4455360            2          53.442     17821440      1113840
     4455360            4          79.383     35642880      2227680
     4455360            8         133.009     71285760      4455360
     4455360           16         237.417    142571520      8910720
     4455360           32         454.117    285143040     17821440
     4455360           64         883.392    570286080     35642880
     4455360          128        1772.191   1140572160     71285760
     4900896            1          76.175      9801792       612612
     4900896            2         118.066     19603584      1225224
     4900896            4         180.308     39207168      2450448
     4900896            8         306.533     78414336      4900896
     4900896           16         561.550    156828672      9801792
     4900896           32        1072.409    313657344     19603584
     4900896           64        1911.892    627314688     39207168
     4900896          128        3837.258   1254629376     78414336
     5390976            1          77.184     10781952       673872
     5390976            2          69.391     21563904      1347744
     5390976            4          97.900     43127808      2695488
     5390976            8         164.267     86255616      5390976
     5390976           16         293.700    172511232     10781952
     5390976           32         546.241    345022464     21563904
     5390976           64        1073.784    690044928     43127808
     5390976          128        2134.092   1380089856     86255616
     5930064            1          76.633     11860128       741258
     5930064            2          80.575     23720256      1482516
     5930064            4         116.050     47440512      2965032
     5930064            8         186.633     94881024      5930064
     5930064           16         331.741    189762048     11860128
     5930064           32         614.258    379524096     23720256
     5930064           64        1244.925    759048192     47440512
     5930064          128        2316.233   1518096384     94881024
     6523056            1          88.458     13046112       815382
     6523056            2          91.116     26092224      1630764
     6523056            4         129.342     52184448      3261528
     6523056            8         207.258    104368896      6523056
     6523056           16         370.150    208737792     13046112
     6523056           32         692.175    417475584     26092224
     6523056           64        1373.350    834951168     52184448
     6523056          128        2580.783   1669902336    104368896
     7175360            1         241.541     14350720       896920
     7175360            2         173.341     28701440      1793840
     7175360            4         183.150     57402880      3587680
     7175360            8         295.717    114805760      7175360
     7175360           16         536.066    229611520     14350720
     7175360           32        1035.925    459223040     28701440
     7175360           64        1655.775    918446080     57402880
     7175360          128        2859.817   1836892160    114805760
     7892896            1         100.925     15785792       986612
     7892896            2         186.541     31571584      1973224
     7892896            4         285.633     63143168      3946448
     7892896            8         489.317    126286336      7892896
     7892896           16         950.125    252572672     15785792
     7892896           32        1661.917    505145344     31571584
     7892896           64        3125.100   1010290688     63143168
     7892896          128        5222.159   2020581376    126286336
     8682176            1          76.175     17364352      1085272
     8682176            2         111.008     34728704      2170544
     8682176            4         150.792     69457408      4341088
     8682176            8         254.192    138914816      8682176
     8682176           16         451.550    277829632     17364352
     8682176           32         891.459    555659264     34728704
     8682176           64        1699.775   1111318528     69457408
     9550384            1         135.942     19100768      1193798
     9550384            2         247.041     38201536      2387596
     9550384            4         372.900     76403072      4775192
     9550384            8         604.725    152806144      9550384
     9550384           16        1115.583    305612288     19100768
     9550384           32        1991.642    611224576     38201536
     9550384           64        3668.225   1222449152     76403072
    10505408            1         115.683     21010816      1313176
    10505408            2         159.317     42021632      2626352
    10505408            4         218.900     84043264      5252704
    10505408            8         335.134    168086528     10505408
    10505408           16         647.992    336173056     21010816
    10505408           32        1076.900    672346112     42021632
    10505408           64        2101.825   1344692224     84043264
    11555936            1         172.058     23111872      1444492
    11555936            2         293.517     46223744      2888984
    11555936            4         444.767     92447488      5777968
    11555936            8         755.792    184894976     11555936
    11555936           16        1308.908    369789952     23111872
    11555936           32        2421.833    739579904     46223744
    11555936           64        4411.000   1479159808     92447488
    12711520            1         166.558     25423040      1588940
    12711520            2         226.325     50846080      3177880
    12711520            4         291.225    101692160      6355760
    12711520            8         484.367    203384320     12711520
    12711520           16         786.317    406768640     25423040
    12711520           32        2572.533    813537280     50846080
    12711520           64        4922.042   1627074560    101692160
    13982672            1         140.158     27965344      1747834
    13982672            2         195.892     55930688      3495668
    13982672            4         267.759    111861376      6991336
    13982672            8         426.341    223722752     13982672
    13982672           16         823.166    447445504     27965344
    13982672           32        1369.866    894891008     55930688
    13982672           64        2660.900   1789782016    111861376
    15380928            1         149.600     30761856      1922616
    15380928            2         218.991     61523712      3845232
    15380928            4         292.417    123047424      7690464
    15380928            8         475.383    246094848     15380928
    15380928           16         852.591    492189696     30761856
    15380928           32        1648.075    984379392     61523712
    15380928           64        2995.667   1968758784    123047424
    16919008            1         238.975     33838016      2114876
    16919008            2         433.950     67676032      4229752
    16919008            4         648.908    135352064      8459504
    16919008            8        1076.809    270704128     16919008
    16919008           16        1843.233    541408256     33838016
    16919008           32        3356.650   1082816512     67676032
    18610896            1         299.017     37221792      2326362
    18610896            2         517.642     74443584      4652724
    18610896            4         741.033    148887168      9305448
    18610896            8        1176.817    297774336     18610896
    18610896           16        2055.625    595548672     37221792
    18610896           32        3671.984   1191097344     74443584
    20471984            1         586.208     40943968      2558998
    20471984            2         980.283     81887936      5117996
    20471984            4        1193.500    163775872     10235992
    20471984            8        1638.725    327551744     20471984
    20471984           16        2750.183    655103488     40943968
    20471984           32        4312.092   1310206976     81887936
    22519168            1         633.417     45038336      2814896
    22519168            2        1067.825     90076672      5629792
    22519168            4        1226.866    180153344     11259584
    22519168            8        1577.125    360306688     22519168
    22519168           16        1764.491    720613376     45038336
    22519168           32        4362.692   1441226752     90076672
    24771072            1         215.142     49542144      3096384
    24771072            2         353.925     99084288      6192768
    24771072            4         457.050    198168576     12385536
    24771072            8         808.775    396337152     24771072
    24771072           16        1393.975    792674304     49542144
    24771072           32        2531.833   1585348608     99084288
    27248176            1         257.675     54496352      3406022
    27248176            2         417.450    108992704      6812044
    27248176            4         557.516    217985408     13624088
    27248176            8         910.342    435970816     27248176
    27248176           16        1578.683    871941632     54496352
    27248176           32        2803.533   1743883264    108992704
    29972992            1         965.892     59945984      3746624
    29972992            2        1716.641    119891968      7493248
    29972992            4        2076.525    239783936     14986496
    29972992            8        2369.767    479567872     29972992
    29972992           16        2811.784    959135744     59945984
    29972992           32        3806.825   1918271488    119891968
    32970288            1         319.459     65940576      4121286
    32970288            2         488.950    131881152      8242572
    32970288            4         671.367    263762304     16485144
    32970288            8        1297.542    527524608     32970288
    32970288           16        1847.816   1055049216     65940576
    32970288           32        3359.492   2110098432    131881152
    36267312            1         843.700     72534624      4533414
    36267312            2        1274.717    145069248      9066828
    36267312            4        1544.767    290138496     18133656
    36267312            8        2050.859    580276992     36267312
    36267312           16        2646.325   1160553984     72534624
    39894032            1        1351.075     79788064      4986754
    39894032            2        2416.425    159576128      9973508
    39894032            4        3015.742    319152256     19947016
    39894032            8        3341.525    638304512     39894032
    39894032           16        2585.367   1276609024     79788064
    43883424            1        1422.391     87766848      5485428
    43883424            2        2543.017    175533696     10970856
    43883424            4        3119.600    351067392     21941712
    43883424            8        3758.608    702134784     43883424
    43883424           16        4552.167   1404269568     87766848
    48271760            1         790.625     96543520      6033970
    48271760            2        1566.308    193087040     12067940
    48271760            4        2267.742    386174080     24135880
    48271760            8        3244.816    772348160     48271760
    48271760           16        5380.100   1544696320     96543520
    53098928            1        1744.325    106197856      6637366
    53098928            2        2995.758    212395712     13274732
    53098928            4        3428.975    424791424     26549464
    53098928            8        1699.316    849582848     53098928
    53098928           16        3019.592   1699165696    106197856
    58408816            1        1959.100    116817632      7301102
    58408816            2        3436.675    233635264     14602204
    58408816            4        3016.566    467270528     29204408
    58408816            8        3637.517    934541056     58408816
    58408816           16        4703.967   1869082112    116817632
    64249696            1        2141.425    128499392      8031212
    64249696            2        3657.500    256998784     16062424
    64249696            4        2908.034    513997568     32124848
    64249696            8        2121.442   1027995136     64249696
    64249696           16        3669.325   2055990272    128499392
    70674656            1        2355.925    141349312      8834332
    70674656            2        4048.459    282698624     17668664
    70674656            4        2761.184    565397248     35337328
    70674656            8        3222.084   1130794496     70674656
    77742112            1        2530.917    155484224      9717764
    77742112            2        2628.175    310968448     19435528
    77742112            4        1762.934    621936896     38871056
    77742112            8        2694.725   1243873792     77742112
    85516320            1        2799.225    171032640     10689540
    85516320            2        3015.742    342065280     21379080
    85516320            4        3571.426    684130560     42758160
    85516320            8        5559.859   1368261120     85516320
    94067952            1        3090.908    188135904     11758494
    94067952            2        3786.750    376271808     23516988
    94067952            4        2939.108    752543616     47033976
    94067952            8        4149.658   1505087232     94067952
   103474736            1        2320.084    206949472     12934342
   103474736            2        3708.008    413898944     25868684
   103474736            4        3636.967    827797888     51737368
   103474736            8        6691.208   1655595776    103474736
   113822208            1        3716.900    227644416     14227776
   113822208            2        4187.058    455288832     28455552
   113822208            4        5371.391    910577664     56911104
   113822208            8        8698.433   1821155328    113822208
   125204416            1        4099.884    250408832     15650552
   125204416            2        6846.767    500817664     31301104
   125204416            4        5435.192   1001635328     62602208
   125204416            8        8043.292   2003270656    125204416
   137724848            1        4574.809    275449696     17215606
   137724848            2        6974.825    550899392     34431212
   137724848            4        9153.650   1101798784     68862424
   151497328            1        3698.383    302994656     18937166
   151497328            2        6491.376    605989312     37874332
   151497328            4        8247.709   1211978624     75748664
   166647056            1        4317.866    333294112     20830882
   166647056            2        7633.267    666588224     41661764
   166647056            4       10299.942   1333176448     83323528
   183311760            1        6258.633    366623520     22913970
   183311760            2        9714.650    733247040     45827940
   183311760            4       12651.467   1466494080     91655880
   201642928            1        5487.626    403285856     25205366
   201642928            2        9995.883    806571712     50410732
   201642928            4       14030.959   1613143424    100821464
   221807216            1        6235.075    443614432     27725902
   221807216            2       10860.666    887228864     55451804
   221807216            4       14566.383   1774457728    110903608
   243987936            1        7957.125    487975872     30498492
   243987936            2       11770.367    975951744     60996984
   243987936            4       17501.642   1951903488    121993968
   268386720            1        7684.784    536773440     33548340
   268386720            2       13722.408   1073546880     67096680
   268386720            4       18935.125   2147093760    134193360
   295225392            1        9877.450    590450784     36903174
   295225392            2       15130.501   1180901568     73806348
   324747920            1        9372.092    649495840     40593490
   324747920            2       17271.284   1298991680     81186980
   357222704            1       12057.376    714445408     44652838
   357222704            2       20046.400   1428890816     89305676
   392944960            1       11917.217    785889920     49118120
   392944960            2       21518.567   1571779840     98236240
   432239456            1       12912.626    864478912     54029932
   432239456            2       24887.500   1728957824    108059864
   475463392            1       14505.058    950926784     59432924
   475463392            2       27063.301   1901853568    118865848
   523009728            1       15722.117   1046019456     65376216
   523009728            2       30223.051   2092038912    130752432
   575310688            1       17692.859   1150621376     71913836
   632841744            1       19883.875   1265683488     79105218
   696125904            1       21554.226   1392251808     87015738
   765738480            1       24641.925   1531476960     95717310
   842312320            1       26126.009   1684624640    105289040
   926543552            1       28949.342   1853087104    115817944
  1019197904            1       31737.017   2038395808    127399738

META_DATA
FLOPS          1
OPENMP_THREADS 2
ERT_VERSION  1.1.0
HOSTNAME  ('DESKTOP-1DMF7BU.localdomain', ['DESKTOP-1DMF7BU'], ['127.0.1.1'])
UNAME  uname_result(system='Linux', node='DESKTOP-1DMF7BU', release='6.6.87.2-microsoft-standard-WSL2', version='#1 SMP PREEMPT_DYNAMIC Thu Jun  5 18:30:46 UTC 2025', machine='x86_64')
TIMESTAMP_DATA  1765959327.482565
CONFIG  {'ERT_MPI': ['False'], 'ERT_OPENMP': ['True'], 'ERT_OPENMP_CFLAGS': ['-fopenmp'], 'ERT_OPENMP_LDFLAGS': ['-fopenmp'], 'ERT_PRECISION': ['FP64'], 'ERT_TRIALS_MIN': ['1'], 'ERT_TRIALS': ['3', '#', 'Run', 'each', 'test', '3', 'times', 'to', 'filter', 'out', 'background', 'noise'], 'ERT_RESULTS': ['Results/7800X3D'], 'ERT_GNUPLOT': ['gnuplot'], 'ERT_DRIVER': ['driver1'], 'ERT_KERNEL': ['kernel1'], 'ERT_CC': ['g++'], 'ERT_LD': ['g++'], 'ERT_CFLAGS': ['-O3', '-march=native', '-fopenmp', '-fstrict-aliasing', '-funroll-loops', '-Wno-all'], 'ERT_LDFLAGS': ['-O3', '-march=native', '-fopenmp'], 'ERT_LDLIBS': ['-lm'], 'ERT_RUN': ['export', 'OMP_NUM_THREADS=ERT_OPENMP_THREADS;', './ERT_CODE'], 'ERT_WORKING_SET_MIN': ['128'], 'ERT_MEMORY_MAX': ['1073741824'], 'ERT_ALIGN': ['64'], 'ERT_MIN_PROCS': ['1'], 'ERT_MAX_PROCS': ['1'], 'ERT_OPENMP_THREADS': ['1,2,4,8,16', '#', 'Logical', 'Threads'], 'ERT_NUM_EXPERIMENTS': ['5'], 'ERT_FLOPS': ['1,2,4,8,16', '#', '16', 'for', 'AVX-51'], 'ERT_GPU': [False], 'ERT_HIP': [False], 'ERT_OCL': [False], 'ERT_SYCL': [False], 'ERT_WSS_MULT': [1.1]}
