fp64
       16384            1           0.825        32768         8192
       16384            2          40.333        65536        16384
       16384            4          14.666       131072        32768
       16384            8           0.917       262144        65536
       16384           16          40.241       524288       131072
       16384           32          17.875      1048576       262144
       16384           64           1.467      2097152       524288
       16384          128          19.892      4194304      1048576
       16384          256           3.117      8388608      2097152
       16384          512          24.109     16777216      4194304
       16384         1024          10.816     33554432      8388608
       16384         2048          82.041     67108864     16777216
       16384         4096         119.533    134217728     33554432
       16384         8192         222.475    268435456     67108864
       16384        16384         263.175    536870912    134217728
       16384        32768         518.467   1073741824    268435456
       16384        65536        1021.075   2147483648    536870912
       17920            1           1.284        35840         8960
       17920            2           4.217        71680        17920
       17920            4           0.458       143360        35840
       17920            8           0.458       286720        71680
       17920           16           0.550       573440       143360
       17920           32           0.641      1146880       286720
       17920           64           1.375      2293760       573440
       17920          128           2.383      4587520      1146880
       17920          256           4.767      9175040      2293760
       17920          512           8.983     18350080      4587520
       17920         1024          18.059     36700160      9175040
       17920         2048          39.141     73400320     18350080
       17920         4096          72.691    146800640     36700160
       17920         8192         159.408    293601280     73400320
       17920        16384         295.258    587202560    146800640
       17920        32768         624.892   1174405120    293601280
       19712            1          41.434        39424         9856
       19712            2           0.366        78848        19712
       19712            4           0.367       157696        39424
       19712            8           0.458       315392        78848
       19712           16           0.641       630784       157696
       19712           32           0.916      1261568       315392
       19712           64           1.650      2523136       630784
       19712          128           2.933      5046272      1261568
       19712          256           6.141     10092544      2523136
       19712          512          12.008     20185088      5046272
       19712         1024          24.292     40370176     10092544
       19712         2048         103.675     80740352     20185088
       19712         4096          94.692    161480704     40370176
       19712         8192         205.516    322961408     80740352
       19712        16384         377.392    645922816    161480704
       19712        32768         726.733   1291845632    322961408
       21632            1           2.566        43264        10816
       21632            2          10.816        86528        21632
       21632            4           6.233       173056        43264
       21632            8           0.642       346112        86528
       21632           16          11.550       692224       173056
       21632           32           1.283      1384448       346112
       21632           64           1.559      2768896       692224
       21632          128           3.300      5537792      1384448
       21632          256           6.234     11075584      2768896
       21632          512          16.775     22151168      5537792
       21632         1024          24.567     44302336     11075584
       21632         2048          52.891     88604672     22151168
       21632         4096         122.742    177209344     44302336
       21632         8192         195.341    354418688     88604672
       21632        16384         373.908    708837376    177209344
       21632        32768         713.442   1417674752    354418688
       23680            1           1.375        47360        11840
       23680            2           5.958        94720        23680
       23680            4           0.733       189440        47360
       23680            8           0.550       378880        94720
       23680           16           0.642       757760       189440
       23680           32           0.916      1515520       378880
       23680           64           1.650      3031040       757760
       23680          128           3.117      6062080      1515520
       23680          256           6.141     12124160      3031040
       23680          512          11.917     24248320      6062080
       23680         1024          23.925     48496640     12124160
       23680         2048          55.641     96993280     24248320
       23680         4096         121.184    193986560     48496640
       23680         8192         198.733    387973120     96993280
       23680        16384         394.900    775946240    193986560
       23680        32768         819.867   1551892480    387973120
       25984            1          41.066        51968        12992
       25984            2          17.692       103936        25984
       25984            4          18.516       207872        51968
       25984            8          18.425       415744       103936
       25984           16          19.158       831488       207872
       25984           32          20.167      1662976       415744
       25984           64          21.908      3325952       831488
       25984          128          27.867      6651904      1662976
       25984          256          38.959     13303808      3325952
       25984          512          33.275     26607616      6651904
       25984         1024          49.867     53215232     13303808
       25984         2048          60.133    106430464     26607616
       25984         4096         195.984    212860928     53215232
       25984         8192         355.850    425721856    106430464
       25984        16384         761.842    851443712    212860928
       25984        32768        1388.016   1702887424    425721856
       28544            1         103.217        57088        14272
       28544            2          48.033       114176        28544
       28544            4          28.325       228352        57088
       28544            8           1.008       456704       114176
       28544           16          41.525       913408       228352
       28544           32          24.475      1826816       456704
       28544           64           2.200      3653632       913408
       28544          128          27.317      7307264      1826816
       28544          256          48.217     14614528      3653632
       28544          512          43.175     29229056      7307264
       28544         1024          18.333     58458112     14614528
       28544         2048         131.908    116916224     29229056
       28544         4096         150.333    233832448     58458112
       28544         8192         203.866    467664896    116916224
       28544        16384         562.833    935329792    233832448
       28544        32768         908.233   1870659584    467664896
       31360            1           6.233        62720        15680
       31360            2           9.716       125440        31360
       31360            4           0.642       250880        62720
       31360            8           0.642       501760       125440
       31360           16           0.734      1003520       250880
       31360           32           1.283      2007040       501760
       31360           64           8.158      4014080      1003520
       31360          128           4.583      8028160      2007040
       31360          256          11.366     16056320      4014080
       31360          512          17.325     32112640      8028160
       31360         1024          34.284     64225280     16056320
       31360         2048          72.509    128450560     32112640
       31360         4096         133.467    256901120     64225280
       31360         8192         258.958    513802240    128450560
       31360        16384         519.017   1027604480    256901120
       31360        32768        1017.225   2055208960    513802240
       34432            1           2.934        68864        17216
       34432            2           0.367       137728        34432
       34432            4           0.367       275456        68864
       34432            8           0.550       550912       137728
       34432           16           0.641      1101824       275456
       34432           32           1.467      2203648       550912
       34432           64           2.567      4407296      1101824
       34432          128           4.950      8814592      2203648
       34432          256           9.717     17629184      4407296
       34432          512          19.067     35258368      8814592
       34432         1024          37.950     70516736     17629184
       34432         2048          96.617    141033472     35258368
       34432         4096         152.625    282066944     70516736
       34432         8192         309.100    564133888    141033472
       34432        16384         592.717   1128267776    282066944
       37760            1           5.225        75520        18880
       37760            2           1.008       151040        37760
       37760            4           0.458       302080        75520
       37760            8           0.641       604160       151040
       37760           16           0.916      1208320       302080
       37760           32           1.650      2416640       604160
       37760           64           3.117      4833280      1208320
       37760          128           5.775      9666560      2416640
       37760          256          11.275     19333120      4833280
       37760          512          22.641     38666240      9666560
       37760         1024          49.316     77332480     19333120
       37760         2048          90.291    154664960     38666240
       37760         4096         175.267    309329920     77332480
       37760         8192         377.575    618659840    154664960
       37760        16384         672.833   1237319680    309329920
       41472            1           1.283        82944        20736
       41472            2           3.758       165888        41472
       41472            4           8.983       331776        82944
       41472            8           6.050       663552       165888
       41472           16           7.425      1327104       331776
       41472           32          11.000      2654208       663552
       41472           64           6.234      5308416      1327104
       41472          128           9.991     10616832      2654208
       41472          256          13.658     21233664      5308416
       41472          512          31.442     42467328     10616832
       41472         1024          46.750     84934656     21233664
       41472         2048          93.042    169869312     42467328
       41472         4096         189.933    339738624     84934656
       41472         8192         373.634    679477248    169869312
       41472        16384         672.284   1358954496    339738624
       45568            1          11.459        91136        22784
       45568            2           0.458       182272        45568
       45568            4           0.550       364544        91136
       45568            8           0.642       729088       182272
       45568           16           1.100      1458176       364544
       45568           32           1.925      2916352       729088
       45568           64           3.208      5832704      1458176
       45568          128          10.358     11665408      2916352
       45568          256          12.284     23330816      5832704
       45568          512          24.383     46661632     11665408
       45568         1024          48.675     93323264     23330816
       45568         2048          97.441    186646528     46661632
       45568         4096         191.858    373293056     93323264
       45568         8192         387.383    746586112    186646528
       45568        16384         803.825   1493172224    373293056
       50048            1          48.767       100096        25024
       50048            2           4.675       200192        50048
       50048            4           1.100       400384       100096
       50048            8           0.733       800768       200192
       50048           16           7.975      1601536       400384
       50048           32           7.333      3203072       800768
       50048           64           6.692      6406144      1601536
       50048          128           7.608     12812288      3203072
       50048          256          37.491     25624576      6406144
       50048          512          27.867     51249152     12812288
       50048         1024          55.733    102498304     25624576
       50048         2048         115.500    204996608     51249152
       50048         4096         205.883    409993216    102498304
       50048         8192         413.784    819986432    204996608
       50048        16384         828.667   1639972864    409993216
       55040            1           2.200       110080        27520
       55040            2           0.458       220160        55040
       55040            4           0.642       440320       110080
       55040            8           0.733       880640       220160
       55040           16           1.284      1761280       440320
       55040           32           2.200      3522560       880640
       55040           64           3.850      7045120      1761280
       55040          128          11.000     14090240      3522560
       55040          256          14.300     28180480      7045120
       55040          512          28.600     56360960     14090240
       55040         1024          57.292    112721920     28180480
       55040         2048         117.883    225443840     56360960
       55040         4096         230.908    450887680    112721920
       55040         8192         451.183    901775360    225443840
       55040        16384         879.633   1803550720    450887680
       60544            1           0.641       121088        30272
       60544            2           0.550       242176        60544
       60544            4           2.475       484352       121088
       60544            8           0.916       968704       242176
       60544           16           1.375      1937408       484352
       60544           32           2.292      3874816       968704
       60544           64          19.159      7749632      1937408
       60544          128           8.617     15499264      3874816
       60544          256          16.317     30998528      7749632
       60544          512          32.634     61997056     15499264
       60544         1024          65.358    123994112     30998528
       60544         2048         140.067    247988224     61997056
       60544         4096         358.875    495976448    123994112
       60544         8192         626.266    991952896    247988224
       60544        16384         984.592   1983905792    495976448
       66560            1           2.567       133120        33280
       66560            2           0.458       266240        66560
       66560            4           0.550       532480       133120
       66560            8           0.733      1064960       266240
       66560           16           1.375      2129920       532480
       66560           32           2.292      4259840      1064960
       66560           64           4.217      8519680      2129920
       66560          128          10.725     17039360      4259840
       66560          256          21.359     34078720      8519680
       66560          512          32.175     68157440     17039360
       66560         1024          72.508    136314880     34078720
       66560         2048         143.275    272629760     68157440
       66560         4096         285.725    545259520    136314880
       66560         8192         611.234   1090519040    272629760
       73216            1          10.359       146432        36608
       73216            2           1.925       292864        73216
       73216            4           0.550       585728       146432
       73216            8           0.733      1171456       292864
       73216           16           1.375      2342912       585728
       73216           32           2.567      4685824      1171456
       73216           64           4.584      9371648      2342912
       73216          128          10.816     18743296      4685824
       73216          256          22.825     37486592      9371648
       73216          512          39.050     74973184     18743296
       73216         1024          87.908    149946368     37486592
       73216         2048         145.933    299892736     74973184
       73216         4096         296.816    599785472    149946368
       73216         8192         618.567   1199570944    299892736
       80512            1           1.742       161024        40256
       80512            2           7.058       322048        80512
       80512            4           1.191       644096       161024
       80512            8           0.917      1288192       322048
       80512           16          10.633      2576384       644096
       80512           32           3.391      5152768      1288192
       80512           64           5.317     10305536      2576384
       80512          128          13.017     20611072      5152768
       80512          256          48.766     41222144     10305536
       80512          512          42.809     82444288     20611072
       80512         1024          85.800    164888576     41222144
       80512         2048         177.558    329777152     82444288
       80512         4096         348.975    659554304    164888576
       80512         8192         681.725   1319108608    329777152
       88448            1           4.767       176896        44224
       88448            2           3.758       353792        88448
       88448            4           9.808       707584       176896
       88448            8           1.466      1415168       353792
       88448           16           1.467      2830336       707584
       88448           32           9.442      5660672      1415168
       88448           64          15.767     11321344      2830336
       88448          128          11.458     22642688      5660672
       88448          256          27.316     45285376     11321344
       88448          512          47.483     90570752     22642688
       88448         1024         103.033    181141504     45285376
       88448         2048         190.025    362283008     90570752
       88448         4096         390.867    724566016    181141504
       88448         8192         744.517   1449132032    362283008
       97280            1          37.308       194560        48640
       97280            2          25.484       389120        97280
       97280            4          46.108       778240       194560
       97280            8           2.108      1556480       389120
       97280           16          39.325      3112960       778240
       97280           32           2.750      6225920      1556480
       97280           64          61.600     12451840      3112960
       97280          128         154.367     24903680      6225920
       97280          256         111.009     49807360     12451840
       97280          512         132.550     99614720     24903680
       97280         1024         238.700    199229440     49807360
       97280         2048         112.750    398458880     99614720
       97280         4096         303.416    796917760    199229440
       97280         8192        6984.634   1593835520    398458880
      107008            1           9.716       214016        53504
      107008            2           0.550       428032       107008
      107008            4           0.825       856064       214016
      107008            8           1.284      1712128       428032
      107008           16           2.016      3424256       856064
      107008           32           3.850      6848512      1712128
      107008           64           7.150     13697024      3424256
      107008          128          13.933     27394048      6848512
      107008          256          27.500     54788096     13697024
      107008          512          54.541    109576192     27394048
      107008         1024         113.667    219152384     54788096
      107008         2048         222.841    438304768    109576192
      107008         4096         451.550    876609536    219152384
      107008         8192         825.550   1753219072    438304768
      117632            1          67.009       235264        58816
      117632            2          13.475       470528       117632
      117632            4          13.384       941056       235264
      117632            8          13.933      1882112       470528
      117632           16          38.317      3764224       941056
      117632           32          45.559      7528448      1882112
      117632           64          18.333     15056896      3764224
      117632          128          33.550     30113792      7528448
      117632          256          65.175     60227584     15056896
      117632          512         115.500    120455168     30113792
      117632         1024         193.875    240910336     60227584
      117632         2048         360.983    481820672    120455168
      117632         4096         624.617    963641344    240910336
      117632         8192         945.175   1927282688    481820672
      129280            1           4.400       258560        64640
      129280            2           0.642       517120       129280
      129280            4           0.825      1034240       258560
      129280            8           1.467      2068480       517120
      129280           16           2.383      4136960      1034240
      129280           32           4.675      8273920      2068480
      129280           64           8.984     16547840      4136960
      129280          128          17.417     33095680      8273920
      129280          256          39.050     66191360     16547840
      129280          512          69.116    132382720     33095680
      129280         1024         137.225    264765440     66191360
      129280         2048         292.784    529530880    132382720
      129280         4096         528.458   1059061760    264765440
      129280         8192        1090.008   2118123520    529530880
      142208            1           6.966       284416        71104
      142208            2           4.950       568832       142208
      142208            4           3.575      1137664       284416
      142208            8           1.742      2275328       568832
      142208           16           7.791      4550656      1137664
      142208           32           8.984      9101312      2275328
      142208           64           8.892     18202624      4550656
      142208          128          17.417     36405248      9101312
      142208          256          34.375     72810496     18202624
      142208          512          68.842    145620992     36405248
      142208         1024         139.791    291241984     72810496
      142208         2048         288.566    582483968    145620992
      142208         4096         582.634   1164967936    291241984
      156416            1           3.300       312832        78208
      156416            2           6.234       625664       156416
      156416            4           8.983      1251328       312832
      156416            8           7.883      2502656       625664
      156416           16           7.883      5005312      1251328
      156416           32           5.500     10010624      2502656
      156416           64          10.267     20021248      5005312
      156416          128          20.442     40042496     10010624
      156416          256          48.034     80084992     20021248
      156416          512          81.859    160169984     40042496
      156416         1024         160.967    320339968     80084992
      156416         2048         337.333    640679936    160169984
      156416         4096         654.408   1281359872    320339968
      172032            1          49.775       344064        86016
      172032            2           0.825       688128       172032
      172032            4           1.283      1376256       344064
      172032            8           1.925      2752512       688128
      172032           16           3.117      5505024      1376256
      172032           32           5.958     11010048      2752512
      172032           64          11.917     22020096      5505024
      172032          128          23.375     44040192     11010048
      172032          256          46.383     88080384     22020096
      172032          512          92.858    176160768     44040192
      172032         1024         187.000    352321536     88080384
      172032         2048         351.267    704643072    176160768
      172032         4096         732.967   1409286144    352321536
      189184            1           2.933       378368        94592
      189184            2          10.633       756736       189184
      189184            4           2.933      1513472       378368
      189184            8           1.925      3026944       756736
      189184           16           3.300      6053888      1513472
      189184           32           5.958     12107776      3026944
      189184           64          11.733     24215552      6053888
      189184          128          23.008     48431104     12107776
      189184          256          49.408     96862208     24215552
      189184          512         110.367    193724416     48431104
      189184         1024         208.909    387448832     96862208
      189184         2048         426.983    774897664    193724416
      189184         4096         797.134   1549795328    387448832
      208000            1          28.417       416000       104000
      208000            2           4.125       832000       208000
      208000            4           1.375      1664000       416000
      208000            8           2.017      3328000       832000
      208000           16           3.484      6656000      1664000
      208000           32           6.692     13312000      3328000
      208000           64           8.709     26624000      6656000
      208000          128          29.791     53248000     13312000
      208000          256          55.917    106496000     26624000
      208000          512         103.491    212992000     53248000
      208000         1024         206.800    425984000    106496000
      208000         2048         458.516    851968000    212992000
      208000         4096         900.625   1703936000    425984000
      228736            1           4.125       457472       114368
      228736            2           0.917       914944       228736
      228736            4           1.558      1829888       457472
      228736            8           2.658      3659776       914944
      228736           16           4.950      7319552      1829888
      228736           32           9.075     14639104      3659776
      228736           64          16.409     29278208      7319552
      228736          128          32.083     58556416     14639104
      228736          256          63.800    117112832     29278208
      228736          512         126.958    234225664     58556416
      228736         1024         253.550    468451328    117112832
      228736         2048         503.616    936902656    234225664
      228736         4096        1015.117   1873805312    468451328
      251520            1           6.784       503040       125760
      251520            2           7.150      1006080       251520
      251520            4           8.984      2012160       503040
      251520            8          10.909      4024320      1006080
      251520           16          11.642      8048640      2012160
      251520           32           9.900     16097280      4024320
      251520           64          22.091     32194560      8048640
      251520          128          37.217     64389120     16097280
      251520          256          79.017    128778240     32194560
      251520          512         152.075    257556480     64389120
      251520         1024         300.117    515112960    128778240
      251520         2048         583.366   1030225920    257556480
      251520         4096        1036.934   2060451840    515112960
      276608            1           4.858       553216       138304
      276608            2           1.009      1106432       276608
      276608            4           1.925      2212864       553216
      276608            8           3.025      4425728      1106432
      276608           16           5.775      8851456      2212864
      276608           32          19.800     17702912      4425728
      276608           64          23.100     35405824      8851456
      276608          128          41.158     70811648     17702912
      276608          256          93.408    141623296     35405824
      276608          512         161.058    283246592     70811648
      276608         1024         336.141    566493184    141623296
      276608         2048         640.017   1132986368    283246592
      304256            1           4.125       608512       152128
      304256            2           3.392      1217024       304256
      304256            4           2.200      2434048       608512
      304256            8           3.759      4868096      1217024
      304256           16           6.417      9736192      2434048
      304256           32          12.192     19472384      4868096
      304256           64          31.442     38944768      9736192
      304256          128          46.658     77889536     19472384
      304256          256          93.225    155779072     38944768
      304256          512         183.333    311558144     77889536
      304256         1024         364.192    623116288    155779072
      304256         2048         737.184   1246232576    311558144
      334592            1          79.933       669184       167296
      334592            2           2.567      1338368       334592
      334592            4          22.000      2676736       669184
      334592            8           2.841      5353472      1338368
      334592           16          88.641     10706944      2676736
      334592           32          69.850     21413888      5353472
      334592           64          12.833     42827776     10706944
      334592          128          63.892     85655552     21413888
      334592          256         175.083    171311104     42827776
      334592          512         311.392    342622208     85655552
      334592         1024         460.808    685244416    171311104
      334592         2048         881.559   1370488832    342622208
      368000            1          45.283       736000       184000
      368000            2          11.917      1472000       368000
      368000            4          20.258      2944000       736000
      368000            8          29.516      5888000      1472000
      368000           16          45.192     11776000      2944000
      368000           32          59.858     23552000      5888000
      368000           64          84.792     47104000     11776000
      368000          128          85.525     94208000     23552000
      368000          256         158.950    188416000     47104000
      368000          512         297.459    376832000     94208000
      368000         1024         495.458    753664000    188416000
      368000         2048         941.417   1507328000    376832000
      404736            1           2.384       809472       202368
      404736            2           3.391      1618944       404736
      404736            4           2.658      3237888       809472
      404736            8           4.950      6475776      1618944
      404736           16           9.075     12951552      3237888
      404736           32          17.875     25903104      6475776
      404736           64          36.116     51806208     12951552
      404736          128          70.675    103612416     25903104
      404736          256         137.500    207224832     51806208
      404736          512         319.458    414449664    103612416
      404736         1024         507.833    828899328    207224832
      404736         2048        1011.267   1657798656    414449664
      445184            1          11.458       890368       222592
      445184            2           1.650      1780736       445184
      445184            4           3.117      3561472       890368
      445184            8           5.592      7122944      1780736
      445184           16          12.742     14245888      3561472
      445184           32          44.642     28491776      7122944
      445184           64          37.492     56983552     14245888
      445184          128          74.341    113967104     28491776
      445184          256         169.125    227934208     56983552
      445184          512         315.334    455868416    113967104
      445184         1024         556.691    911736832    227934208
      445184         2048        1069.200   1823473664    455868416
      489600            1          19.250       979200       244800
      489600            2           7.700      1958400       489600
      489600            4           3.575      3916800       979200
      489600            8           6.783      7833600      1958400
      489600           16          12.008     15667200      3916800
      489600           32          23.100     31334400      7833600
      489600           64          44.917     62668800     15667200
      489600          128          88.642    125337600     31334400
      489600          256         175.909    250675200     62668800
      489600          512         332.017    501350400    125337600
      489600         1024         643.225   1002700800    250675200
      489600         2048        1223.475   2005401600    501350400
      538496            1          40.516      1076992       269248
      538496            2          13.291      2153984       538496
      538496            4           8.342      4307968      1076992
      538496            8          10.083      8615936      2153984
      538496           16          14.117     17231872      4307968
      538496           32          25.575     34463744      8615936
      538496           64          45.558     68927488     17231872
      538496          128          97.075    137854976     34463744
      538496          256         180.859    275709952     68927488
      538496          512         372.808    551419904    137854976
      538496         1024         700.884   1102839808    275709952
      592256            1         323.583      1184512       296128
      592256            2           6.600      2369024       592256
      592256            4           3.942      4738048      1184512
      592256            8           6.692      9476096      2369024
      592256           16          12.008     18952192      4738048
      592256           32          22.916     37904384      9476096
      592256           64          45.283     75808768     18952192
      592256          128          89.100    151617536     37904384
      592256          256         183.975    303235072     75808768
      592256          512         372.625    606470144    151617536
      592256         1024         725.267   1212940288    303235072
      651392            1          17.875      1302784       325696
      651392            2           5.592      2605568       651392
      651392            4          14.025      5211136      1302784
      651392            8          12.008     10422272      2605568
      651392           16          19.709     20844544      5211136
      651392           32          28.600     41689088     10422272
      651392           64          55.367     83378176     20844544
      651392          128         112.475    166756352     41689088
      651392          256         205.333    333512704     83378176
      651392          512         422.125    667025408    166756352
      651392         1024         916.942   1334050816    333512704
      716416            1          56.742      1432832       358208
      716416            2           7.425      2865664       716416
      716416            4           4.584      5731328      1432832
      716416            8          12.834     11462656      2865664
      716416           16          20.716     22925312      5731328
      716416           32          33.275     45850624     11462656
      716416           64          84.426     91701248     22925312
      716416          128         129.067    183402496     45850624
      716416          256         234.300    366804992     91701248
      716416          512         425.608    733609984    183402496
      716416         1024         886.692   1467219968    366804992
      787968            1          21.359      1575936       393984
      787968            2           7.700      3151872       787968
      787968            4          12.100      6303744      1575936
      787968            8          10.083     12607488      3151872
      787968           16          17.600     25214976      6303744
      787968           32          34.192     50429952     12607488
      787968           64          67.192    100859904     25214976
      787968          128         132.550    201719808     50429952
      787968          256         274.633    403439616    100859904
      787968          512         531.300    806879232    201719808
      787968         1024         982.209   1613758464    403439616
      866688            1          17.783      1733376       433344
      866688            2           4.950      3466752       866688
      866688            4           4.584      6933504      1733376
      866688            8          31.625     13867008      3466752
      866688           16          17.325     27734016      6933504
      866688           32          33.367     55468032     13867008
      866688           64          65.359    110936064     27734016
      866688          128         129.158    221872128     55468032
      866688          256         257.583    443744256    110936064
      866688          512         527.542    887488512    221872128
      866688         1024        1082.309   1774977024    443744256
      953344            1          41.983      1906688       476672
      953344            2          18.241      3813376       953344
      953344            4          24.842      7626752      1906688
      953344            8          40.975     15253504      3813376
      953344           16          57.200     30507008      7626752
      953344           32          80.391     61014016     15253504
      953344           64         140.800    122028032     30507008
      953344          128         248.967    244056064     61014016
      953344          256         358.875    488112128    122028032
      953344          512         783.383    976224256    244056064
      953344         1024        1772.283   1952448512    488112128
     1048576            1          69.850      2097152       524288
     1048576            2           9.808      4194304      1048576
     1048576            4           4.767      8388608      2097152
     1048576            8          15.858     16777216      4194304
     1048576           16          24.566     33554432      8388608
     1048576           32          46.475     67108864     16777216
     1048576           64         105.050    134217728     33554432
     1048576          128         169.767    268435456     67108864
     1048576          256         332.933    536870912    134217728
     1048576          512         668.434   1073741824    268435456
     1048576         1024        1303.317   2147483648    536870912
     1153408            1           4.950      2306816       576704
     1153408            2         113.850      4613632      1153408
     1153408            4           6.417      9227264      2306816
     1153408            8         105.508     18454528      4613632
     1153408           16          84.517     36909056      9227264
     1153408           32          28.967     73818112     18454528
     1153408           64         191.492    147636224     36909056
     1153408          128         283.342    295272448     73818112
     1153408          256         190.392    590544896    147636224
     1153408          512         791.817   1181089792    295272448
     1268736            1          54.817      2537472       634368
     1268736            2          14.208      5074944      1268736
     1268736            4          52.067     10149888      2537472
     1268736            8          56.833     20299776      5074944
     1268736           16          74.617     40599552     10149888
     1268736           32          61.966     81199104     20299776
     1268736           64         168.758    162398208     40599552
     1268736          128         230.725    324796416     81199104
     1268736          256         474.466    649592832    162398208
     1268736          512        1411.483   1299185664    324796416
     1395584            1           3.850      2791168       697792
     1395584            2           5.959      5582336      1395584
     1395584            4           9.166     11164672      2791168
     1395584            8          16.041     22329344      5582336
     1395584           16          29.700     44658688     11164672
     1395584           32          57.108     89317376     22329344
     1395584           64         112.200    178634752     44658688
     1395584          128         224.491    357269504     89317376
     1395584          256         457.233    714539008    178634752
     1395584          512         873.309   1429078016    357269504
     1535104            1           5.042      3070208       767552
     1535104            2          38.683      6140416      1535104
     1535104            4           6.600     12280832      3070208
     1535104            8          56.559     24561664      6140416
     1535104           16         107.066     49123328     12280832
     1535104           32          31.900     98246656     24561664
     1535104           64         158.950    196493312     49123328
     1535104          128         306.442    392986624     98246656
     1535104          256         524.792    785973248    196493312
     1535104          512         618.841   1571946496    392986624
     1688576            1          42.991      3377152       844288
     1688576            2           7.608      6754304      1688576
     1688576            4          11.733     13508608      3377152
     1688576            8          20.534     27017216      6754304
     1688576           16          38.225     54034432     13508608
     1688576           32          72.875    108068864     27017216
     1688576           64         162.342    216137728     54034432
     1688576          128         287.375    432275456    108068864
     1688576          256         549.267    864550912    216137728
     1688576          512        1107.975   1729101824    432275456
     1857408            1          49.500      3714816       928704
     1857408            2          11.183      7429632      1857408
     1857408            4          15.675     14859264      3714816
     1857408            8          21.817     29718528      7429632
     1857408           16          44.092     59437056     14859264
     1857408           32          82.592    118874112     29718528
     1857408           64         156.750    237748224     59437056
     1857408          128         307.450    475496448    118874112
     1857408          256         579.975    950992896    237748224
     1857408          512        1164.808   1901985792    475496448
     2043136            1          78.559      4086272      1021568
     2043136            2           8.709      8172544      2043136
     2043136            4          13.750     16345088      4086272
     2043136            8          24.200     32690176      8172544
     2043136           16          45.375     65380352     16345088
     2043136           32          87.541    130760704     32690176
     2043136           64         176.641    261521408     65380352
     2043136          128         357.867    523042816    130760704
     2043136          256         642.216   1046085632    261521408
     2043136          512        1228.517   2092171264    523042816
     2247424            1          93.408      4494848      1123712
     2247424            2          64.167      8989696      2247424
     2247424            4         103.033     17979392      4494848
     2247424            8          30.800     35958784      8989696
     2247424           16          50.325     71917568     17979392
     2247424           32          98.816    143835136     35958784
     2247424           64         232.100    287670272     71917568
     2247424          128         383.167    575340544    143835136
     2247424          256         727.375   1150681088    287670272
     2472064            1          65.541      4944128      1236032
     2472064            2          19.341      9888256      2472064
     2472064            4          38.775     19776512      4944128
     2472064            8          26.400     39553024      9888256
     2472064           16          49.317     79106048     19776512
     2472064           32         105.600    158212096     39553024
     2472064           64         209.366    316424192     79106048
     2472064          128         414.517    632848384    158212096
     2472064          256         819.683   1265696768    316424192
     2719232            1          10.725      5438464      1359616
     2719232            2          27.684     10876928      2719232
     2719232            4         107.800     21753856      5438464
     2719232            8          97.167     43507712     10876928
     2719232           16          59.950     87015424     21753856
     2719232           32         115.775    174030848     43507712
     2719232           64         246.308    348061696     87015424
     2719232          128         435.050    696123392    174030848
     2719232          256         853.875   1392246784    348061696
     2991104            1          89.467      5982208      1495552
     2991104            2          11.916     11964416      2991104
     2991104            4          25.483     23928832      5982208
     2991104            8          39.692     47857664     11964416
     2991104           16          72.141     95715328     23928832
     2991104           32         129.067    191430656     47857664
     2991104           64         260.333    382861312     95715328
     2991104          128         502.516    765722624    191430656
     2991104          256         933.350   1531445248    382861312
     3290112            1          79.291      6580224      1645056
     3290112            2          17.417     13160448      3290112
     3290112            4          22.917     26320896      6580224
     3290112            8          38.958     52641792     13160448
     3290112           16          89.100    105283584     26320896
     3290112           32         151.433    210567168     52641792
     3290112           64         300.758    421134336    105283584
     3290112          128         578.050    842268672    210567168
     3290112          256        1028.866   1684537344    421134336
     3619072            1         112.109      7238144      1809536
     3619072            2          20.625     14476288      3619072
     3619072            4          32.175     28952576      7238144
     3619072            8          48.308     57905152     14476288
     3619072           16          75.625    115810304     28952576
     3619072           32         167.200    231620608     57905152
     3619072           64         332.659    463241216    115810304
     3619072          128         618.842    926482432    231620608
     3619072          256        1081.025   1852964864    463241216
     3980928            1         119.625      7961856      1990464
     3980928            2          25.208     15923712      3980928
     3980928            4          26.491     31847424      7961856
     3980928            8          51.791     63694848     15923712
     3980928           16          91.575    127389696     31847424
     3980928           32         170.683    254779392     63694848
     3980928           64         336.325    509558784    127389696
     3980928          128         647.258   1019117568    254779392
     3980928          256        1244.283   2038235136    509558784
     4379008            1         115.042      8758016      2189504
     4379008            2          19.158     17516032      4379008
     4379008            4          30.525     35032064      8758016
     4379008            8         104.225     70064128     17516032
     4379008           16         177.008    140128256     35032064
     4379008           32         285.175    280256512     70064128
     4379008           64         466.491    560513024    140128256
     4379008          128         847.825   1121026048    280256512
     4816896            1         139.333      9633792      2408448
     4816896            2          56.100     19267584      4816896
     4816896            4          72.875     38535168      9633792
     4816896            8          76.175     77070336     19267584
     4816896           16         140.250    154140672     38535168
     4816896           32         275.459    308281344     77070336
     4816896           64         537.350    616562688    154140672
     4816896          128         947.925   1233125376    308281344
     5298560            1         143.183     10597120      2649280
     5298560            2          28.325     21194240      5298560
     5298560            4          43.725     42388480     10597120
     5298560            8          71.683     84776960     21194240
     5298560           16         127.416    169553920     42388480
     5298560           32         250.892    339107840     84776960
     5298560           64         507.467    678215680    169553920
     5298560          128         886.417   1356431360    339107840
     5828352            1         179.117     11656704      2914176
     5828352            2          36.117     23313408      5828352
     5828352            4          38.683     46626816     11656704
     5828352            8          67.742     93253632     23313408
     5828352           16         147.583    186507264     46626816
     5828352           32         242.550    373014528     93253632
     5828352           64         478.866    746029056    186507264
     5828352          128         920.975   1492058112    373014528
     6411136            1         158.767     12822272      3205568
     6411136            2          34.925     25644544      6411136
     6411136            4          49.225     51289088     12822272
     6411136            8          80.300    102578176     25644544
     6411136           16         149.966    205156352     51289088
     6411136           32         272.067    410312704    102578176
     6411136           64         520.667    820625408    205156352
     6411136          128        1062.692   1641250816    410312704
     7052160            1        2938.925     14104320      3526080
     7052160            2          61.050     28208640      7052160
     7052160            4          46.933     56417280     14104320
     7052160            8          90.475    112834560     28208640
     7052160           16         143.367    225669120     56417280
     7052160           32         331.650    451338240    112834560
     7052160           64         611.692    902676480    225669120
     7052160          128        1074.975   1805352960    451338240
     7757312            1         184.250     15514624      3878656
     7757312            2          84.150     31029248      7757312
     7757312            4          57.566     62058496     15514624
     7757312            8          96.892    124116992     31029248
     7757312           16         164.633    248233984     62058496
     7757312           32         315.333    496467968    124116992
     7757312           64         626.266    992935936    248233984
     7757312          128        1239.334   1985871872    496467968
     8532992            1         192.408     17065984      4266496
     8532992            2          60.133     34131968      8532992
     8532992            4          57.108     68263936     17065984
     8532992            8         100.467    136527872     34131968
     8532992           16         181.225    273055744     68263936
     8532992           32         386.466    546111488    136527872
     8532992           64         731.591   1092222976    273055744
     9386240            1         194.333     18772480      4693120
     9386240            2          84.700     37544960      9386240
     9386240            4          74.158     75089920     18772480
     9386240            8         135.666    150179840     37544960
     9386240           16         238.792    300359680     75089920
     9386240           32         461.083    600719360    150179840
     9386240           64         804.008   1201438720    300359680
    10324864            1         232.467     20649728      5162432
    10324864            2         109.909     41299456     10324864
    10324864            4          69.575     82598912     20649728
    10324864            8         118.342    165197824     41299456
    10324864           16         225.775    330395648     82598912
    10324864           32         468.600    660791296    165197824
    10324864           64         839.758   1321582592    330395648
    11357312            1         222.292     22714624      5678656
    11357312            2         112.108     45429248     11357312
    11357312            4          84.150     90858496     22714624
    11357312            8         140.617    181716992     45429248
    11357312           16         262.075    363433984     90858496
    11357312           32         491.883    726867968    181716992
    11357312           64         948.384   1453735936    363433984
    12492928            1         281.142     24985856      6246464
    12492928            2         204.325     49971712     12492928
    12492928            4          50.142     99943424     24985856
    12492928            8         195.067    199886848     49971712
    12492928           16         147.675    399773696     99943424
    12492928           32         591.709    799547392    199886848
    12492928           64         616.000   1599094784    399773696
    13742208            1          87.083     27484416      6871104
    13742208            2         178.291     54968832     13742208
    13742208            4         112.659    109937664     27484416
    13742208            8         160.967    219875328     54968832
    13742208           16         300.116    439750656    109937664
    13742208           32         600.508    879501312    219875328
    13742208           64        1109.534   1759002624    439750656
    15116416            1         237.875     30232832      7558208
    15116416            2         249.609     60465664     15116416
    15116416            4         315.608    120931328     30232832
    15116416            8         181.134    241862656     60465664
    15116416           16         513.883    483725312    120931328
    15116416           32         908.234    967450624    241862656
    15116416           64        1467.216   1934901248    483725312
    16627968            1         395.175     33255936      8313984
    16627968            2         405.716     66511872     16627968
    16627968            4         180.308    133023744     33255936
    16627968            8         236.683    266047488     66511872
    16627968           16         490.417    532094976    133023744
    16627968           32         842.966   1064189952    266047488
    16627968           64        1589.592   2128379904    532094976
    18290688            1         531.025     36581376      9145344
    18290688            2         559.075     73162752     18290688
    18290688            4         359.792    146325504     36581376
    18290688            8         281.141    292651008     73162752
    18290688           16         453.292    585302016    146325504
    18290688           32         797.867   1170604032    292651008
    20119680            1         398.200     40239360     10059840
    20119680            2         348.059     80478720     20119680
    20119680            4         261.983    160957440     40239360
    20119680            8         269.591    321914880     80478720
    20119680           16         485.650    643829760    160957440
    20119680           32         912.542   1287659520    321914880
    22131584            1         437.067     44263168     11065792
    22131584            2         423.500     88526336     22131584
    22131584            4         289.575    177052672     44263168
    22131584            8         304.333    354105344     88526336
    22131584           16         539.825    708210688    177052672
    22131584           32         997.241   1416421376    354105344
    24344704            1         493.717     48689408     12172352
    24344704            2         543.400     97378816     24344704
    24344704            4         412.225    194757632     48689408
    24344704            8         365.658    389515264     97378816
    24344704           16         595.375    779030528    194757632
    24344704           32        1069.017   1558061056    389515264
    26779136            1         533.867     53558272     13389568
    26779136            2         620.400    107116544     26779136
    26779136            4         520.116    214233088     53558272
    26779136            8         414.792    428466176    107116544
    26779136           16         602.434    856932352    214233088
    26779136           32        1186.809   1713864704    428466176
    29457024            1         710.233     58914048     14728512
    29457024            2         848.100    117828096     29457024
    29457024            4         682.916    235656192     58914048
    29457024            8         253.275    471312384    117828096
    29457024           16        1210.825    942624768    235656192
    29457024           32        1900.709   1885249536    471312384
    32402688            1         803.917     64805376     16201344
    32402688            2        1101.283    129610752     32402688
    32402688            4         944.809    259221504     64805376
    32402688            8         775.408    518443008    129610752
    32402688           16        1196.525   1036886016    259221504
    32402688           32        2085.142   2073772032    518443008
    35642880            1         881.192     71285760     17821440
    35642880            2        1132.817    142571520     35642880
    35642880            4         987.800    285143040     71285760
    35642880            8         772.841    570286080    142571520
    35642880           16        1110.633   1140572160    285143040
    39207168            1         977.534     78414336     19603584
    39207168            2        1348.050    156828672     39207168
    39207168            4        1177.275    313657344     78414336
    39207168            8         884.309    627314688    156828672
    39207168           16        1161.600   1254629376    313657344
    43127808            1        1127.408     86255616     21563904
    43127808            2        1554.942    172511232     43127808
    43127808            4        1325.225    345022464     86255616
    43127808            8         968.367    690044928    172511232
    43127808           16        1292.316   1380089856    345022464
    47440512            1        1303.866     94881024     23720256
    47440512            2        1775.675    189762048     47440512
    47440512            4        1689.875    379524096     94881024
    47440512            8        1400.208    759048192    189762048
    47440512           16        1195.975   1518096384    379524096
    52184448            1        1463.091    104368896     26092224
    52184448            2        2056.542    208737792     52184448
    52184448            4        2053.241    417475584    104368896
    52184448            8        1765.592    834951168    208737792
    52184448           16        1637.533   1669902336    417475584
    57402880            1         718.759    114805760     28701440
    57402880            2        2458.959    229611520     57402880
    57402880            4         812.167    459223040    114805760
    57402880            8        1964.967    918446080    229611520
    57402880           16        1121.725   1836892160    459223040
    63143168            1        1914.826    126286336     31571584
    63143168            2        2806.559    252572672     63143168
    63143168            4        2878.791    505145344    126286336
    63143168            8        1983.758   1010290688    252572672
    63143168           16        1564.108   2020581376    505145344
    69457408            1        2374.442    138914816     34728704
    69457408            2        3410.550    277829632     69457408
    69457408            4        2989.434    555659264    138914816
    69457408            8        2295.791   1111318528    277829632
    76403072            1        2205.500    152806144     38201536
    76403072            2        3233.725    305612288     76403072
    76403072            4        3043.058    611224576    152806144
    76403072            8        1525.241   1222449152    305612288
    84043264            1        2867.791    168086528     42021632
    84043264            2        3723.042    336173056     84043264
    84043264            4        3361.416    672346112    168086528
    84043264            8        1453.650   1344692224    336173056
    92447488            1        3135.458    184894976     46223744
    92447488            2        3450.150    369789952     92447488
    92447488            4        1943.884    739579904    184894976
    92447488            8        1998.883   1479159808    369789952
   101692160            1        3513.217    203384320     50846080
   101692160            2        2710.859    406768640    101692160
   101692160            4        2054.892    813537280    203384320
   101692160            8        2931.958   1627074560    406768640
   111861376            1        3785.192    223722752     55930688
   111861376            2        3922.876    447445504    111861376
   111861376            4        3510.833    894891008    223722752
   111861376            8        5089.700   1789782016    447445504
   123047424            1        4197.967    246094848     61523712
   123047424            2        4735.408    492189696    123047424
   123047424            4        4678.392    984379392    246094848
   123047424            8        6759.775   1968758784    492189696
   135352064            1        4708.000    270704128     67676032
   135352064            2        6529.783    541408256    135352064
   135352064            4        6451.042   1082816512    270704128
   148887168            1        5165.326    297774336     74443584
   148887168            2        6249.467    595548672    148887168
   148887168            4        7183.825   1191097344    297774336
   163775872            1        5613.941    327551744     81887936
   163775872            2        8330.667    655103488    163775872
   163775872            4        9473.291   1310206976    327551744
   180153344            1        6005.267    360306688     90076672
   180153344            2        9126.517    720613376    180153344
   180153344            4       10980.292   1441226752    360306688
   198168576            1        6713.942    396337152     99084288
   198168576            2        9870.483    792674304    198168576
   198168576            4       12418.634   1585348608    396337152
   217985408            1        7358.451    435970816    108992704
   217985408            2       11229.992    871941632    217985408
   217985408            4       16013.159   1743883264    435970816
   239783936            1        8142.200    479567872    119891968
   239783936            2       12514.242    959135744    239783936
   239783936            4       16633.283   1918271488    479567872
   263762304            1        8567.075    527524608    131881152
   263762304            2       13640.275   1055049216    263762304
   263762304            4       18923.575   2110098432    527524608
   290138496            1        9489.334    580276992    145069248
   290138496            2       15550.700   1160553984    290138496
   319152256            1       10745.534    638304512    159576128
   319152256            2       17801.209   1276609024    319152256
   351067392            1       11818.767    702134784    175533696
   351067392            2       20110.109   1404269568    351067392
   386174080            1       13043.800    772348160    193087040
   386174080            2       24797.209   1544696320    386174080
   424791424            1       14214.659    849582848    212395712
   424791424            2       26315.667   1699165696    424791424
   467270528            1       15862.550    934541056    233635264
   467270528            2       29900.567   1869082112    467270528
   513997568            1       17256.342   1027995136    256998784
   513997568            2       33181.684   2055990272    513997568
   565397248            1       18897.725   1130794496    282698624
   621936896            1       20899.725   1243873792    310968448
   684130560            1       23159.400   1368261120    342065280
   752543616            1       29879.118   1505087232    376271808
   827797888            1       27905.442   1655595776    413898944
   910577664            1       30775.342   1821155328    455288832
  1001635328            1       33820.234   2003270656    500817664

META_DATA
FLOPS          4
OPENMP_THREADS 16
ERT_VERSION  1.1.0
HOSTNAME  ('DESKTOP-1DMF7BU.localdomain', ['DESKTOP-1DMF7BU'], ['127.0.1.1'])
UNAME  uname_result(system='Linux', node='DESKTOP-1DMF7BU', release='6.6.87.2-microsoft-standard-WSL2', version='#1 SMP PREEMPT_DYNAMIC Thu Jun  5 18:30:46 UTC 2025', machine='x86_64')
TIMESTAMP_DATA  1765959751.7131426
CONFIG  {'ERT_MPI': ['False'], 'ERT_OPENMP': ['True'], 'ERT_OPENMP_CFLAGS': ['-fopenmp'], 'ERT_OPENMP_LDFLAGS': ['-fopenmp'], 'ERT_PRECISION': ['FP64'], 'ERT_TRIALS_MIN': ['1'], 'ERT_TRIALS': ['3', '#', 'Run', 'each', 'test', '3', 'times', 'to', 'filter', 'out', 'background', 'noise'], 'ERT_RESULTS': ['Results/7800X3D'], 'ERT_GNUPLOT': ['gnuplot'], 'ERT_DRIVER': ['driver1'], 'ERT_KERNEL': ['kernel1'], 'ERT_CC': ['g++'], 'ERT_LD': ['g++'], 'ERT_CFLAGS': ['-O3', '-march=native', '-fopenmp', '-fstrict-aliasing', '-funroll-loops', '-Wno-all'], 'ERT_LDFLAGS': ['-O3', '-march=native', '-fopenmp'], 'ERT_LDLIBS': ['-lm'], 'ERT_RUN': ['export', 'OMP_NUM_THREADS=ERT_OPENMP_THREADS;', './ERT_CODE'], 'ERT_WORKING_SET_MIN': ['128'], 'ERT_MEMORY_MAX': ['1073741824'], 'ERT_ALIGN': ['64'], 'ERT_MIN_PROCS': ['1'], 'ERT_MAX_PROCS': ['1'], 'ERT_OPENMP_THREADS': ['1,2,4,8,16', '#', 'Logical', 'Threads'], 'ERT_NUM_EXPERIMENTS': ['5'], 'ERT_FLOPS': ['1,2,4,8,16', '#', '16', 'for', 'AVX-51'], 'ERT_GPU': [False], 'ERT_HIP': [False], 'ERT_OCL': [False], 'ERT_SYCL': [False], 'ERT_WSS_MULT': [1.1]}
