fp64
        4096            1           3.850         8192         2048
        4096            2           0.610        16384         4096
        4096            4           0.810        32768         8192
        4096            8           0.950        65536        16384
        4096           16           0.880       131072        32768
        4096           32           1.260       262144        65536
        4096           64           1.970       524288       131072
        4096          128           3.430      1048576       262144
        4096          256           6.130      2097152       524288
        4096          512          12.130      4194304      1048576
        4096         1024          23.540      8388608      2097152
        4096         2048          46.780     16777216      4194304
        4096         4096          93.300     33554432      8388608
        4096         8192         185.930     67108864     16777216
        4096        16384         371.391    134217728     33554432
        4096        32768         748.920    268435456     67108864
        4096        65536        1491.982    536870912    134217728
        4096       131072        2963.372   1073741824    268435456
        4096       262144        5945.405   2147483648    536870912
        4480            1          10.480         8960         2240
        4480            2           0.650        17920         4480
        4480            4           0.570        35840         8960
        4480            8           0.690        71680        17920
        4480           16           0.850       143360        35840
        4480           32           1.250       286720        71680
        4480           64           1.920       573440       143360
        4480          128           3.670      1146880       286720
        4480          256           6.870      2293760       573440
        4480          512          13.010      4587520      1146880
        4480         1024          25.980      9175040      2293760
        4480         2048          51.220     18350080      4587520
        4480         4096         102.311     36700160      9175040
        4480         8192         209.670     73400320     18350080
        4480        16384         407.590    146800640     36700160
        4480        32768         817.171    293601280     73400320
        4480        65536        1634.081    587202560    146800640
        4480       131072        3261.873   1174405120    293601280
        4928            1          12.020         9856         2464
        4928            2           0.560        19712         4928
        4928            4           0.720        39424         9856
        4928            8           0.690        78848        19712
        4928           16           0.970       157696        39424
        4928           32           1.340       315392        78848
        4928           64           2.260       630784       157696
        4928          128           3.850      1261568       315392
        4928          256           7.210      2523136       630784
        4928          512          13.920      5046272      1261568
        4928         1024          27.380     10092544      2523136
        4928         2048          54.270     20185088      5046272
        4928         4096         117.360     40370176     10092544
        4928         8192         215.120     80740352     20185088
        4928        16384         429.761    161480704     40370176
        4928        32768         861.641    322961408     80740352
        4928        65536        1722.161    645922816    161480704
        4928       131072        3440.903   1291845632    322961408
        5408            1          12.390        10816         2704
        5408            2           0.610        21632         5408
        5408            4           0.630        43264        10816
        5408            8           0.800        86528        21632
        5408           16           1.170       173056        43264
        5408           32           1.430       346112        86528
        5408           64           2.430       692224       173056
        5408          128           4.160      1384448       346112
        5408          256           7.880      2768896       692224
        5408          512          15.630      5537792      1384448
        5408         1024          30.220     11075584      2768896
        5408         2048          59.670     22151168      5537792
        5408         4096         118.741     44302336     11075584
        5408         8192         236.970     88604672     22151168
        5408        16384         482.090    177209344     44302336
        5408        32768         949.601    354418688     88604672
        5408        65536        1898.851    708837376    177209344
        5408       131072        3797.163   1417674752    354418688
        5920            1          11.870        11840         2960
        5920            2           0.580        23680         5920
        5920            4           0.840        47360        11840
        5920            8           0.750        94720        23680
        5920           16           0.970       189440        47360
        5920           32           1.510       378880        94720
        5920           64           2.520       757760       189440
        5920          128           4.550      1515520       378880
        5920          256           8.680      3031040       757760
        5920          512          16.680      6062080      1515520
        5920         1024          32.860     12124160      3031040
        5920         2048          65.200     24248320      6062080
        5920         4096         130.300     48496640     12124160
        5920         8192         269.040     96993280     24248320
        5920        16384         518.290    193986560     48496640
        5920        32768        1039.361    387973120     96993280
        5920        65536        2077.391    775946240    193986560
        5920       131072        4161.914   1551892480    387973120
        6496            1           1.770        12992         3248
        6496            2           0.670        25984         6496
        6496            4           0.680        51968        12992
        6496            8           0.790       103936        25984
        6496           16           1.040       207872        51968
        6496           32           1.530       415744       103936
        6496           64           2.590       831488       207872
        6496          128           4.681      1662976       415744
        6496          256           9.710      3325952       831488
        6496          512          17.440      6651904      1662976
        6496         1024          34.400     13303808      3325952
        6496         2048          74.650     26607616      6651904
        6496         4096         136.230     53215232     13303808
        6496         8192         309.540    106430464     26607616
        6496        16384         594.170    212860928     53215232
        6496        32768        1195.021    425721856    106430464
        6496        65536        2386.272    851443712    212860928
        6496       131072        4618.734   1702887424    425721856
        7136            1          14.760        14272         3568
        7136            2           0.670        28544         7136
        7136            4           0.720        57088        14272
        7136            8           0.910       114176        28544
        7136           16           1.160       228352        57088
        7136           32           1.720       456704       114176
        7136           64           3.050       913408       228352
        7136          128           5.600      1826816       456704
        7136          256          10.770      3653632       913408
        7136          512          20.600      7307264      1826816
        7136         1024          41.080     14614528      3653632
        7136         2048          94.380     29229056      7307264
        7136         4096         163.150     58458112     14614528
        7136         8192         326.130    116916224     29229056
        7136        16384         655.881    233832448     58458112
        7136        32768        1306.831    467664896    116916224
        7136        65536        2515.312    935329792    233832448
        7136       131072        5057.094   1870659584    467664896
        7840            1           1.550        15680         3920
        7840            2           0.580        31360         7840
        7840            4           0.710        62720        15680
        7840            8           0.830       125440        31360
        7840           16           1.170       250880        62720
        7840           32           1.810       501760       125440
        7840           64           3.140      1003520       250880
        7840          128           5.860      2007040       501760
        7840          256          11.210      4014080      1003520
        7840          512          21.910      8028160      2007040
        7840         1024          43.230     16056320      4014080
        7840         2048          85.960     32112640      8028160
        7840         4096         180.180     64225280     16056320
        7840         8192         342.650    128450560     32112640
        7840        16384         688.651    256901120     64225280
        7840        32768        1371.181    513802240    128450560
        7840        65536        2743.992   1027604480    256901120
        7840       131072        5486.064   2055208960    513802240
        8608            1          15.670        17216         4304
        8608            2           0.630        34432         8608
        8608            4           0.820        68864        17216
        8608            8           0.930       137728        34432
        8608           16           1.270       275456        68864
        8608           32           2.010       550912       137728
        8608           64           3.480      1101824       275456
        8608          128           6.390      2203648       550912
        8608          256          12.490      4407296      1101824
        8608          512          23.990      8814592      2203648
        8608         1024          47.460     17629184      4407296
        8608         2048          94.490     35258368      8814592
        8608         4096         188.610     70516736     17629184
        8608         8192         386.071    141033472     35258368
        8608        16384         753.100    282066944     70516736
        8608        32768        1509.762    564133888    141033472
        8608        65536        3014.202   1128267776    282066944
        9440            1          14.920        18880         4720
        9440            2           0.600        37760         9440
        9440            4           0.720        75520        18880
        9440            8           1.250       151040        37760
        9440           16           1.340       302080        75520
        9440           32           2.120       604160       151040
        9440           64           3.990      1208320       302080
        9440          128           6.980      2416640       604160
        9440          256          13.810      4833280      1208320
        9440          512          27.450      9666560      2416640
        9440         1024          54.440     19333120      4833280
        9440         2048         108.210     38666240      9666560
        9440         4096         215.690     77332480     19333120
        9440         8192         437.630    154664960     38666240
        9440        16384         862.221    309329920     77332480
        9440        32768        1665.782    618659840    154664960
        9440        65536        3359.862   1237319680    309329920
       10368            1          13.260        20736         5184
       10368            2           0.660        41472        10368
       10368            4           0.750        82944        20736
       10368            8           0.950       165888        41472
       10368           16           1.400       331776        82944
       10368           32           2.420       663552       165888
       10368           64           4.220      1327104       331776
       10368          128           7.690      2654208       663552
       10368          256          15.210      5308416      1327104
       10368          512          29.720     10616832      2654208
       10368         1024          59.320     21233664      5308416
       10368         2048         117.830     42467328     10616832
       10368         4096         245.050     84934656     21233664
       10368         8192         470.891    169869312     42467328
       10368        16384         944.620    339738624     84934656
       10368        32768        1856.832    679477248    169869312
       10368        65536        3750.733   1358954496    339738624
       11392            1          20.480        22784         5696
       11392            2           0.620        45568        11392
       11392            4           0.820        91136        22784
       11392            8           0.980       182272        45568
       11392           16           1.360       364544        91136
       11392           32           2.410       729088       182272
       11392           64           4.090      1458176       364544
       11392          128           8.600      2916352       729088
       11392          256          16.650      5832704      1458176
       11392          512          32.850     11665408      2916352
       11392         1024          65.100     23330816      5832704
       11392         2048         129.690     46661632     11665408
       11392         4096         258.900     93323264     23330816
       11392         8192         520.411    186646528     46661632
       11392        16384         947.900    373293056     93323264
       11392        32768        2075.162    746586112    186646528
       11392        65536        4151.093   1493172224    373293056
       12512            1           2.200        25024         6256
       12512            2           0.650        50048        12512
       12512            4           0.760       100096        25024
       12512            8           1.080       200192        50048
       12512           16           1.510       400384       100096
       12512           32           2.720       800768       200192
       12512           64           5.070      1601536       400384
       12512          128           9.270      3203072       800768
       12512          256          18.120      6406144      1601536
       12512          512          35.920     12812288      3203072
       12512         1024          80.150     25624576      6406144
       12512         2048         142.910     51249152     12812288
       12512         4096         285.240    102498304     25624576
       12512         8192         571.911    204996608     51249152
       12512        16384        1054.641    409993216    102498304
       12512        32768        2281.721    819986432    204996608
       12512        65536        4379.054   1639972864    409993216
       13760            1          13.580        27520         6880
       13760            2           0.710        55040        13760
       13760            4           0.820       110080        27520
       13760            8           1.100       220160        55040
       13760           16           1.740       440320       110080
       13760           32           2.880       880640       220160
       13760           64           5.290      1761280       440320
       13760          128           9.840      3522560       880640
       13760          256          19.180      7045120      1761280
       13760          512          37.830     14090240      3522560
       13760         1024          75.240     28180480      7045120
       13760         2048         149.720     56360960     14090240
       13760         4096         310.330    112721920     28180480
       13760         8192         597.721    225443840     56360960
       13760        16384        1198.801    450887680    112721920
       13760        32768        2399.862    901775360    225443840
       13760        65536        4795.943   1803550720    450887680
       15136            1          16.350        30272         7568
       15136            2           0.780        60544        15136
       15136            4           0.840       121088        30272
       15136            8           1.200       242176        60544
       15136           16           1.830       484352       121088
       15136           32           3.110       968704       242176
       15136           64           5.990      1937408       484352
       15136          128          10.910      3874816       968704
       15136          256          21.160      7749632      1937408
       15136          512          41.700     15499264      3874816
       15136         1024          82.900     30998528      7749632
       15136         2048         173.930     61997056     15499264
       15136         4096         330.091    123994112     30998528
       15136         8192         663.540    247988224     61997056
       15136        16384        1324.091    495976448    123994112
       15136        32768        2657.763    991952896    247988224
       15136        65536        5305.534   1983905792    495976448
       16640            1          22.610        33280         8320
       16640            2           0.830        66560        16640
       16640            4           0.860       133120        33280
       16640            8           1.220       266240        66560
       16640           16           1.870       532480       133120
       16640           32           3.580      1064960       266240
       16640           64           6.350      2129920       532480
       16640          128          12.250      4259840      1064960
       16640          256          23.750      8519680      2129920
       16640          512          47.290     17039360      4259840
       16640         1024          94.940     34078720      8519680
       16640         2048         189.331     68157440     17039360
       16640         4096         377.850    136314880     34078720
       16640         8192         739.010    272629760     68157440
       16640        16384        1516.492    545259520    136314880
       16640        32768        3052.782   1090519040    272629760
       18304            1          12.150        36608         9152
       18304            2           0.810        73216        18304
       18304            4           0.990       146432        36608
       18304            8           1.300       292864        73216
       18304           16           2.190       585728       146432
       18304           32           3.750      1171456       292864
       18304           64           6.870      2342912       585728
       18304          128          13.590      4685824      1171456
       18304          256          26.400      9371648      2342912
       18304          512          52.380     18743296      4685824
       18304         1024         112.250     37486592      9371648
       18304         2048         209.000     74973184     18743296
       18304         4096         417.671    149946368     37486592
       18304         8192         838.340    299892736     74973184
       18304        16384        1658.272    599785472    149946368
       18304        32768        3341.612   1199570944    299892736
       20128            1          12.180        40256        10064
       20128            2           0.810        80512        20128
       20128            4           0.930       161024        40256
       20128            8           1.680       322048        80512
       20128           16           2.240       644096       161024
       20128           32           3.980      1288192       322048
       20128           64           7.410      2576384       644096
       20128          128          14.230      5152768      1288192
       20128          256          27.920     10305536      2576384
       20128          512          55.270     20611072      5152768
       20128         1024         109.890     41222144     10305536
       20128         2048         219.350     82444288     20611072
       20128         4096         445.661    164888576     41222144
       20128         8192         878.950    329777152     82444288
       20128        16384        1757.512    659554304    164888576
       20128        32768        3514.583   1319108608    329777152
       22112            1          13.390        44224        11056
       22112            2           0.790        88448        22112
       22112            4           1.030       176896        44224
       22112            8           1.440       353792        88448
       22112           16           2.540       707584       176896
       22112           32           4.450      1415168       353792
       22112           64           8.390      2830336       707584
       22112          128          16.210      5660672      1415168
       22112          256          31.980     11321344      2830336
       22112          512          63.330     22642688      5660672
       22112         1024         126.131     45285376     11321344
       22112         2048         251.920     90570752     22642688
       22112         4096         506.040    181141504     45285376
       22112         8192        1007.891    362283008     90570752
       22112        16384        1984.041    724566016    181141504
       22112        32768        4020.494   1449132032    362283008
       24320            1          11.570        48640        12160
       24320            2           0.850        97280        24320
       24320            4           1.050       194560        48640
       24320            8           1.540       389120        97280
       24320           16           2.650       778240       194560
       24320           32           4.860      1556480       389120
       24320           64           9.160      3112960       778240
       24320          128          17.780      6225920      1556480
       24320          256          34.900     12451840      3112960
       24320          512          77.230     24903680      6225920
       24320         1024         138.310     49807360     12451840
       24320         2048         276.240     99614720     24903680
       24320         4096         551.490    199229440     49807360
       24320         8192        1106.641    398458880     99614720
       24320        16384        2131.102    796917760    199229440
       24320        32768        4280.294   1593835520    398458880
       26752            1          10.540        53504        13376
       26752            2           0.810       107008        26752
       26752            4           1.090       214016        53504
       26752            8           1.600       428032       107008
       26752           16           2.770       856064       214016
       26752           32           5.130      1712128       428032
       26752           64          10.030      3424256       856064
       26752          128          19.260      6848512      1712128
       26752          256          38.380     13697024      3424256
       26752          512          76.050     27394048      6848512
       26752         1024         151.950     54788096     13697024
       26752         2048         303.801    109576192     27394048
       26752         4096         614.010    219152384     54788096
       26752         8192        1217.941    438304768    109576192
       26752        16384        2432.502    876609536    219152384
       26752        32768        4868.374   1753219072    438304768
       29408            1          13.170        58816        14704
       29408            2           0.870       117632        29408
       29408            4           1.140       235264        58816
       29408            8           1.810       470528       117632
       29408           16           3.100       941056       235264
       29408           32           5.720      1882112       470528
       29408           64          10.860      3764224       941056
       29408          128          21.390      7528448      1882112
       29408          256          42.120     15056896      3764224
       29408          512          83.860     30113792      7528448
       29408         1024         167.470     60227584     15056896
       29408         2048         340.080    120455168     30113792
       29408         4096         668.341    240910336     60227584
       29408         8192        1315.381    481820672    120455168
       29408        16384        2582.842    963641344    240910336
       29408        32768        5167.714   1927282688    481820672
       32320            1          14.590        64640        16160
       32320            2           0.910       129280        32320
       32320            4           1.290       258560        64640
       32320            8           1.890       517120       129280
       32320           16           3.510      1034240       258560
       32320           32           6.360      2068480       517120
       32320           64          11.510      4136960      1034240
       32320          128          22.440      8273920      2068480
       32320          256          44.390     16547840      4136960
       32320          512          88.240     33095680      8273920
       32320         1024         183.760     66191360     16547840
       32320         2048         351.180    132382720     33095680
       32320         4096         704.891    264765440     66191360
       32320         8192        1405.981    529530880    132382720
       32320        16384        2814.632   1059061760    264765440
       32320        32768        5626.975   2118123520    529530880
       35552            1          16.030        71104        17776
       35552            2           0.930       142208        35552
       35552            4           1.350       284416        71104
       35552            8           2.060       568832       142208
       35552           16           3.530      1137664       284416
       35552           32           7.040      2275328       568832
       35552           64          13.190      4550656      1137664
       35552          128          25.570      9101312      2275328
       35552          256          50.910     18202624      4550656
       35552          512         101.371     36405248      9101312
       35552         1024         211.130     72810496     18202624
       35552         2048         404.090    145620992     36405248
       35552         4096         779.701    291241984     72810496
       35552         8192        1617.591    582483968    145620992
       35552        16384        3146.793   1164967936    291241984
       39104            1          14.640        78208        19552
       39104            2           1.060       156416        39104
       39104            4           1.400       312832        78208
       39104            8           2.200       625664       156416
       39104           16           3.870      1251328       312832
       39104           32           7.170      2502656       625664
       39104           64          13.860      5005312      1251328
       39104          128          27.060     10010624      2502656
       39104          256          53.700     20021248      5005312
       39104          512         106.740     40042496     10010624
       39104         1024         221.671     80084992     20021248
       39104         2048         424.720    160169984     40042496
       39104         4096         852.400    320339968     80084992
       39104         8192        1704.102    640679936    160169984
       39104        16384        3406.093   1281359872    320339968
       43008            1          15.640        86016        21504
       43008            2           1.090       172032        43008
       43008            4           1.510       344064        86016
       43008            8           2.440       688128       172032
       43008           16           4.480      1376256       344064
       43008           32           8.190      2752512       688128
       43008           64          15.610      5505024      1376256
       43008          128          30.950     11010048      2752512
       43008          256          61.440     22020096      5505024
       43008          512         121.600     44040192     11010048
       43008         1024         242.911     88080384     22020096
       43008         2048         489.460    176160768     44040192
       43008         4096         962.101    352321536     88080384
       43008         8192        1949.331    704643072    176160768
       43008        16384        3867.844   1409286144    352321536
       47296            1          14.870        94592        23648
       47296            2           1.350       189184        47296
       47296            4           2.080       378368        94592
       47296            8           3.370       756736       189184
       47296           16           6.060      1513472       378368
       47296           32           8.670      3026944       756736
       47296           64          16.580      6053888      1513472
       47296          128          32.620     12107776      3026944
       47296          256          65.690     24215552      6053888
       47296          512         129.600     48431104     12107776
       47296         1024         269.821     96862208     24215552
       47296         2048         516.040    193724416     48431104
       47296         4096        1033.251    387448832     96862208
       47296         8192        2061.862    774897664    193724416
       47296        16384        4123.923   1549795328    387448832
       52000            1          16.730       104000        26000
       52000            2           1.180       208000        52000
       52000            4           1.740       416000       104000
       52000            8           2.780       832000       208000
       52000           16           5.170      1664000       416000
       52000           32           9.430      3328000       832000
       52000           64          18.190      6656000      1664000
       52000          128          35.891     13312000      3328000
       52000          256          71.110     26624000      6656000
       52000          512         141.840     53248000     13312000
       52000         1024         291.990    106496000     26624000
       52000         2048         565.380    212992000     53248000
       52000         4096        1132.861    425984000    106496000
       52000         8192        2268.242    851968000    212992000
       52000        16384        4529.764   1703936000    425984000
       57184            1          16.180       114368        28592
       57184            2           1.170       228736        57184
       57184            4           1.830       457472       114368
       57184            8           3.120       914944       228736
       57184           16           5.610      1829888       457472
       57184           32          10.710      3659776       914944
       57184           64          20.850      7319552      1829888
       57184          128          40.960     14639104      3659776
       57184          256          81.951     29278208      7319552
       57184          512         162.690     58556416     14639104
       57184         1024         324.980    117112832     29278208
       57184         2048         655.950    234225664     58556416
       57184         4096        1302.171    468451328    117112832
       57184         8192        2591.483    936902656    234225664
       57184        16384        5065.544   1873805312    468451328
       62880            1          18.020       125760        31440
       62880            2           1.270       251520        62880
       62880            4           1.810       503040       125760
       62880            8           3.220      1006080       251520
       62880           16           5.910      2012160       503040
       62880           32          11.270      4024320      1006080
       62880           64          21.800      8048640      2012160
       62880          128          43.820     16097280      4024320
       62880          256          85.900     32194560      8048640
       62880          512         171.201     64389120     16097280
       62880         1024         341.800    128778240     32194560
       62880         2048         689.090    257556480     64389120
       62880         4096        1368.622    515112960    128778240
       62880         8192        2739.542   1030225920    257556480
       62880        16384        5478.164   2060451840    515112960
       69152            1           5.220       138304        34576
       69152            2           1.460       276608        69152
       69152            4           2.120       553216       138304
       69152            8           3.550      1106432       276608
       69152           16           6.460      2212864       553216
       69152           32          12.330      4425728      1106432
       69152           64          24.070      8851456      2212864
       69152          128          47.450     17702912      4425728
       69152          256          94.390     35405824      8851456
       69152          512         196.480     70811648     17702912
       69152         1024         376.120    141623296     35405824
       69152         2048         754.501    283246592     70811648
       69152         4096        1505.841    566493184    141623296
       69152         8192        3010.723   1132986368    283246592
       76064            1           3.050       152128        38032
       76064            2           1.810       304256        76064
       76064            4           2.950       608512       152128
       76064            8           5.050      1217024       304256
       76064           16           9.410      2434048       608512
       76064           32          18.450      4868096      1217024
       76064           64          26.320      9736192      2434048
       76064          128          52.230     19472384      4868096
       76064          256         103.750     38944768      9736192
       76064          512         206.971     77889536     19472384
       76064         1024         421.160    155779072     38944768
       76064         2048         828.340    311558144     77889536
       76064         4096        1654.262    623116288    155779072
       76064         8192        3314.123   1246232576    311558144
       83648            1          16.000       167296        41824
       83648            2           1.580       334592        83648
       83648            4           2.360       669184       167296
       83648            8           4.130      1338368       334592
       83648           16           7.710      2676736       669184
       83648           32          14.750      5353472      1338368
       83648           64          28.950     10706944      2676736
       83648          128          57.300     21413888      5353472
       83648          256         122.340     42827776     10706944
       83648          512         227.381     85655552     21413888
       83648         1024         454.310    171311104     42827776
       83648         2048         911.341    342622208     85655552
       83648         4096        1821.841    685244416    171311104
       83648         8192        3642.993   1370488832    342622208
       92000            1           6.720       184000        46000
       92000            2           1.630       368000        92000
       92000            4           2.490       736000       184000
       92000            8           4.580      1472000       368000
       92000           16           8.570      2944000       736000
       92000           32          16.930      5888000      1472000
       92000           64          33.560     11776000      2944000
       92000          128          65.610     23552000      5888000
       92000          256         130.770     47104000     11776000
       92000          512         258.910     94208000     23552000
       92000         1024         496.210    188416000     47104000
       92000         2048        1047.081    376832000     94208000
       92000         4096        2044.112    753664000    188416000
       92000         8192        4147.293   1507328000    376832000
      101184            1          15.360       202368        50592
      101184            2           1.820       404736       101184
      101184            4           2.810       809472       202368
      101184            8           4.910      1618944       404736
      101184           16           9.310      3237888       809472
      101184           32          17.770      6475776      1618944
      101184           64          34.880     12951552      3237888
      101184          128          69.220     25903104      6475776
      101184          256         137.780     51806208     12951552
      101184          512         283.651    103612416     25903104
      101184         1024         549.970    207224832     51806208
      101184         2048        1102.131    414449664    103612416
      101184         4096        2238.892    828899328    207224832
      101184         8192        4405.683   1657798656    414449664
      111296            1           3.250       222592        55648
      111296            2           1.820       445184       111296
      111296            4           3.050       890368       222592
      111296            8           5.340      1780736       445184
      111296           16          10.060      3561472       890368
      111296           32          19.580      7122944      1780736
      111296           64          38.380     14245888      3561472
      111296          128          76.210     28491776      7122944
      111296          256         151.520     56983552     14245888
      111296          512         302.360    113967104     28491776
      111296         1024         614.501    227934208     56983552
      111296         2048        1211.871    455868416    113967104
      111296         4096        2430.962    911736832    227934208
      111296         8192        4852.104   1823473664    455868416
      122400            1          16.610       244800        61200
      122400            2           2.070       489600       122400
      122400            4           3.270       979200       244800
      122400            8           6.000      1958400       489600
      122400           16          10.980      3916800       979200
      122400           32          21.430      7833600      1958400
      122400           64          42.170     15667200      3916800
      122400          128          83.831     31334400      7833600
      122400          256         173.790     62668800     15667200
      122400          512         332.700    125337600     31334400
      122400         1024         670.030    250675200     62668800
      122400         2048        1333.482    501350400    125337600
      122400         4096        2665.672   1002700800    250675200
      122400         8192        5327.454   2005401600    501350400
      134624            1          17.450       269248        67312
      134624            2           2.150       538496       134624
      134624            4           3.710      1076992       269248
      134624            8           6.630      2153984       538496
      134624           16          11.750      4307968      1076992
      134624           32          24.530      8615936      2153984
      134624           64          48.320     17231872      4307968
      134624          128          96.210     34463744      8615936
      134624          256         191.680     68927488     17231872
      134624          512         377.990    137854976     34463744
      134624         1024         766.521    275709952     68927488
      134624         2048        1505.131    551419904    137854976
      134624         4096        3004.493   1102839808    275709952
      148064            1          17.770       296128        74032
      148064            2           2.390       592256       148064
      148064            4           3.990      1184512       296128
      148064            8           7.110      2369024       592256
      148064           16          13.850      4738048      1184512
      148064           32          27.000      9476096      2369024
      148064           64          53.050     18952192      4738048
      148064          128         105.530     37904384      9476096
      148064          256         204.540     75808768     18952192
      148064          512         420.791    151617536     37904384
      148064         1024         830.730    303235072     75808768
      148064         2048        1669.082    606470144    151617536
      148064         4096        3182.282   1212940288    303235072
      162848            1          13.160       325696        81424
      162848            2          10.920       651392       162848
      162848            4           5.490      1302784       325696
      162848            8          10.660      2605568       651392
      162848           16          19.920      5211136      1302784
      162848           32          28.310     10422272      2605568
      162848           64          55.970     20844544      5211136
      162848          128         111.370     41689088     10422272
      162848          256         221.710     83378176     20844544
      162848          512         442.771    166756352     41689088
      162848         1024         888.060    333512704     83378176
      162848         2048        1774.242    667025408    166756352
      162848         4096        3548.513   1334050816    333512704
      179104            1          18.910       358208        89552
      179104            2           2.650       716416       179104
      179104            4           4.830      1432832       358208
      179104            8           8.460      2865664       716416
      179104           16          16.030      5731328      1432832
      179104           32          31.260     11462656      2865664
      179104           64          61.600     22925312      5731328
      179104          128         130.431     45850624     11462656
      179104          256         243.900     91701248     22925312
      179104          512         487.120    183402496     45850624
      179104         1024         976.651    366804992     91701248
      179104         2048        1953.302    733609984    183402496
      179104         4096        3905.103   1467219968    366804992
      196992            1          19.980       393984        98496
      196992            2           2.970       787968       196992
      196992            4           5.110      1575936       393984
      196992            8           9.190      3151872       787968
      196992           16          18.220      6303744      1575936
      196992           32          35.710     12607488      3151872
      196992           64          70.530     25214976      6303744
      196992          128         140.570     50429952     12607488
      196992          256         280.371    100859904     25214976
      196992          512         530.290    201719808     50429952
      196992         1024        1122.861    403439616    100859904
      196992         2048        2227.902    806879232    201719808
      196992         4096        4373.793   1613758464    403439616
      216672            1          12.540       433344       108336
      216672            2           4.030       866688       216672
      216672            4           5.510      1733376       433344
      216672            8          10.360      3466752       866688
      216672           16          19.930      6933504      1733376
      216672           32          39.050     13867008      3466752
      216672           64          77.700     27734016      6933504
      216672          128         154.280     55468032     13867008
      216672          256         315.780    110936064     27734016
      216672          512         615.801    221872128     55468032
      216672         1024        1208.071    443744256    110936064
      216672         2048        2434.782    887488512    221872128
      216672         4096        4873.194   1774977024    443744256
      238336            1          21.990       476672       119168
      238336            2           3.470       953344       238336
      238336            4           6.130      1906688       476672
      238336            8          11.020      3813376       953344
      238336           16          22.020      7626752      1906688
      238336           32          43.100     15253504      3813376
      238336           64          91.650     30507008      7626752
      238336          128         169.901     61014016     15253504
      238336          256         338.990    122028032     30507008
      238336          512         680.100    244056064     61014016
      238336         1024        1305.322    488112128    122028032
      238336         2048        2634.122    976224256    244056064
      238336         4096        5254.444   1952448512    488112128
      262144            1          15.570       524288       131072
      262144            2           3.790      1048576       262144
      262144            4           6.580      2097152       524288
      262144            8          12.381      4194304      1048576
      262144           16          24.020      8388608      2097152
      262144           32          47.140     16777216      4194304
      262144           64          93.550     33554432      8388608
      262144          128         186.400     67108864     16777216
      262144          256         372.150    134217728     33554432
      262144          512         744.231    268435456     67108864
      262144         1024        1487.681    536870912    134217728
      262144         2048        2958.782   1073741824    268435456
      262144         4096        5665.595   2147483648    536870912
      288352            1          15.890       576704       144176
      288352            2           4.010      1153408       288352
      288352            4           7.180      2306816       576704
      288352            8          13.660      4613632      1153408
      288352           16          26.320      9227264      2306816
      288352           32          51.710     18454528      4613632
      288352           64         103.451     36909056      9227264
      288352          128         205.250     73818112     18454528
      288352          256         415.170    147636224     36909056
      288352          512         818.821    295272448     73818112
      288352         1024        1633.201    590544896    147636224
      288352         2048        3237.893   1181089792    295272448
      317184            1          17.810       634368       158592
      317184            2           5.520      1268736       317184
      317184            4          10.450      2537472       634368
      317184            8          19.920      5074944      1268736
      317184           16          28.870     10149888      2537472
      317184           32          56.700     20299776      5074944
      317184           64         113.210     40599552     10149888
      317184          128         225.401     81199104     20299776
      317184          256         458.370    162398208     40599552
      317184          512         904.131    324796416     81199104
      317184         1024        1699.521    649592832    162398208
      317184         2048        3515.253   1299185664    324796416
      348896            1          26.580       697792       174448
      348896            2           4.730      1395584       348896
      348896            4           8.310      2791168       697792
      348896            8          16.320      5582336      1395584
      348896           16          31.840     11164672      2791168
      348896           32          62.720     22329344      5582336
      348896           64         124.380     44658688     11164672
      348896          128         248.380     89317376     22329344
      348896          256         501.840    178634752     44658688
      348896          512         993.231    357269504     89317376
      348896         1024        1944.892    714539008    178634752
      348896         2048        3876.033   1429078016    357269504
      383776            1          27.740       767552       191888
      383776            2           5.200      1535104       383776
      383776            4           9.500      3070208       767552
      383776            8          17.600      6140416      1535104
      383776           16          33.840     12280832      3070208
      383776           32          66.190     24561664      6140416
      383776           64         131.020     49123328     12280832
      383776          128         271.440     98246656     24561664
      383776          256         521.480    196493312     49123328
      383776          512        1045.711    392986624     98246656
      383776         1024        2090.682    785973248    196493312
      383776         2048        4181.723   1571946496    392986624
      422144            1          24.540       844288       211072
      422144            2           7.040      1688576       422144
      422144            4          10.230      3377152       844288
      422144            8          19.770      6754304      1688576
      422144           16          38.440     13508608      3377152
      422144           32          75.590     27017216      6754304
      422144           64         158.430     54034432     13508608
      422144          128         300.140    108068864     27017216
      422144          256         599.831    216137728     54034432
      422144          512        1204.721    432275456    108068864
      422144         1024        2321.832    864550912    216137728
      422144         2048        4660.914   1729101824    432275456
      464352            1          37.360       928704       232176
      464352            2           6.180      1857408       464352
      464352            4          11.300      3714816       928704
      464352            8          20.270      7429632      1857408
      464352           16          42.220     14859264      3714816
      464352           32          83.390     29718528      7429632
      464352           64         172.510     59437056     14859264
      464352          128         329.961    118874112     29718528
      464352          256         662.770    237748224     59437056
      464352          512        1320.991    475496448    118874112
      464352         1024        2503.052    950992896    237748224
      464352         2048        5172.585   1901985792    475496448
      510784            1          37.480      1021568       255392
      510784            2           6.840      2043136       510784
      510784            4          12.590      4086272      1021568
      510784            8          23.130      8172544      2043136
      510784           16          44.750     16345088      4086272
      510784           32          87.860     32690176      8172544
      510784           64         182.680     65380352     16345088
      510784          128         347.851    130760704     32690176
      510784          256         697.560    261521408     65380352
      510784          512        1389.851    523042816    130760704
      510784         1024        2785.153   1046085632    261521408
      510784         2048        5562.014   2092171264    523042816
      561856            1          29.650      1123712       280928
      561856            2           9.290      2247424       561856
      561856            4          13.520      4494848      1123712
      561856            8          25.550      8989696      2247424
      561856           16          49.170     17979392      4494848
      561856           32          96.530     35958784      8989696
      561856           64         202.680     71917568     17979392
      561856          128         382.471    143835136     35958784
      561856          256         766.640    287670272     71917568
      561856          512        1530.791    575340544    143835136
      561856         1024        3058.103   1150681088    287670272
      618016            1          42.630      1236032       309008
      618016            2          10.360      2472064       618016
      618016            4          14.850      4944128      1236032
      618016            8          28.021      9888256      2472064
      618016           16          54.030     19776512      4944128
      618016           32         106.420     39553024      9888256
      618016           64         221.390     79106048     19776512
      618016          128         420.650    158212096     39553024
      618016          256         842.671    316424192     79106048
      618016          512        1683.721    632848384    158212096
      618016         1024        3362.593   1265696768    316424192
      679808            1          55.310      1359616       339904
      679808            2          11.400      2719232       679808
      679808            4          16.340      5438464      1359616
      679808            8          31.470     10876928      2719232
      679808           16          61.530     21753856      5438464
      679808           32         121.640     43507712     10876928
      679808           64         242.020     87015424     21753856
      679808          128         483.090    174030848     43507712
      679808          256         969.081    348061696     87015424
      679808          512        1854.852    696123392    174030848
      679808         1024        3731.173   1392246784    348061696
      747776            1          46.440      1495552       373888
      747776            2          12.390      2991104       747776
      747776            4          17.980      5982208      1495552
      747776            8          34.370     11964416      2991104
      747776           16          67.820     23928832      5982208
      747776           32         133.570     47857664     11964416
      747776           64         266.321     95715328     23928832
      747776          128         537.900    191430656     47857664
      747776          256        1035.381    382861312     95715328
      747776          512        2126.412    765722624    191430656
      747776         1024        4145.733   1531445248    382861312
      822528            1          50.731      1645056       411264
      822528            2          13.490      3290112       822528
      822528            4          26.750      6580224      1645056
      822528            8          37.880     13160448      3290112
      822528           16          74.040     26320896      6580224
      822528           32         147.130     52641792     13160448
      822528           64         292.920    105283584     26320896
      822528          128         569.921    210567168     52641792
      822528          256        1170.830    421134336    105283584
      822528          512        2334.892    842268672    210567168
      822528         1024        4448.084   1684537344    421134336
      904768            1          50.220      1809536       452384
      904768            2          14.771      3619072       904768
      904768            4          33.320      7238144      1809536
      904768            8          40.770     14476288      3619072
      904768           16          79.600     28952576      7238144
      904768           32         156.460     57905152     14476288
      904768           64         312.210    115810304     28952576
      904768          128         625.451    231620608     57905152
      904768          256        1241.751    463241216    115810304
      904768          512        2490.092    926482432    231620608
      904768         1024        4971.534   1852964864    463241216
      995232            1          46.960      1990464       497616
      995232            2          18.450      3980928       995232
      995232            4          30.140      7961856      1990464
      995232            8          53.700     15923712      3980928
      995232           16         102.840     31847424      7961856
      995232           32         199.900     63694848     15923712
      995232           64         379.350    127389696     31847424
      995232          128         749.041    254779392     63694848
      995232          256        1488.281    509558784    127389696
      995232          512        2828.082   1019117568    254779392
      995232         1024        5807.905   2038235136    509558784
     1094752            1          62.600      2189504       547376
     1094752            2          14.150      4379008      1094752
     1094752            4          37.170      8758016      2189504
     1094752            8          51.040     17516032      4379008
     1094752           16          99.110     35032064      8758016
     1094752           32         196.210     70064128     17516032
     1094752           64         389.761    140128256     35032064
     1094752          128         757.020    280256512     70064128
     1094752          256        1610.382    560513024    140128256
     1094752          512        3264.902   1121026048    280256512
     1204224            1          63.850      2408448       602112
     1204224            2          19.550      4816896      1204224
     1204224            4          36.000      9633792      2408448
     1204224            8          54.420     19267584      4816896
     1204224           16         104.100     38535168      9633792
     1204224           32         215.480     77070336     19267584
     1204224           64         433.700    154140672     38535168
     1204224          128         855.151    308281344     77070336
     1204224          256        1745.021    616562688    154140672
     1204224          512        3434.423   1233125376    308281344
     1324640            1          65.140      2649280       662320
     1324640            2          21.560      5298560      1324640
     1324640            4          42.930     10597120      2649280
     1324640            8          57.680     21194240      5298560
     1324640           16         118.840     42388480     10597120
     1324640           32         236.510     84776960     21194240
     1324640           64         471.131    169553920     42388480
     1324640          128         872.690    339107840     84776960
     1324640          256        1867.302    678215680    169553920
     1324640          512        3677.083   1356431360    339107840
     1457088            1          91.350      2914176       728544
     1457088            2          31.230      5828352      1457088
     1457088            4          34.020     11656704      2914176
     1457088            8          65.810     23313408      5828352
     1457088           16         128.090     46626816     11656704
     1457088           32         250.381     93253632     23313408
     1457088           64         503.330    186507264     46626816
     1457088          128         991.351    373014528     93253632
     1457088          256        1987.482    746029056    186507264
     1457088          512        3974.453   1492058112    373014528
     1602784            1          92.590      3205568       801392
     1602784            2          25.590      6411136      1602784
     1602784            4          38.200     12822272      3205568
     1602784            8          72.150     25644544      6411136
     1602784           16         140.491     51289088     12822272
     1602784           32         293.390    102578176     25644544
     1602784           64         569.160    205156352     51289088
     1602784          128        1141.521    410312704    102578176
     1602784          256        2192.672    820625408    205156352
     1602784          512        4459.904   1641250816    410312704
     1763040            1         111.160      3526080       881520
     1763040            2          27.230      7052160      1763040
     1763040            4          42.240     14104320      3526080
     1763040            8          80.580     28208640      7052160
     1763040           16         158.750     56417280     14104320
     1763040           32         302.061    112834560     28208640
     1763040           64         614.000    225669120     56417280
     1763040          128        1256.001    451338240    112834560
     1763040          256        2469.902    902676480    225669120
     1763040          512        4913.014   1805352960    451338240
     1939328            1         109.610      3878656       969664
     1939328            2          30.630      7757312      1939328
     1939328            4          46.280     15514624      3878656
     1939328            8          88.060     31029248      7757312
     1939328           16         170.130     62058496     15514624
     1939328           32         342.330    124116992     31029248
     1939328           64         664.801    248233984     62058496
     1939328          128        1336.851    496467968    124116992
     1939328          256        2691.412    992935936    248233984
     1939328          512        5331.094   1985871872    496467968
     2133248            1         120.720      4266496      1066624
     2133248            2          41.470      8532992      2133248
     2133248            4          49.710     17065984      4266496
     2133248            8          96.790     34131968      8532992
     2133248           16         189.370     68263936     17065984
     2133248           32         369.041    136527872     34131968
     2133248           64         739.920    273055744     68263936
     2133248          128        1486.681    546111488    136527872
     2133248          256        2932.883   1092222976    273055744
     2346560            1         134.040      4693120      1173280
     2346560            2          39.620      9386240      2346560
     2346560            4          56.870     18772480      4693120
     2346560            8         107.061     37544960      9386240
     2346560           16         204.710     75089920     18772480
     2346560           32         413.110    150179840     37544960
     2346560           64         815.631    300359680     75089920
     2346560          128        1608.791    600719360    150179840
     2346560          256        3220.323   1201438720    300359680
     2581216            1         148.040      5162432      1290608
     2581216            2          56.080     10324864      2581216
     2581216            4          60.930     20649728      5162432
     2581216            8         116.580     41299456     10324864
     2581216           16         229.591     82598912     20649728
     2581216           32         453.700    165197824     41299456
     2581216           64         890.761    330395648     82598912
     2581216          128        1774.561    660791296    165197824
     2581216          256        3544.483   1321582592    330395648
     2839328            1         146.620      5678656      1419664
     2839328            2          59.030     11357312      2839328
     2839328            4          66.790     22714624      5678656
     2839328            8         127.960     45429248     11357312
     2839328           16         249.600     90858496     22714624
     2839328           32         493.961    181716992     45429248
     2839328           64         983.030    363433984     90858496
     2839328          128        1946.182    726867968    181716992
     2839328          256        3896.943   1453735936    363433984
     3123232            1         193.190      6246464      1561616
     3123232            2          63.530     12492928      3123232
     3123232            4          74.460     24985856      6246464
     3123232            8         139.570     49971712     12492928
     3123232           16         272.370     99943424     24985856
     3123232           32         545.321    199886848     49971712
     3123232           64        1079.760    399773696     99943424
     3123232          128        2144.202    799547392    199886848
     3123232          256        4287.934   1599094784    399773696
     3435552            1         195.050      6871104      1717776
     3435552            2          69.510     13742208      3435552
     3435552            4          80.880     27484416      6871104
     3435552            8         155.681     54968832     13742208
     3435552           16         304.470    109937664     27484416
     3435552           32         592.110    219875328     54968832
     3435552           64        1183.971    439750656    109937664
     3435552          128        2363.092    879501312    219875328
     3435552          256        4716.634   1759002624    439750656
     3779104            1         220.751      7558208      1889552
     3779104            2          75.320     15116416      3779104
     3779104            4          89.130     30232832      7558208
     3779104            8         171.220     60465664     15116416
     3779104           16         337.380    120931328     30232832
     3779104           32         651.201    241862656     60465664
     3779104           64        1303.851    483725312    120931328
     3779104          128        2595.272    967450624    241862656
     3779104          256        5191.034   1934901248    483725312
     4156992            1         240.970      8313984      2078496
     4156992            2          78.571     16627968      4156992
     4156992            4          98.370     33255936      8313984
     4156992            8         188.580     66511872     16627968
     4156992           16         368.300    133023744     33255936
     4156992           32         724.281    266047488     66511872
     4156992           64        1431.841    532094976    133023744
     4156992          128        2848.802   1064189952    266047488
     4156992          256        5717.595   2128379904    532094976
     4572672            1         266.110      9145344      2286336
     4572672            2          87.560     18290688      4572672
     4572672            4         106.681     36581376      9145344
     4572672            8         210.770     73162752     18290688
     4572672           16         398.120    146325504     36581376
     4572672           32         790.521    292651008     73162752
     4572672           64        1575.451    585302016    146325504
     4572672          128        3140.742   1170604032    292651008
     5029920            1         269.420     10059840      2514960
     5029920            2          99.850     20119680      5029920
     5029920            4         116.980     40239360     10059840
     5029920            8         232.661     80478720     20119680
     5029920           16         436.810    160957440     40239360
     5029920           32         881.961    321914880     80478720
     5029920           64        1732.561    643829760    160957440
     5029920          128        3457.453   1287659520    321914880
     5532896            1         307.040     11065792      2766448
     5532896            2         103.600     22131584      5532896
     5532896            4         129.171     44263168     11065792
     5532896            8         248.200     88526336     22131584
     5532896           16         490.140    177052672     44263168
     5532896           32         958.511    354105344     88526336
     5532896           64        1914.252    708210688    177052672
     5532896          128        3797.473   1416421376    354105344
     6086176            1         328.720     12172352      3043088
     6086176            2         107.360     24344704      6086176
     6086176            4         142.370     48689408     12172352
     6086176            8         278.511     97378816     24344704
     6086176           16         531.450    194757632     48689408
     6086176           32        1050.831    389515264     97378816
     6086176           64        2093.382    779030528    194757632
     6086176          128        4190.313   1558061056    389515264
     6694784            1         389.001     13389568      3347392
     6694784            2         112.840     26779136      6694784
     6694784            4         159.050     53558272     13389568
     6694784            8         297.500    107116544     26779136
     6694784           16         585.910    214233088     53558272
     6694784           32        1168.571    428466176    107116544
     6694784           64        2303.722    856932352    214233088
     6694784          128        4586.614   1713864704    428466176
     7364256            1         406.701     14728512      3682128
     7364256            2         127.390     29457024      7364256
     7364256            4         174.410     58914048     14728512
     7364256            8         335.000    117828096     29457024
     7364256           16         644.781    235656192     58914048
     7364256           32        1280.591    471312384    117828096
     7364256           64        2528.052    942624768    235656192
     7364256          128        5048.354   1885249536    471312384
     8100672            1         466.250     16201344      4050336
     8100672            2         129.680     32402688      8100672
     8100672            4         189.491     64805376     16201344
     8100672            8         361.780    129610752     32402688
     8100672           16         712.040    259221504     64805376
     8100672           32        1406.602    518443008    129610752
     8100672           64        2783.682   1036886016    259221504
     8100672          128        5556.824   2073772032    518443008
     8910720            1         517.521     17821440      4455360
     8910720            2         148.430     35642880      8910720
     8910720            4         205.320     71285760     17821440
     8910720            8         396.891    142571520     35642880
     8910720           16         780.160    285143040     71285760
     8910720           32        1544.181    570286080    142571520
     8910720           64        3068.833   1140572160    285143040
     9801792            1         572.901     19603584      4900896
     9801792            2         159.730     39207168      9801792
     9801792            4         226.200     78414336     19603584
     9801792            8         437.690    156828672     39207168
     9801792           16         855.901    313657344     78414336
     9801792           32        1705.221    627314688    156828672
     9801792           64        3374.513   1254629376    313657344
    10781952            1         631.031     21563904      5390976
    10781952            2         165.780     43127808     10781952
    10781952            4         252.760     86255616     21563904
    10781952            8         482.270    172511232     43127808
    10781952           16         940.721    345022464     86255616
    10781952           32        1859.502    690044928    172511232
    10781952           64        3706.923   1380089856    345022464
    11860128            1         676.270     23720256      5930064
    11860128            2         184.450     47440512     11860128
    11860128            4         280.060     94881024     23720256
    11860128            8         535.331    189762048     47440512
    11860128           16        1042.231    379524096     94881024
    11860128           32        2052.612    759048192    189762048
    11860128           64        4087.833   1518096384    379524096
    13046112            1         735.870     26092224      6523056
    13046112            2         209.661     52184448     13046112
    13046112            4         311.230    104368896     26092224
    13046112            8         590.670    208737792     52184448
    13046112           16        1155.661    417475584    104368896
    13046112           32        2271.372    834951168    208737792
    13046112           64        4547.304   1669902336    417475584
    14350720            1         845.440     28701440      7175360
    14350720            2         285.361     57402880     14350720
    14350720            4         381.410    114805760     28701440
    14350720            8         712.541    229611520     57402880
    14350720           16        1356.681    459223040    114805760
    14350720           32        2639.232    918446080    229611520
    14350720           64        5187.464   1836892160    459223040
    15785792            1         925.411     31571584      7892896
    15785792            2         433.280     63143168     15785792
    15785792            4         593.681    126286336     31571584
    15785792            8        1013.120    252572672     63143168
    15785792           16        1843.362    505145344    126286336
    15785792           32        3488.353   1010290688    252572672
    15785792           64        6846.835   2020581376    505145344
    17364352            1         995.271     34728704      8682176
    17364352            2         747.721     69457408     17364352
    17364352            4         965.110    138914816     34728704
    17364352            8        1639.062    277829632     69457408
    17364352           16        2944.672    555659264    138914816
    17364352           32        5211.144   1111318528    277829632
    19100768            1        1103.671     38201536      9550384
    19100768            2        1227.331     76403072     19100768
    19100768            4        1574.302    152806144     38201536
    19100768            8        2514.802    305612288     76403072
    19100768           16        4433.893    611224576    152806144
    19100768           32        7599.496   1222449152    305612288
    21010816            1        1206.911     42021632     10505408
    21010816            2        1832.252     84043264     21010816
    21010816            4        2590.692    168086528     42021632
    21010816            8        4146.913    336173056     84043264
    21010816           16        7122.196    672346112    168086528
    21010816           32       13066.281   1344692224    336173056
    23111872            1        1304.841     46223744     11555936
    23111872            2        2424.362     92447488     23111872
    23111872            4        3521.163    184894976     46223744
    23111872            8        5680.144    369789952     92447488
    23111872           16       10057.508    739579904    184894976
    23111872           32       18939.526   1479159808    369789952
    25423040            1        1485.291     50846080     12711520
    25423040            2        2865.413    101692160     25423040
    25423040            4        4281.953    203384320     50846080
    25423040            8        7015.656    406768640    101692160
    25423040           16       12538.400    813537280    203384320
    25423040           32       23531.969   1627074560    406768640
    27965344            1        1622.372     55930688     13982672
    27965344            2        3225.752    111861376     27965344
    27965344            4        4824.534    223722752     55930688
    27965344            8        8043.347    447445504    111861376
    27965344           16       14438.801    894891008    223722752
    27965344           32       27265.752   1789782016    447445504
    30761856            1        1799.401     61523712     15380928
    30761856            2        3560.513    123047424     30761856
    30761856            4        5332.205    246094848     61523712
    30761856            8        8923.687    492189696    123047424
    30761856           16       16058.023    984379392    246094848
    30761856           32       30278.854   1968758784    492189696
    33838016            1        1980.022     67676032     16919008
    33838016            2        3917.993    135352064     33838016
    33838016            4        5908.414    270704128     67676032
    33838016            8        9868.748    541408256    135352064
    33838016           16       17736.545   1082816512    270704128
    37221792            1        2163.762     74443584     18610896
    37221792            2        4344.284    148887168     37221792
    37221792            4        6489.475    297774336     74443584
    37221792            8       10865.839    595548672    148887168
    37221792           16       19555.286   1191097344    297774336
    40943968            1        2367.352     81887936     20471984
    40943968            2        4762.474    163775872     40943968
    40943968            4        7149.266    327551744     81887936
    40943968            8       11933.599    655103488    163775872
    40943968           16       21514.058   1310206976    327551744
    45038336            1        2611.383     90076672     22519168
    45038336            2        5241.814    180153344     45038336
    45038336            4        7872.096    360306688     90076672
    45038336            8       13166.861    720613376    180153344
    45038336           16       24145.449   1441226752    360306688
    49542144            1        3094.472     99084288     24771072
    49542144            2        6090.995    198168576     49542144
    49542144            4        8935.587    396337152     99084288
    49542144            8       14158.762    792674304    198168576
    49542144           16       26104.181   1585348608    396337152
    54496352            1        3108.732    108992704     27248176
    54496352            2        6331.115    217985408     54496352
    54496352            4        9476.048    435970816    108992704
    54496352            8       15927.723    871941632    217985408
    54496352           16       28680.273   1743883264    435970816
    59945984            1        3446.593    119891968     29972992
    59945984            2        6980.736    239783936     59945984
    59945984            4       10476.458    479567872    119891968
    59945984            8       17506.134    959135744    239783936
    59945984           16       31488.676   1918271488    479567872
    65940576            1        3811.863    131881152     32970288
    65940576            2        7713.796    263762304     65940576
    65940576            4       11537.529    527524608    131881152
    65940576            8       19273.736   1055049216    263762304
    65940576           16       34689.298   2110098432    527524608
    72534624            1        4182.393    145069248     36267312
    72534624            2        8431.577    290138496     72534624
    72534624            4       12728.710    580276992    145069248
    72534624            8       21272.667   1160553984    290138496
    79788064            1        4618.864    159576128     39894032
    79788064            2        9296.517    319152256     79788064
    79788064            4       13982.341    638304512    159576128
    79788064            8       23307.209   1276609024    319152256
    87766848            1        5082.304    175533696     43883424
    87766848            2       10223.018    351067392     87766848
    87766848            4       15357.503    702134784    175533696
    87766848            8       25654.020   1404269568    351067392
    96543520            1        5598.935    193087040     48271760
    96543520            2       11259.989    386174080     96543520
    96543520            4       16892.713    772348160    193087040
    96543520            8       28162.743   1544696320    386174080
   106197856            1        6189.085    212395712     53098928
   106197856            2       12352.110    424791424    106197856
   106197856            4       18593.975    849582848    212395712
   106197856            8       30967.655   1699165696    424791424
   116817632            1        6781.685    233635264     58408816
   116817632            2       13621.411    467270528    116817632
   116817632            4       20439.316    934541056    233635264
   116817632            8       34097.148   1869082112    467270528
   128499392            1        7433.166    256998784     64249696
   128499392            2       14983.012    513997568    128499392
   128499392            4       22463.228   1027995136    256998784
   128499392            8       37511.080   2055990272    513997568
   141349312            1        8195.697    282698624     70674656
   141349312            2       16468.163    565397248    141349312
   141349312            4       24732.260   1130794496    282698624
   155484224            1        9038.537    310968448     77742112
   155484224            2       18132.435    621936896    155484224
   155484224            4       27229.242   1243873792    310968448
   171032640            1        9927.067    342065280     85516320
   171032640            2       19981.707    684130560    171032640
   171032640            4       29964.234   1368261120    342065280
   188135904            1       10959.298    376271808     94067952
   188135904            2       21994.718    752543616    188135904
   188135904            4       32993.847   1505087232    376271808
   206949472            1       12022.979    413898944    103474736
   206949472            2       24186.180    827797888    206949472
   206949472            4       36304.969   1655595776    413898944
   227644416            1       13283.551    455288832    113822208
   227644416            2       26615.221    910577664    227644416
   227644416            4       39923.982   1821155328    455288832
   250408832            1       14600.732    500817664    125204416
   250408832            2       29215.264   1001635328    250408832
   250408832            4       43906.425   2003270656    500817664
   275449696            1       16114.873    550899392    137724848
   275449696            2       32093.966   1101798784    275449696
   302994656            1       17616.804    605989312    151497328
   302994656            2       35386.758   1211978624    302994656
   333294112            1       19471.146    666588224    166647056
   333294112            2       38987.381   1333176448    333294112
   366623520            1       21432.707    733247040    183311760
   366623520            2       42803.335   1466494080    366623520
   403285856            1       23515.229    806571712    201642928
   403285856            2       47112.848   1613143424    403285856
   443614432            1       25903.461    887228864    221807216
   443614432            2       51867.362   1774457728    443614432
   487975872            1       28412.443    975951744    243987936
   487975872            2       56963.796   1951903488    487975872
   536773440            1       31322.595   1073546880    268386720
   536773440            2       62475.990   2147093760    536773440
   590450784            1       34344.138   1180901568    295225392
   649495840            1       37854.641   1298991680    324747920
   714445408            1       41829.594   1428890816    357222704
   785889920            1       45757.117   1571779840    392944960
   864478912            1       50487.051   1728957824    432239456
   950926784            1       55530.264   1901853568    475463392
  1046019456            1       61055.069   2092038912    523009728

META_DATA
FLOPS          4
OPENMP_THREADS 4
ERT_VERSION  1.1.0
HOSTNAME  ('pve.fritz.box', ['pve'], ['192.168.188.21'])
UNAME  uname_result(system='Linux', node='pve', release='6.14.8-2-pve', version='#1 SMP PREEMPT_DYNAMIC PMX 6.14.8-2 (2025-07-22T10:04Z)', machine='x86_64')
TIMESTAMP_DATA  1765907089.5560431
CONFIG  {'ERT_MPI': ['False'], 'ERT_OPENMP': ['True'], 'ERT_OPENMP_CFLAGS': ['-fopenmp'], 'ERT_OPENMP_LDFLAGS': ['-fopenmp'], 'ERT_PRECISION': ['FP64'], 'ERT_TRIALS_MIN': ['1'], 'ERT_TRIALS': ['3', '#', 'Run', 'each', 'test', '3', 'times', 'to', 'filter', 'out', 'background', 'noise'], 'ERT_RESULTS': ['Results/1600X'], 'ERT_GNUPLOT': ['gnuplot'], 'ERT_DRIVER': ['driver1'], 'ERT_KERNEL': ['kernel1'], 'ERT_CC': ['g++'], 'ERT_LD': ['g++'], 'ERT_CFLAGS': ['-O3', '-march=native', '-fopenmp', '-fstrict-aliasing', '-funroll-loops', '-Wno-all'], 'ERT_LDFLAGS': ['-O3', '-march=native', '-fopenmp'], 'ERT_LDLIBS': ['-lm'], 'ERT_RUN': ['export', 'OMP_NUM_THREADS=ERT_OPENMP_THREADS;', './ERT_CODE'], 'ERT_WORKING_SET_MIN': ['128'], 'ERT_MEMORY_MAX': ['1073741824'], 'ERT_ALIGN': ['64'], 'ERT_MIN_PROCS': ['1'], 'ERT_MAX_PROCS': ['1'], 'ERT_OPENMP_THREADS': ['1,2,4,8,12', '#', 'Logical', 'Threads'], 'ERT_NUM_EXPERIMENTS': ['5'], 'ERT_FLOPS': ['1,2,4,8'], 'ERT_GPU': [False], 'ERT_HIP': [False], 'ERT_OCL': [False], 'ERT_SYCL': [False], 'ERT_WSS_MULT': [1.1]}
