fp64
        4096            1           1.833         8192         4096
        4096            2           0.761        16384         8192
        4096            4           0.922        32768        16384
        4096            8           0.972        65536        32768
        4096           16           1.232       131072        65536
        4096           32           1.833       262144       131072
        4096           64           3.035       524288       262144
        4096          128           5.430      1048576       524288
        4096          256          10.259      2097152      1048576
        4096          512          19.907      4194304      2097152
        4096         1024          39.241      8388608      4194304
        4096         2048          77.261     16777216      8388608
        4096         4096         154.482     33554432     16777216
        4096         8192         307.561     67108864     33554432
        4096        16384         624.590    134217728     67108864
        4096        32768        1207.082    268435456    134217728
        4096        65536        1267.283    536870912    268435456
        4096       131072        2532.341   1073741824    536870912
        4096       262144        5059.211   2147483648   1073741824
        4480            1           0.902         8960         4480
        4480            2           0.481        17920         8960
        4480            4           0.802        35840        17920
        4480            8           0.692        71680        35840
        4480           16           0.752       143360        71680
        4480           32           1.092       286720       143360
        4480           64           1.763       573440       286720
        4480          128           3.116      1146880       573440
        4480          256           5.821      2293760      1146880
        4480          512          11.241      4587520      2293760
        4480         1024          37.448      9175040      4587520
        4480         2048          49.491     18350080      9175040
        4480         4096          86.869     36700160     18350080
        4480         8192         173.317     73400320     36700160
        4480        16384         346.142    146800640     73400320
        4480        32768         697.693    293601280    146800640
        4480        65536        1392.631    587202560    293601280
        4480       131072        2782.687   1174405120    587202560
        4928            1           2.715         9856         4928
        4928            2           0.601        19712         9856
        4928            4           0.571        39424        19712
        4928            8           0.632        78848        39424
        4928           16           0.872       157696        78848
        4928           32           1.192       315392       157696
        4928           64           2.164       630784       315392
        4928          128           3.517      1261568       630784
        4928          256           7.504      2523136      1261568
        4928          512          12.373      5046272      2523136
        4928         1024          24.524     10092544      5046272
        4928         2048          48.829     20185088     10092544
        4928         4096         117.254     40370176     20185088
        4928         8192         193.143     80740352     40370176
        4928        16384         385.864    161480704     80740352
        4928        32768         779.272    322961408    161480704
        4928        65536        1569.063    645922816    322961408
        4928       131072        3102.731   1291845632    645922816
        5408            1           3.056        10816         5408
        5408            2           0.491        21632        10816
        5408            4           0.531        43264        21632
        5408            8           0.612        86528        43264
        5408           16           0.821       173056        86528
        5408           32           1.232       346112       173056
        5408           64           2.084       692224       346112
        5408          128           3.727      1384448       692224
        5408          256           7.013      2768896      1384448
        5408          512          13.645      5537792      2768896
        5408         1024          26.939     11075584      5537792
        5408         2048          53.468     22151168     11075584
        5408         4096         106.414     44302336     22151168
        5408         8192         212.828     88604672     44302336
        5408        16384         424.905    177209344     88604672
        5408        32768         859.228    354418688    177209344
        5408        65536        1780.579    708837376    354418688
        5408       131072        3427.163   1417674752    708837376
        5920            1           2.394        11840         5920
        5920            2           0.581        23680        11840
        5920            4           0.541        47360        23680
        5920            8           0.651        94720        47360
        5920           16           0.862       189440        94720
        5920           32           1.312       378880       189440
        5920           64           2.224       757760       378880
        5920          128           4.047      1515520       757760
        5920          256           7.654      3031040      1515520
        5920          512          14.927      6062080      3031040
        5920         1024          29.414     12124160      6062080
        5920         2048          58.466     24248320     12124160
        5920         4096         132.912     48496640     24248320
        5920         8192         236.161     96993280     48496640
        5920        16384         464.647    193986560     96993280
        5920        32768         937.010    387973120    193986560
        5920        65536        1870.392    775946240    387973120
        5920       131072        3742.298   1551892480    775946240
        6496            1           2.535        12992         6496
        6496            2           0.872        25984        12992
        6496            4           0.591        51968        25984
        6496            8           0.691       103936        51968
        6496           16           0.942       207872       103936
        6496           32           1.413       415744       207872
        6496           64           2.425       831488       415744
        6496          128           4.428      1662976       831488
        6496          256           8.456      3325952      1662976
        6496          512          33.151      6651904      3325952
        6496         1024          36.487     13303808      6651904
        6496         2048          64.728     26607616     13303808
        6496         4096         129.506     53215232     26607616
        6496         8192         262.559    106430464     53215232
        6496        16384         519.648    212860928    106430464
        6496        32768        1038.034    425721856    212860928
        6496        65536        2072.782    851443712    425721856
        6496       131072        4148.599   1702887424    851443712
        7136            1           2.455        14272         7136
        7136            2           0.531        28544        14272
        7136            4           0.601        57088        28544
        7136            8           0.702       114176        57088
        7136           16           0.952       228352       114176
        7136           32           1.513       456704       228352
        7136           64           2.615       913408       456704
        7136          128           4.819      1826816       913408
        7136          256           9.247      3653632      1826816
        7136          512          18.103      7307264      3653632
        7136         1024          35.805     14614528      7307264
        7136         2048          71.170     29229056     14614528
        7136         4096         141.939     58458112     29229056
        7136         8192         283.458    116916224     58458112
        7136        16384         572.635    233832448    116916224
        7136        32768        1140.781    467664896    233832448
        7136        65536        2276.765    935329792    467664896
        7136       131072        4553.598   1870659584    935329792
        7840            1           1.082        15680         7840
        7840            2           0.611        31360        15680
        7840            4           0.581        62720        31360
        7840            8           0.701       125440        62720
        7840           16           1.001       250880       125440
        7840           32           1.603       501760       250880
        7840           64           2.805      1003520       501760
        7840          128           5.209      2007040      1003520
        7840          256          10.009      4014080      2007040
        7840          512          19.556      8028160      4014080
        7840         1024          38.871     16056320      8028160
        7840         2048          80.617     32112640     16056320
        7840         4096         156.055     64225280     32112640
        7840         8192         318.341    128450560     64225280
        7840        16384         614.240    256901120    128450560
        7840        32768        1227.700    513802240    256901120
        7840        65536        2472.811   1027604480    513802240
        7840       131072        4935.365   2055208960   1027604480
        8608            1           2.996        17216         8608
        8608            2           0.591        34432        17216
        8608            4           0.591        68864        34432
        8608            8           0.752       137728        68864
        8608           16           1.072       275456       137728
        8608           32           1.713       550912       275456
        8608           64           3.025      1101824       550912
        8608          128           5.661      2203648      1101824
        8608          256          10.890      4407296      2203648
        8608          512          21.419      8814592      4407296
        8608         1024          42.608     17629184      8814592
        8608         2048          84.704     35258368     17629184
        8608         4096         169.008     70516736     35258368
        8608         8192         337.245    141033472     70516736
        8608        16384         679.199    282066944    141033472
        8608        32768        1363.588    564133888    282066944
        8608        65536        2706.288   1128267776    564133888
        9440            1           1.152        18880         9440
        9440            2           0.541        37760        18880
        9440            4           0.711        75520        37760
        9440            8           0.812       151040        75520
        9440           16           1.152       302080       151040
        9440           32           1.843       604160       302080
        9440           64           3.286      1208320       604160
        9440          128           6.171      2416640      1208320
        9440          256          11.961      4833280      2416640
        9440          512          23.563      9666560      4833280
        9440         1024          46.635     19333120      9666560
        9440         2048          93.020     38666240     19333120
        9440         4096         185.408     77332480     38666240
        9440         8192         370.546    154664960     77332480
        9440        16384         747.304    309329920    154664960
        9440        32768        1495.158    618659840    309329920
        9440        65536        2982.802   1237319680    618659840
       10368            1           1.473        20736        10368
       10368            2           0.521        41472        20736
       10368            4           0.631        82944        41472
       10368            8           0.802       165888        82944
       10368           16           1.182       331776       165888
       10368           32           1.963       663552       331776
       10368           64           3.526      1327104       663552
       10368          128           6.672      2654208      1327104
       10368          256          12.903      5308416      2654208
       10368          512          25.416     10616832      5308416
       10368         1024          50.412     21233664     10616832
       10368         2048         100.684     42467328     21233664
       10368         4096         200.756     84934656     42467328
       10368         8192         405.550    169869312     84934656
       10368        16384         803.276    339738624    169869312
       10368        32768        1616.349    679477248    339738624
       10368        65536        3217.070   1358954496    679477248
       11392            1           2.805        22784        11392
       11392            2           0.541        45568        22784
       11392            4           0.681        91136        45568
       11392            8           0.852       182272        91136
       11392           16           1.262       364544       182272
       11392           32           2.114       729088       364544
       11392           64           3.837      1458176       729088
       11392          128           7.293      2916352      1458176
       11392          256          14.146      5832704      2916352
       11392          512          27.881     11665408      5832704
       11392         1024          55.341     23330816     11665408
       11392         2048         110.271     46661632     23330816
       11392         4096         220.042     93323264     46661632
       11392         8192         442.968    186646528     93323264
       11392        16384         882.991    373293056    186646528
       11392        32768        1770.611    746586112    373293056
       11392        65536        3537.956   1493172224    746586112
       12512            1           2.535        25024        12512
       12512            2           0.541        50048        25024
       12512            4           0.671       100096        50048
       12512            8           0.901       200192       100096
       12512           16           1.372       400384       200192
       12512           32           2.314       800768       400384
       12512           64           4.208      1601536       800768
       12512          128           8.025      3203072      1601536
       12512          256          15.659      6406144      3203072
       12512          512          30.927     12812288      6406144
       12512         1024          61.332     25624576     12812288
       12512         2048         122.704     51249152     25624576
       12512         4096         258.041    102498304     51249152
       12512         8192         488.972    204996608    102498304
       12512        16384         986.279    409993216    204996608
       12512        32768        1966.989    819986432    409993216
       12512        65536        3926.605   1639972864    819986432
       13760            1           0.992        27520        13760
       13760            2           0.581        55040        27520
       13760            4           0.772       110080        55040
       13760            8           0.952       220160       110080
       13760           16           1.463       440320       220160
       13760           32           2.495       880640       440320
       13760           64           4.568      1761280       880640
       13760          128           8.776      3522560      1761280
       13760          256          17.121      7045120      3522560
       13760          512          33.701     14090240      7045120
       13760         1024          66.922     28180480     14090240
       13760         2048         134.135     56360960     28180480
       13760         4096         267.939    112721920     56360960
       13760         8192         541.498    225443840    112721920
       13760        16384        1073.899    450887680    225443840
       13760        32768        2150.855    901775360    450887680
       13760        65536        4297.622   1803550720    901775360
       15136            1           1.403        30272        15136
       15136            2           0.691        60544        30272
       15136            4           0.711       121088        60544
       15136            8           0.991       242176       121088
       15136           16           1.553       484352       242176
       15136           32           2.705       968704       484352
       15136           64           4.969      1937408       968704
       15136          128           9.567      3874816      1937408
       15136          256          18.734      7749632      3874816
       15136          512          37.087     15499264      7749632
       15136         1024          73.785     30998528     15499264
       15136         2048         147.129     61997056     30998528
       15136         4096         307.861    123994112     61997056
       15136         8192         587.382    247988224    123994112
       15136        16384        1179.843    495976448    247988224
       15136        32768        2365.026    991952896    495976448
       15136        65536        4719.220   1983905792    991952896
       16640            1           1.062        33280        16640
       16640            2           0.702        66560        33280
       16640            4           0.751       133120        66560
       16640            8           1.052       266240       133120
       16640           16           1.653       532480       266240
       16640           32           2.905      1064960       532480
       16640           64           5.420      2129920      1064960
       16640          128          10.439      4259840      2129920
       16640          256          20.487      8519680      4259840
       16640          512          40.595     17039360      8519680
       16640         1024          80.747     34078720     17039360
       16640         2048         179.477     68157440     34078720
       16640         4096         321.156    136314880     68157440
       16640         8192         644.135    272629760    136314880
       16640        16384        1289.853    545259520    272629760
       16640        32768        2578.956   1090519040    545259520
       18304            1           1.202        36608        18304
       18304            2           0.611        73216        36608
       18304            4           0.892       146432        73216
       18304            8           1.112       292864       146432
       18304           16           1.773       585728       292864
       18304           32           3.146      1171456       585728
       18304           64           5.891      2342912      1171456
       18304          128          11.400      4685824      2342912
       18304          256          22.431      9371648      4685824
       18304          512          44.471     18743296      9371648
       18304         1024          88.531     37486592     18743296
       18304         2048         176.642     74973184     37486592
       18304         4096         363.383    149946368     74973184
       18304         8192         705.838    299892736    149946368
       18304        16384        1422.586    599785472    299892736
       18304        32768        2836.295   1199570944    599785472
       20128            1           4.188        40256        20128
       20128            2           0.702        80512        40256
       20128            4           0.812       161024        80512
       20128            8           1.202       322048       161024
       20128           16           1.924       644096       322048
       20128           32           3.456      1288192       644096
       20128           64           6.481      2576384      1288192
       20128          128          12.523      5152768      2576384
       20128          256          24.775     10305536      5152768
       20128          512          49.200     20611072     10305536
       20128         1024          98.009     41222144     20611072
       20128         2048         195.356     82444288     41222144
       20128         4096         401.002    164888576     82444288
       20128         8192         781.627    329777152    164888576
       20128        16384        1571.147    659554304    329777152
       20128        32768        3130.252   1319108608    659554304
       22112            1           1.282        44224        22112
       22112            2           0.841        88448        44224
       22112            4           0.882       176896        88448
       22112            8           1.273       353792       176896
       22112           16           2.074       707584       353792
       22112           32           3.767      1415168       707584
       22112           64           7.123      2830336      1415168
       22112          128          13.995      5660672      2830336
       22112          256          27.320     11321344      5660672
       22112          512          70.900     22642688     11321344
       22112         1024         110.612     45285376     22642688
       22112         2048         215.734     90570752     45285376
       22112         4096         430.185    181141504     90570752
       22112         8192         864.878    362283008    181141504
       22112        16384        1733.112    724566016    362283008
       22112        32768        3452.489   1449132032    724566016
       24320            1           1.463        48640        24320
       24320            2           0.802        97280        48640
       24320            4           0.882       194560        97280
       24320            8           1.342       389120       194560
       24320           16           2.224       778240       389120
       24320           32           4.068      1556480       778240
       24320           64           7.704      3112960      1556480
       24320          128          15.018      6225920      3112960
       24320          256          29.614     12451840      6225920
       24320          512          58.888     24903680     12451840
       24320         1024         117.725     49807360     24903680
       24320         2048         234.909     99614720     49807360
       24320         4096         478.624    199229440     99614720
       24320         8192         942.279    398458880    199229440
       24320        16384        1890.228    796917760    398458880
       24320        32768        3772.925   1593835520    796917760
       26752            1           3.847        53504        26752
       26752            2           0.671       107008        53504
       26752            4           0.922       214016       107008
       26752            8           1.413       428032       214016
       26752           16           2.415       856064       428032
       26752           32           4.428      1712128       856064
       26752           64           8.445      3424256      1712128
       26752          128          16.490      6848512      3424256
       26752          256          32.590     13697024      6848512
       26752          512          64.899     27394048     13697024
       26752         1024         129.246     54788096     27394048
       26752         2048         268.349    109576192     54788096
       26752         4096         519.397    219152384    109576192
       26752         8192        1037.914    438304768    219152384
       26752        16384        2078.062    876609536    438304768
       26752        32768        4147.187   1753219072    876609536
       29408            1           3.186        58816        29408
       29408            2           0.822       117632        58816
       29408            4           0.982       235264       117632
       29408            8           1.543       470528       235264
       29408           16           2.625       941056       470528
       29408           32           4.859      1882112       941056
       29408           64           9.297      3764224      1882112
       29408          128          18.203      7528448      3764224
       29408          256          35.996     15056896      7528448
       29408          512          71.611     30113792     15056896
       29408         1024         142.791     60227584     30113792
       29408         2048         296.832    120455168     60227584
       29408         4096         570.250    240910336    120455168
       29408         8192        1145.590    481820672    240910336
       29408        16384        2297.642    963641344    481820672
       29408        32768        4583.814   1927282688    963641344
       32320            1           3.256        64640        32320
       32320            2           0.852       129280        64640
       32320            4           1.132       258560       129280
       32320            8           1.633       517120       258560
       32320           16           2.855      1034240       517120
       32320           32           5.299      2068480      1034240
       32320           64          10.158      4136960      2068480
       32320          128          22.982      8273920      4136960
       32320          256          39.391     16547840      8273920
       32320          512          78.423     33095680     16547840
       32320         1024         171.432     66191360     33095680
       32320         2048         312.510    132382720     66191360
       32320         4096         630.401    264765440    132382720
       32320         8192        1257.004    529530880    264765440
       32320        16384        2511.743   1059061760    529530880
       32320        32768        5022.053   2118123520   1059061760
       35552            1           3.827        71104        35552
       35552            2           0.781       142208        71104
       35552            4           1.112       284416       142208
       35552            8           1.753       568832       284416
       35552           16           3.186      1137664       568832
       35552           32           5.780      2275328      1137664
       35552           64          11.150      4550656      2275328
       35552          128          21.930      9101312      4550656
       35552          256          43.469     18202624      9101312
       35552          512          89.924     36405248     18202624
       35552         1024         188.764     72810496     36405248
       35552         2048         344.919    145620992     72810496
       35552         4096         697.933    291241984    145620992
       35552         8192        1383.394    582483968    291241984
       35552        16384        2775.544   1164967936    582483968
       39104            1           5.260        78208        39104
       39104            2           0.902       156416        78208
       39104            4           1.202       312832       156416
       39104            8           2.003       625664       312832
       39104           16           3.366      1251328       625664
       39104           32           6.352      2502656      1251328
       39104           64          12.193      5005312      2502656
       39104          128          24.064     10010624      5005312
       39104          256          47.727     20021248     10010624
       39104          512          94.923     40042496     20021248
       39104         1024         199.774     80084992     40042496
       39104         2048         377.840    160169984     80084992
       39104         4096         763.443    320339968    160169984
       39104         8192        1516.187    640679936    320339968
       39104        16384        3039.617   1281359872    640679936
       43008            1           4.879        86016        43008
       43008            2           0.801       172032        86016
       43008            4           1.312       344064       172032
       43008            8           2.034       688128       344064
       43008           16           4.088      1376256       688128
       43008           32           6.843      2752512      1376256
       43008           64          13.284      5505024      2752512
       43008          128          27.100     11010048      5505024
       43008          256          52.065     22020096     11010048
       43008          512         104.070     44040192     22020096
       43008         1024         207.669     88080384     44040192
       43008         2048         415.058    176160768     88080384
       43008         4096         836.516    352321536    176160768
       43008         8192        1673.314    704643072    352321536
       43008        16384        3333.122   1409286144    704643072
       47296            1           4.599        94592        47296
       47296            2           0.981       189184        94592
       47296            4           1.373       378368       189184
       47296            8           2.295       756736       378368
       47296           16           3.967      1513472       756736
       47296           32           7.514      3026944      1513472
       47296           64          14.577      6053888      3026944
       47296          128          28.893     12107776      6053888
       47296          256          57.785     24215552     12107776
       47296          512         114.669     48431104     24215552
       47296         1024         228.817     96862208     48431104
       47296         2048         463.465    193724416     96862208
       47296         4096         918.456    387448832    193724416
       47296         8192        1832.433    774897664    387448832
       47296        16384        3672.230   1549795328    774897664
       52000            1           5.319       104000        52000
       52000            2           1.072       208000       104000
       52000            4           1.392       416000       208000
       52000            8           2.444       832000       416000
       52000           16           4.318      1664000       832000
       52000           32           8.255      3328000      1664000
       52000           64          16.089      6656000      3328000
       52000          128          31.808     13312000      6656000
       52000          256          63.185     26624000     13312000
       52000          512         126.090     53248000     26624000
       52000         1024         255.016    106496000     53248000
       52000         2048         505.563    212992000    106496000
       52000         4096        1013.609    425984000    212992000
       52000         8192        2022.070    851968000    425984000
       52000        16384        4046.043   1703936000    851968000
       57184            1           5.801       114368        57184
       57184            2           1.042       228736       114368
       57184            4           1.553       457472       228736
       57184            8           2.674       914944       457472
       57184           16           4.698      1829888       914944
       57184           32          25.106      3659776      1829888
       57184           64          19.807      7319552      3659776
       57184          128          34.944     14639104      7319552
       57184          256          69.628     29278208     14639104
       57184          512         138.843     58556416     29278208
       57184         1024         277.396    117112832     58556416
       57184         2048         560.974    234225664    117112832
       57184         4096        1113.121    468451328    234225664
       57184         8192        2226.182    936902656    468451328
       57184        16384        4458.075   1873805312    936902656
       62880            1           6.833       125760        62880
       62880            2           1.132       251520       125760
       62880            4           1.663       503040       251520
       62880            8           3.026      1006080       503040
       62880           16           5.110      2012160      1006080
       62880           32           9.868      4024320      2012160
       62880           64          19.435      8048640      4024320
       62880          128          38.390     16097280      8048640
       62880          256          95.845     32194560     16097280
       62880          512         152.117     64389120     32194560
       62880         1024         304.135    128778240     64389120
       62880         2048         614.341    257556480    128778240
       62880         4096        1220.757    515112960    257556480
       62880         8192        2443.809   1030225920    515112960
       62880        16384        4911.813   2060451840   1030225920
       69152            1           7.053       138304        69152
       69152            2           1.142       276608       138304
       69152            4           1.713       553216       276608
       69152            8           2.996      1106432       553216
       69152           16           5.580      2212864      1106432
       69152           32          10.910      4425728      2212864
       69152           64          21.199      8851456      4425728
       69152          128          41.997     17702912      8851456
       69152          256          85.405     35405824     17702912
       69152          512         182.333     70811648     35405824
       69152         1024         333.849    141623296     70811648
       69152         2048         673.379    283246592    141623296
       69152         4096        1342.319    566493184    283246592
       69152         8192        2688.616   1132986368    566493184
       76064            1           3.156       152128        76064
       76064            2           1.102       304256       152128
       76064            4           1.833       608512       304256
       76064            8           3.226      1217024       608512
       76064           16           6.081      2434048      1217024
       76064           32          11.822      4868096      2434048
       76064           64          23.503      9736192      4868096
       76064          128          46.414     19472384      9736192
       76064          256          92.078     38944768     19472384
       76064          512         183.715     77889536     38944768
       76064         1024         379.462    155779072     77889536
       76064         2048         733.689    311558144    155779072
       76064         4096        1478.688    623116288    311558144
       76064         8192        2950.113   1246232576    623116288
       83648            1           6.872       167296        83648
       83648            2           1.292       334592       167296
       83648            4           1.903       669184       334592
       83648            8           3.557      1338368       669184
       83648           16           6.682      2676736      1338368
       83648           32          12.993      5353472      2676736
       83648           64          25.557     10706944      5353472
       83648          128          50.822     21413888     10706944
       83648          256         101.275     42827776     21413888
       83648          512         217.657     85655552     42827776
       83648         1024         404.108    171311104     85655552
       83648         2048         815.308    342622208    171311104
       83648         4096        1622.321    685244416    342622208
       83648         8192        3252.515   1370488832    685244416
       92000            1           7.062       184000        92000
       92000            2           1.252       368000       184000
       92000            4           2.244       736000       368000
       92000            8           3.827      1472000       736000
       92000           16           7.323      2944000      1472000
       92000           32          14.266      5888000      2944000
       92000           64          28.142     11776000      5888000
       92000          128          55.872     23552000     11776000
       92000          256         111.373     47104000     23552000
       92000          512         236.401     94208000     47104000
       92000         1024         447.647    188416000     94208000
       92000         2048         899.211    376832000    188416000
       92000         4096        1791.079    753664000    376832000
       92000         8192        3575.354   1507328000    753664000
      101184            1           7.564       202368       101184
      101184            2           1.362       404736       202368
      101184            4           2.205       809472       404736
      101184            8           4.398      1618944       809472
      101184           16           8.034      3237888      1618944
      101184           32          15.629      6475776      3237888
      101184           64          30.896     12951552      6475776
      101184          128          61.552     25903104     12951552
      101184          256         125.680     51806208     25903104
      101184          512         244.296    103612416     51806208
      101184         1024         494.833    207224832    103612416
      101184         2048         984.036    414449664    207224832
      101184         4096        1965.727    828899328    414449664
      101184         8192        3927.086   1657798656    828899328
      111296            1           3.647       222592       111296
      111296            2           1.462       445184       222592
      111296            4           2.515       890368       445184
      111296            8           4.578      1780736       890368
      111296           16           8.746      3561472      1780736
      111296           32          17.132      7122944      3561472
      111296           64          33.862     14245888      7122944
      111296          128          67.463     28491776     14245888
      111296          256         134.655     56983552     28491776
      111296          512         269.011    113967104     56983552
      111296         1024         543.862    227934208    113967104
      111296         2048        1080.391    455868416    227934208
      111296         4096        2161.955    911736832    455868416
      111296         8192        4325.573   1823473664    911736832
      122400            1           5.531       244800       122400
      122400            2           1.543       489600       244800
      122400            4           2.705       979200       489600
      122400            8           4.989      1958400       979200
      122400           16           9.568      3916800      1958400
      122400           32          18.774      7833600      3916800
      122400           64          37.248     15667200      7833600
      122400          128          74.055     31334400     15667200
      122400          256         151.256     62668800     31334400
      122400          512         303.564    125337600     62668800
      122400         1024         590.217    250675200    125337600
      122400         2048        1190.312    501350400    250675200
      122400         4096        2377.779   1002700800    501350400
      122400         8192        4745.179   2005401600   1002700800
      134624            1           9.207       269248       134624
      134624            2           1.773       538496       269248
      134624            4           2.855      1076992       538496
      134624            8           5.470      2153984      1076992
      134624           16          10.569      4307968      2153984
      134624           32          20.678      8615936      4307968
      134624           64          41.025     17231872      8615936
      134624          128          81.619     34463744     17231872
      134624          256         175.951     68927488     34463744
      134624          512         325.534    137854976     68927488
      134624         1024         655.486    275709952    137854976
      134624         2048        1308.227    551419904    275709952
      134624         4096        2615.132   1102839808    551419904
      148064            1           8.174       296128       148064
      148064            2           2.094       592256       296128
      148064            4           3.427      1184512       592256
      148064            8           6.071      2369024      1184512
      148064           16          11.692      4738048      2369024
      148064           32          24.615      9476096      4738048
      148064           64          46.555     18952192      9476096
      148064          128          90.195     37904384     18952192
      148064          256         180.009     75808768     37904384
      148064          512         359.867    151617536     75808768
      148064         1024         737.435    303235072    151617536
      148064         2048        1443.184    606470144    303235072
      148064         4096        2890.604   1212940288    606470144
      162848            1          11.721       325696       162848
      162848            2           2.003       651392       325696
      162848            4           3.496      1302784       651392
      162848            8           6.592      2605568      1302784
      162848           16          12.773      5211136      2605568
      162848           32          25.046     10422272      5211136
      162848           64          49.490     20844544     10422272
      162848          128          98.650     41689088     20844544
      162848          256         196.709     83378176     41689088
      162848          512         393.208    166756352     83378176
      162848         1024         792.166    333512704    166756352
      162848         2048        1583.390    667025408    333512704
      162848         4096        3160.017   1334050816    667025408
      179104            1           7.454       358208       179104
      179104            2           2.144       716416       358208
      179104            4           3.797      1432832       716416
      179104            8           7.103      2865664      1432832
      179104           16          13.885      5731328      2865664
      179104           32          27.471     11462656      5731328
      179104           64          54.099     22925312     11462656
      179104          128         122.804     45850624     22925312
      179104          256         216.505     91701248     45850624
      179104          512         435.364    183402496     91701248
      179104         1024         874.586    366804992    183402496
      179104         2048        1739.795    733609984    366804992
      179104         4096        3474.440   1467219968    733609984
      196992            1          14.376       393984       196992
      196992            2           2.264       787968       393984
      196992            4           4.108      1575936       787968
      196992            8           7.854      3151872      1575936
      196992           16          15.288      6303744      3151872
      196992           32          30.175     12607488      6303744
      196992           64          59.929     25214976     12607488
      196992          128         119.478     50429952     25214976
      196992          256         238.566    100859904     50429952
      196992          512         487.700    201719808    100859904
      196992         1024         960.633    403439616    201719808
      196992         2048        1916.948    806879232    403439616
      196992         4096        3832.684   1613758464    806879232
      216672            1           9.417       433344       216672
      216672            2           2.525       866688       433344
      216672            4           4.629      1733376       866688
      216672            8           8.665      3466752      1733376
      216672           16          16.720      6933504      3466752
      216672           32          33.100     13867008      6933504
      216672           64          65.730     27734016     13867008
      216672          128         142.901     55468032     27734016
      216672          256         261.688    110936064     55468032
      216672          512         527.442    221872128    110936064
      216672         1024        1051.549    443744256    221872128
      216672         2048        2110.221    887488512    443744256
      216672         4096        4203.811   1774977024    887488512
      238336            1          18.503       476672       238336
      238336            2           2.905       953344       476672
      238336            4           4.969      1906688       953344
      238336            8           9.437      3813376      1906688
      238336           16          18.404      7626752      3813376
      238336           32          54.099     15253504      7626752
      238336           64          72.282     30507008     15253504
      238336          128         143.952     61014016     30507008
      238336          256         287.595    122028032     61014016
      238336          512         577.523    244056064    122028032
      238336         1024        1155.058    488112128    244056064
      238336         2048        2311.217    976224256    488112128
      238336         4096        4634.266   1952448512    976224256
      262144            1          13.465       524288       262144
      262144            2           3.656      1048576       524288
      262144            4           6.031      2097152      1048576
      262144            8          12.232      4194304      2097152
      262144           16          20.417      8388608      4194304
      262144           32          42.998     16777216      8388608
      262144           64          79.605     33554432     16777216
      262144          128         158.349     67108864     33554432
      262144          256         316.357    134217728     67108864
      262144          512         634.849    268435456    134217728
      262144         1024        1274.015    536870912    268435456
      262144         2048        2547.278   1073741824    536870912
      262144         4096        5083.606   2147483648   1073741824
      288352            1          14.998       576704       288352
      288352            2           3.206      1153408       576704
      288352            4           7.313      2306816      1153408
      288352            8          12.893      4613632      2306816
      288352           16          23.984      9227264      4613632
      288352           32          45.142     18454528      9227264
      288352           64          87.499     36909056     18454528
      288352          128         174.248     73818112     36909056
      288352          256         349.077    147636224     73818112
      288352          512         706.268    295272448    147636224
      288352         1024        1395.907    590544896    295272448
      288352         2048        2800.240   1181089792    590544896
      317184            1          20.808       634368       317184
      317184            2           3.517      1268736       634368
      317184            4           6.572      2537472      1268736
      317184            8          12.412      5074944      2537472
      317184           16          24.214     10149888      5074944
      317184           32          63.316     20299776     10149888
      317184           64          96.136     40599552     20299776
      317184          128         195.196     81199104     40599552
      317184          256         382.288    162398208     81199104
      317184          512         775.075    324796416    162398208
      317184         1024        1536.765    649592832    324796416
      317184         2048        3075.452   1299185664    649592832
      348896            1          18.063       697792       348896
      348896            2           3.686      1395584       697792
      348896            4           6.943      2791168      1395584
      348896            8          13.645      5582336      2791168
      348896           16          26.638     11164672      5582336
      348896           32          53.227     22329344     11164672
      348896           64         105.543     44658688     22329344
      348896          128         210.854     89317376     44658688
      348896          256         429.344    178634752     89317376
      348896          512         848.849    357269504    178634752
      348896         1024        1692.498    714539008    357269504
      348896         2048        3383.765   1429078016    714539008
      383776            1          20.167       767552       383776
      383776            2           4.118      1535104       767552
      383776            4           7.805      3070208      1535104
      383776            8          14.877      6140416      3070208
      383776           16          46.334     12280832      6140416
      383776           32          60.471     24561664     12280832
      383776           64         115.972     49123328     24561664
      383776          128         231.653     98246656     49123328
      383776          256         465.960    196493312     98246656
      383776          512         933.985    392986624    196493312
      383776         1024        1859.844    785973248    392986624
      383776         2048        3717.193   1571946496    785973248
      422144            1          22.461       844288       422144
      422144            2           4.508      1688576       844288
      422144            4           8.616      3377152      1688576
      422144            8          16.681      6754304      3377152
      422144           16          32.189     13508608      6754304
      422144           32          64.127     27017216     13508608
      422144           64         127.402     54034432     27017216
      422144          128         255.196    108068864     54034432
      422144          256         515.231    216137728    108068864
      422144          512        1023.478    432275456    216137728
      422144         1024        2047.386    864550912    432275456
      422144         2048        4093.921   1729101824    864550912
      464352            1          28.051       928704       464352
      464352            2           4.778      1857408       928704
      464352            4           9.197      3714816      1857408
      464352            8          35.745      7429632      3714816
      464352           16          35.915     14859264      7429632
      464352           32          70.308     29718528     14859264
      464352           64         140.226     59437056     29718528
      464352          128         279.701    118874112     59437056
      464352          256         562.206    237748224    118874112
      464352          512        1124.813    475496448    237748224
      464352         1024        2253.021    950992896    475496448
      464352         2048        4501.705   1901985792    950992896
      510784            1          27.871      1021568       510784
      510784            2           5.260      2043136      1021568
      510784            4          10.138      4086272      2043136
      510784            8          19.646      8172544      4086272
      510784           16          38.901     16345088      8172544
      510784           32          97.418     32690176     16345088
      510784           64         156.195     65380352     32690176
      510784          128         308.193    130760704     65380352
      510784          256         621.154    261521408    130760704
      510784          512        1238.410    523042816    261521408
      510784         1024        2474.125   1046085632    523042816
      510784         2048        4948.680   2092171264   1046085632
      561856            1          29.795      1123712       561856
      561856            2           5.650      2247424      1123712
      561856            4          10.980      4494848      2247424
      561856            8          21.419      8989696      4494848
      561856           16          42.597     17979392      8989696
      561856           32         120.631     35958784     17979392
      561856           64         172.846     71917568     35958784
      561856          128         338.778    143835136     71917568
      561856          256         686.203    287670272    143835136
      561856          512        1359.662    575340544    287670272
      561856         1024        2724.111   1150681088    575340544
      618016            1          41.737      1236032       618016
      618016            2           6.301      2472064      1236032
      618016            4          12.092      4944128      2472064
      618016            8          23.794      9888256      4944128
      618016           16          46.996     19776512      9888256
      618016           32          93.510     39553024     19776512
      618016           64         186.530     79106048     39553024
      618016          128         384.281    158212096     79106048
      618016          256         749.418    316424192    158212096
      618016          512        1498.554    632848384    316424192
      618016         1024        2996.097   1265696768    632848384
      679808            1          42.538      1359616       679808
      679808            2           6.912      2719232      1359616
      679808            4          13.134      5438464      2719232
      679808            8          25.837     10876928      5438464
      679808           16          51.404     21753856     10876928
      679808           32         102.417     43507712     21753856
      679808           64         218.669     87015424     43507712
      679808          128         408.976    174030848     87015424
      679808          256         825.136    348061696    174030848
      679808          512        1664.688    696123392    348061696
      679808         1024        3290.355   1392246784    696123392
      747776            1          44.832      1495552       747776
      747776            2           7.584      2991104      1495552
      747776            4          14.677      5982208      2991104
      747776            8          28.782     11964416      5982208
      747776           16          57.094     23928832     11964416
      747776           32         113.357     47857664     23928832
      747776           64         240.699     95715328     47857664
      747776          128         452.867    191430656     95715328
      747776          256         904.150    382861312    191430656
      747776          512        1812.778    765722624    382861312
      747776         1024        3623.613   1531445248    765722624
      822528            1          47.307      1645056       822528
      822528            2           8.665      3290112      1645056
      822528            4          16.190      6580224      3290112
      822528            8          31.428     13160448      6580224
      822528           16          62.484     26320896     13160448
      822528           32         128.224     52641792     26320896
      822528           64         259.224    105283584     52641792
      822528          128         496.136    210567168    105283584
      822528          256         996.088    421134336    210567168
      822528          512        1996.513    842268672    421134336
      822528         1024        3984.692   1684537344    842268672
      904768            1          55.702      1809536       904768
      904768            2           9.397      3619072      1809536
      904768            4          34.403      7238144      3619072
      904768            8          37.458     14476288      7238144
      904768           16          68.605     28952576     14476288
      904768           32         136.709     57905152     28952576
      904768           64         273.089    115810304     57905152
      904768          128         553.600    231620608    115810304
      904768          256        1095.479    463241216    231620608
      904768          512        2193.182    926482432    463241216
      904768         1024        4385.663   1852964864    926482432
      995232            1          60.320      1990464       995232
      995232            2           9.617      3980928      1990464
      995232            4          18.964      7961856      3980928
      995232            8          37.449     15923712      7961856
      995232           16          75.077     31847424     15923712
      995232           32         150.364     63694848     31847424
      995232           64         314.995    127389696     63694848
      995232          128         599.795    254779392    127389696
      995232          256        1204.077    509558784    254779392
      995232          512        2413.414   1019117568    509558784
      995232         1024        4874.796   2038235136   1019117568
     1094752            1          66.421      2189504      1094752
     1094752            2          11.081      4379008      2189504
     1094752            4          21.228      8758016      4379008
     1094752            8          41.957     17516032      8758016
     1094752           16         100.504     35032064     17516032
     1094752           32         165.432     70064128     35032064
     1094752           64         330.503    140128256     70064128
     1094752          128         668.500    280256512    140128256
     1094752          256        1327.833    560513024    280256512
     1094752          512        2655.476   1121026048    560513024
     1204224            1          71.551      2408448      1204224
     1204224            2          12.173      4816896      2408448
     1204224            4          23.563      9633792      4816896
     1204224            8          45.964     19267584      9633792
     1204224           16          91.497     38535168     19267584
     1204224           32         181.892     77070336     38535168
     1204224           64         373.702    154140672     77070336
     1204224          128         730.483    308281344    154140672
     1204224          256        1465.394    616562688    308281344
     1204224          512        2919.438   1233125376    616562688
     1324640            1          72.613      2649280      1324640
     1324640            2          13.044      5298560      2649280
     1324640            4          25.717     10597120      5298560
     1324640            8          69.176     21194240     10597120
     1324640           16         100.133     42388480     21194240
     1324640           32         200.306     84776960     42388480
     1324640           64         402.545    169553920     84776960
     1324640          128         808.095    339107840    169553920
     1324640          256        1606.682    678215680    339107840
     1324640          512        3210.799   1356431360    678215680
     1457088            1          96.787      2914176      1457088
     1457088            2          13.956      5828352      2914176
     1457088            4          27.460     11656704      5828352
     1457088            8          54.920     23313408     11656704
     1457088           16         109.570     46626816     23313408
     1457088           32         232.996     93253632     46626816
     1457088           64         438.670    186507264     93253632
     1457088          128         882.630    373014528    186507264
     1457088          256        1767.736    746029056    373014528
     1457088          512        3578.771   1492058112    746029056
     1602784            1         102.747      3205568      1602784
     1602784            2          16.250      6411136      3205568
     1602784            4          30.115     12822272      6411136
     1602784            8          60.651     25644544     12822272
     1602784           16         120.961     51289088     25644544
     1602784           32         241.761    102578176     51289088
     1602784           64         488.201    205156352    102578176
     1602784          128         973.287    410312704    205156352
     1602784          256        1942.895    820625408    410312704
     1602784          512        3885.311   1641250816    820625408
     1763040            1         103.048      3526080      1763040
     1763040            2          18.533      7052160      3526080
     1763040            4          33.261     14104320      7052160
     1763040            8          66.581     28208640     14104320
     1763040           16         132.632     56417280     28208640
     1763040           32         278.578    112834560     56417280
     1763040           64         530.739    225669120    112834560
     1763040          128        1070.163    451338240    225669120
     1763040          256        2141.819    902676480    451338240
     1763040          512        4267.809   1805352960    902676480
     1939328            1         129.005      3878656      1939328
     1939328            2          22.851      7757312      3878656
     1939328            4          36.577     15514624      7757312
     1939328            8          72.863     31029248     15514624
     1939328           16         145.936     62058496     31029248
     1939328           32         291.853    124116992     62058496
     1939328           64         590.287    248233984    124116992
     1939328          128        1173.291    496467968    248233984
     1939328          256        2351.642    992935936    496467968
     1939328          512        4702.852   1985871872    992935936
     2133248            1         184.256      4266496      2133248
     2133248            2          30.806      8532992      4266496
     2133248            4          53.738     17065984      8532992
     2133248            8          92.228     34131968     17065984
     2133248           16         182.593     68263936     34131968
     2133248           32         368.272    136527872     68263936
     2133248           64         723.811    273055744    136527872
     2133248          128        1490.691    546111488    273055744
     2133248          256        2794.269   1092222976    546111488
     2346560            1         140.827      4693120      2346560
     2346560            2          33.411      9386240      4693120
     2346560            4          46.264     18772480      9386240
     2346560            8          90.465     37544960     18772480
     2346560           16         178.937     75089920     37544960
     2346560           32         363.143    150179840     75089920
     2346560           64         717.108    300359680    150179840
     2346560          128        1428.287    600719360    300359680
     2346560          256        2858.747   1201438720    600719360
     2581216            1         163.899      5162432      2581216
     2581216            2          35.234     10324864      5162432
     2581216            4          49.981     20649728     10324864
     2581216            8          98.870     41299456     20649728
     2581216           16         196.409     82598912     41299456
     2581216           32         399.189    165197824     82598912
     2581216           64         785.143    330395648    165197824
     2581216          128        1574.814    660791296    330395648
     2581216          256        3148.565   1321582592    660791296
     2839328            1         184.076      5678656      2839328
     2839328            2          40.133     11357312      5678656
     2839328            4          55.091     22714624     11357312
     2839328            8         109.470     45429248     22714624
     2839328           16         219.640     90858496     45429248
     2839328           32         437.950    181716992     90858496
     2839328           64         864.337    363433984    181716992
     2839328          128        1731.329    726867968    363433984
     2839328          256        3463.561   1453735936    726867968
     3123232            1         193.553      6246464      3123232
     3123232            2          44.692     12492928      6246464
     3123232            4          60.611     24985856     12492928
     3123232            8         119.418     49971712     24985856
     3123232           16         236.942     99943424     49971712
     3123232           32         480.978    199886848     99943424
     3123232           64         949.282    399773696    199886848
     3123232          128        1896.671    799547392    399773696
     3123232          256        3792.641   1599094784    799547392
     3435552            1         212.778      6871104      3435552
     3435552            2          46.635     13742208      6871104
     3435552            4          66.501     27484416     13742208
     3435552            8         130.709     54968832     27484416
     3435552           16         264.202    109937664     54968832
     3435552           32         519.808    219875328    109937664
     3435552           64        1045.428    439750656    219875328
     3435552          128        2096.065    879501312    439750656
     3435552          256        4182.764   1759002624    879501312
     3779104            1         259.273      7558208      3779104
     3779104            2          47.306     15116416      7558208
     3779104            4          72.092     30232832     15116416
     3779104            8         143.712     60465664     30232832
     3779104           16         293.766    120931328     60465664
     3779104           32         572.876    241862656    120931328
     3779104           64        1146.572    483725312    241862656
     3779104          128        2311.949    967450624    483725312
     3779104          256        4599.364   1934901248    967450624
     4156992            1         273.729      8313984      4156992
     4156992            2          55.571     16627968      8313984
     4156992            4          79.876     33255936     16627968
     4156992            8         158.349     66511872     33255936
     4156992           16         321.286    133023744     66511872
     4156992           32         632.975    266047488    133023744
     4156992           64        1263.255    532094976    266047488
     4156992          128        2534.235   1064189952    532094976
     4156992          256        5060.685   2128379904   1064189952
     4572672            1         308.654      9145344      4572672
     4572672            2          52.245     18290688      9145344
     4572672            4          87.690     36581376     18290688
     4572672            8         183.224     73162752     36581376
     4572672           16         346.102    146325504     73162752
     4572672           32         697.533    292651008    146325504
     4572672           64        1391.169    585302016    292651008
     4572672          128        2790.663   1170604032    585302016
     5029920            1         337.045     10059840      5029920
     5029920            2          65.430     20119680     10059840
     5029920            4         100.253     40239360     20119680
     5029920            8         191.720     80478720     40239360
     5029920           16         385.834    160957440     80478720
     5029920           32         764.174    321914880    160957440
     5029920           64        1529.872    643829760    321914880
     5029920          128        3065.544   1287659520    643829760
     5532896            1         358.845     11065792      5532896
     5532896            2          64.117     22131584     11065792
     5532896            4         105.262     44263168     22131584
     5532896            8         220.011     88526336     44263168
     5532896           16         417.853    177052672     88526336
     5532896           32         839.823    354105344    177052672
     5532896           64        1687.600    708210688    354105344
     5532896          128        3364.220   1416421376    708210688
     6086176            1         368.944     12172352      6086176
     6086176            2          70.258     24344704     12172352
     6086176            4         120.289     48689408     24344704
     6086176            8         244.106     97378816     48689408
     6086176           16         461.432    194757632     97378816
     6086176           32         929.426    389515264    194757632
     6086176           64        1855.677    779030528    389515264
     6086176          128        3706.925   1558061056    779030528
     6694784            1         445.543     13389568      6694784
     6694784            2          76.069     26779136     13389568
     6694784            4         125.969     53558272     26779136
     6694784            8         251.819    107116544     53558272
     6694784           16         511.413    214233088    107116544
     6694784           32        1017.147    428466176    214233088
     6694784           64        2034.603    856932352    428466176
     6694784          128        4075.929   1713864704    856932352
     7364256            1         480.617     14728512      7364256
     7364256            2          87.860     29457024     14728512
     7364256            4         138.913     58914048     29457024
     7364256            8         277.677    117828096     58914048
     7364256           16         566.745    235656192    117828096
     7364256           32        1117.269    471312384    235656192
     7364256           64        2241.752    942624768    471312384
     7364256          128        4495.544   1885249536    942624768
     8100672            1         530.318     16201344      8100672
     8100672            2          93.922     32402688     16201344
     8100672            4         155.224     64805376     32402688
     8100672            8         319.704    129610752     64805376
     8100672           16         613.951    259221504    129610752
     8100672           32        1234.133    518443008    259221504
     8100672           64        2475.387   1036886016    518443008
     8100672          128        4940.186   2073772032   1036886016
     8910720            1         557.247     17821440      8910720
     8910720            2         134.806     35642880     17821440
     8910720            4         214.291     71285760     35642880
     8910720            8         342.936    142571520     71285760
     8910720           16         700.218    285143040    142571520
     8910720           32        1388.594    570286080    285143040
     8910720           64        2777.499   1140572160    570286080
     9801792            1         599.253     19603584      9801792
     9801792            2         377.108     39207168     19603584
     9801792            4         317.560     78414336     39207168
     9801792            8         607.939    156828672     78414336
     9801792           16        1104.727    313657344    156828672
     9801792           32        2116.513    627314688    313657344
     9801792           64        4102.618   1254629376    627314688
    10781952            1         712.140     21563904     10781952
    10781952            2         872.422     43127808     21563904
    10781952            4        1015.944     86255616     43127808
    10781952            8        1649.520    172511232     86255616
    10781952           16        3175.165    345022464    172511232
    10781952           32        5783.024    690044928    345022464
    10781952           64        5968.602   1380089856    690044928
    11860128            1         769.174     23720256     11860128
    11860128            2        1336.810     47440512     23720256
    11860128            4        1715.130     94881024     47440512
    11860128            8        2845.954    189762048     94881024
    11860128           16        5133.769    379524096    189762048
    11860128           32        9748.862    759048192    379524096
    11860128           64       13854.635   1518096384    759048192
    13046112            1         837.849     26092224     13046112
    13046112            2        1580.064     52184448     26092224
    13046112            4        2261.697    104368896     52184448
    13046112            8        3759.401    208737792    104368896
    13046112           16        6730.413    417475584    208737792
    13046112           32       12839.893    834951168    417475584
    13046112           64       24842.848   1669902336    834951168
    14350720            1         898.270     28701440     14350720
    14350720            2        1772.235     57402880     28701440
    14350720            4        2691.412    114805760     57402880
    14350720            8        4338.117    229611520    114805760
    14350720           16        7822.928    459223040    229611520
    14350720           32       14742.166    918446080    459223040
    14350720           64       28547.181   1836892160    918446080
    15785792            1        1003.471     31571584     15785792
    15785792            2        1949.979     63143168     31571584
    15785792            4        2985.869    126286336     63143168
    15785792            8        4994.225    252572672    126286336
    15785792           16        9072.438    505145344    252572672
    15785792           32       17201.073   1010290688    505145344
    15785792           64       33308.911   2020581376   1010290688
    17364352            1        1103.744     34728704     17364352
    17364352            2        2175.380     69457408     34728704
    17364352            4        3259.629    138914816     69457408
    17364352            8        5587.939    277829632    138914816
    17364352           16       10065.971    555659264    277829632
    17364352           32       19103.325   1111318528    555659264
    19100768            1        1214.867     38201536     19100768
    19100768            2        2442.688     76403072     38201536
    19100768            4        3628.332    152806144     76403072
    19100768            8        6075.498    305612288    152806144
    19100768           16       11024.661    611224576    305612288
    19100768           32       21134.562   1222449152    611224576
    21010816            1        1331.020     42021632     21010816
    21010816            2        2655.437     84043264     42021632
    21010816            4        4005.470    168086528     84043264
    21010816            8        6680.483    336173056    168086528
    21010816           16       12093.852    672346112    336173056
    21010816           32       22909.231   1344692224    672346112
    23111872            1        1496.802     46223744     23111872
    23111872            2        2884.735     92447488     46223744
    23111872            4        4387.047    184894976     92447488
    23111872            8        7345.947    369789952    184894976
    23111872           16       13270.770    739579904    369789952
    23111872           32       25216.753   1479159808    739579904
    25423040            1        1609.368     50846080     25423040
    25423040            2        3226.799    101692160     50846080
    25423040            4        4834.864    203384320    101692160
    25423040            8        8104.501    406768640    203384320
    25423040           16       14695.731    813537280    406768640
    25423040           32       27851.782   1627074560    813537280
    27965344            1        1772.465     55930688     27965344
    27965344            2        3517.089    111861376     55930688
    27965344            4        5318.336    223722752    111861376
    27965344            8        8985.189    447445504    223722752
    27965344           16       16155.044    894891008    447445504
    27965344           32       30648.096   1789782016    894891008
    30761856            1        1915.255     61523712     30761856
    30761856            2        3879.571    123047424     61523712
    30761856            4        5851.510    246094848    123047424
    30761856            8        9877.148    492189696    246094848
    30761856           16       17807.792    984379392    492189696
    30761856           32       33665.325   1968758784    984379392
    33838016            1        2137.812     67676032     33838016
    33838016            2        4258.713    135352064     67676032
    33838016            4        6476.781    270704128    135352064
    33838016            8       10833.673    541408256    270704128
    33838016           16       19458.796   1082816512    541408256
    37221792            1        2325.234     74443584     37221792
    37221792            2        4681.174    148887168     74443584
    37221792            4        7048.545    297774336    148887168
    37221792            8       11882.558    595548672    297774336
    37221792           16       21436.134   1191097344    595548672
    40943968            1        2558.279     81887936     40943968
    40943968            2        5098.946    163775872     81887936
    40943968            4        7707.348    327551744    163775872
    40943968            8       12902.359    655103488    327551744
    40943968           16       23576.792   1310206976    655103488
    45038336            1        2813.585     90076672     45038336
    45038336            2        5657.866    180153344     90076672
    45038336            4        8450.423    360306688    180153344
    45038336            8       14389.694    720613376    360306688
    45038336           16       25763.713   1441226752    720613376
    49542144            1        3125.755     99084288     49542144
    49542144            2        6220.063    198168576     99084288
    49542144            4        9333.846    396337152    198168576
    49542144            8       15662.216    792674304    396337152
    49542144           16       28300.232   1585348608    792674304
    54496352            1        3428.398    108992704     54496352
    54496352            2        6815.309    217985408    108992704
    54496352            4       10234.890    435970816    217985408
    54496352            8       17097.325    871941632    435970816
    54496352           16       30962.772   1743883264    871941632
    59945984            1        3688.311    119891968     59945984
    59945984            2        7441.612    239783936    119891968
    59945984            4       11259.751    479567872    239783936
    59945984            8       18909.182    959135744    479567872
    59945984           16       34459.184   1918271488    959135744
    65940576            1        4089.955    131881152     65940576
    65940576            2        8179.580    263762304    131881152
    65940576            4       12456.576    527524608    263762304
    65940576            8       20824.540   1055049216    527524608
    65940576           16       37575.304   2110098432   1055049216
    72534624            1        4503.620    145069248     72534624
    72534624            2        9040.481    290138496    145069248
    72534624            4       13691.260    580276992    290138496
    72534624            8       22919.623   1160553984    580276992
    79788064            1        4994.436    159576128     79788064
    79788064            2       10085.067    319152256    159576128
    79788064            4       15013.713    638304512    319152256
    79788064            8       25304.326   1276609024    638304512
    87766848            1        5562.683    175533696     87766848
    87766848            2       11119.986    351067392    175533696
    87766848            4       16552.913    702134784    351067392
    87766848            8       27872.454   1404269568    702134784
    96543520            1        6018.555    193087040     96543520
    96543520            2       12093.002    386174080    193087040
    96543520            4       18153.514    772348160    386174080
    96543520            8       30562.053   1544696320    772348160
   106197856            1        6604.735    212395712    106197856
   106197856            2       13229.918    424791424    212395712
   106197856            4       19992.962    849582848    424791424
   106197856            8       33637.837   1699165696    849582848
   116817632            1        7334.888    233635264    116817632
   116817632            2       14649.288    467270528    233635264
   116817632            4       22079.531    934541056    467270528
   116817632            8       37043.102   1869082112    934541056
   128499392            1        8034.416    256998784    128499392
   128499392            2       16058.802    513997568    256998784
   128499392            4       24394.637   1027995136    513997568
   128499392            8       40961.798   2055990272   1027995136
   141349312            1        8971.766    282698624    141349312
   141349312            2       17638.345    565397248    282698624
   141349312            4       26779.080   1130794496    565397248
   155484224            1        9719.181    310968448    155484224
   155484224            2       19425.999    621936896    310968448
   155484224            4       29382.922   1243873792    621936896
   171032640            1       10714.207    342065280    171032640
   171032640            2       21402.847    684130560    342065280
   171032640            4       32785.264   1368261120    684130560
   188135904            1       11799.007    376271808    188135904
   188135904            2       23786.698    752543616    376271808
   188135904            4       35519.134   1505087232    752543616
   206949472            1       12934.179    413898944    206949472
   206949472            2       25803.329    827797888    413898944
   206949472            4       39262.296   1655595776    827797888
   227644416            1       14266.510    455288832    227644416
   227644416            2       28485.185    910577664    455288832
   227644416            4       42980.162   1821155328    910577664
   250408832            1       15693.968    500817664    250408832
   250408832            2       31298.251   1001635328    500817664
   250408832            4       47417.055   2003270656   1001635328
   275449696            1       17169.591    550899392    275449696
   275449696            2       34344.261   1101798784    550899392
   302994656            1       18905.530    605989312    302994656
   302994656            2       37740.560   1211978624    605989312
   333294112            1       20794.809    666588224    333294112
   333294112            2       41594.876   1333176448    666588224
   366623520            1       22909.318    733247040    366623520
   366623520            2       45711.170   1466494080    733247040
   403285856            1       25149.207    806571712    403285856
   403285856            2       50234.688   1613143424    806571712
   443614432            1       27700.604    887228864    443614432
   443614432            2       55243.220   1774457728    887228864
   487975872            1       30339.082    975951744    487975872
   487975872            2       60740.118   1951903488    975951744
   536773440            1       33330.984   1073546880    536773440
   536773440            2       66472.111   2147093760   1073546880
   590450784            1       36705.895   1180901568    590450784
   649495840            1       40223.026   1298991680    649495840
   714445408            1       44398.056   1428890816    714445408
   785889920            1       48826.461   1571779840    785889920
   864478912            1       53732.346   1728957824    864478912
   950926784            1       58794.466   1901853568    950926784
  1046019456            1       64863.590   2092038912   1046019456

META_DATA
FLOPS          8
OPENMP_THREADS 4
ERT_VERSION  1.1.0
HOSTNAME  ('cachyos-laptop', [], ['127.0.1.1'])
UNAME  uname_result(system='Linux', node='cachyos-laptop', release='6.18.0-2-cachyos', version='#1 SMP PREEMPT_DYNAMIC Sat, 06 Dec 2025 07:42:36 +0000', machine='x86_64')
TIMESTAMP_DATA  1765908546.1303217
CONFIG  {'ERT_MPI': ['False'], 'ERT_OPENMP': ['True'], 'ERT_OPENMP_CFLAGS': ['-fopenmp'], 'ERT_OPENMP_LDFLAGS': ['-fopenmp'], 'ERT_PRECISION': ['FP64'], 'ERT_TRIALS_MIN': ['1'], 'ERT_TRIALS': ['3', '#', 'Run', 'each', 'test', '3', 'times', 'to', 'filter', 'out', 'background', 'noise'], 'ERT_RESULTS': ['Results/5500U'], 'ERT_GNUPLOT': ['gnuplot'], 'ERT_DRIVER': ['driver1'], 'ERT_KERNEL': ['kernel1'], 'ERT_CC': ['g++'], 'ERT_LD': ['g++'], 'ERT_CFLAGS': ['-O3', '-march=native', '-fopenmp', '-fstrict-aliasing', '-funroll-loops', '-Wno-all'], 'ERT_LDFLAGS': ['-O3', '-march=native', '-fopenmp'], 'ERT_LDLIBS': ['-lm'], 'ERT_RUN': ['export', 'OMP_NUM_THREADS=ERT_OPENMP_THREADS;', './ERT_CODE'], 'ERT_WORKING_SET_MIN': ['128'], 'ERT_MEMORY_MAX': ['1073741824'], 'ERT_ALIGN': ['64'], 'ERT_MIN_PROCS': ['1'], 'ERT_MAX_PROCS': ['1'], 'ERT_OPENMP_THREADS': ['1,2,4,8,12', '#', 'Logical', 'Threads'], 'ERT_NUM_EXPERIMENTS': ['5'], 'ERT_FLOPS': ['1,2,4,8'], 'ERT_GPU': [False], 'ERT_HIP': [False], 'ERT_OCL': [False], 'ERT_SYCL': [False], 'ERT_WSS_MULT': [1.1]}
