fp64
        4096            1           1.040         8192         4096
        4096            2           0.710        16384         8192
        4096            4           0.900        32768        16384
        4096            8           1.110        65536        32768
        4096           16           1.570       131072        65536
        4096           32           2.500       262144       131072
        4096           64           4.360       524288       262144
        4096          128           8.190      1048576       524288
        4096          256          15.600      2097152      1048576
        4096          512          22.470      4194304      2097152
        4096         1024          45.090      8388608      4194304
        4096         2048          88.570     16777216      8388608
        4096         4096         177.000     33554432     16777216
        4096         8192         357.751     67108864     33554432
        4096        16384         707.190    134217728     67108864
        4096        32768        1414.371    268435456    134217728
        4096        65536        2823.362    536870912    268435456
        4096       131072        5652.025   1073741824    536870912
        4096       262144       11312.359   2147483648   1073741824
        4480            1           1.380         8960         4480
        4480            2           0.650        17920         8960
        4480            4           0.680        35840        17920
        4480            8           0.870        71680        35840
        4480           16           1.220       143360        71680
        4480           32           1.940       286720       143360
        4480           64           3.460       573440       286720
        4480          128           6.530      1146880       573440
        4480          256          12.480      2293760      1146880
        4480          512          24.580      4587520      2293760
        4480         1024          48.450      9175040      4587520
        4480         2048          97.170     18350080      9175040
        4480         4096         202.430     36700160     18350080
        4480         8192         387.370     73400320     36700160
        4480        16384         775.501    146800640     73400320
        4480        32768        1550.311    293601280    146800640
        4480        65536        3094.093    587202560    293601280
        4480       131072        6191.005   1174405120    587202560
        4928            1          14.430         9856         4928
        4928            2           0.700        19712         9856
        4928            4           0.720        39424        19712
        4928            8           0.940        78848        39424
        4928           16           1.340       157696        78848
        4928           32           2.170       315392       157696
        4928           64           3.820       630784       315392
        4928          128           7.140      1261568       630784
        4928          256          13.710      2523136      1261568
        4928          512          27.000      5046272      2523136
        4928         1024          53.410     10092544      5046272
        4928         2048         106.560     20185088     10092544
        4928         4096         220.871     40370176     20185088
        4928         8192         425.020     80740352     40370176
        4928        16384         852.261    161480704     80740352
        4928        32768        1704.251    322961408    161480704
        4928        65536        3405.523    645922816    322961408
        4928       131072        6816.975   1291845632    645922816
        5408            1          10.000        10816         5408
        5408            2           0.680        21632        10816
        5408            4           0.710        43264        21632
        5408            8           0.950        86528        43264
        5408           16           1.380       173056        86528
        5408           32           2.310       346112       173056
        5408           64           4.150       692224       346112
        5408          128           7.780      1384448       692224
        5408          256          15.100      2768896      1384448
        5408          512          38.670      5537792      2768896
        5408         1024          67.700     11075584      5537792
        5408         2048         117.510     22151168     11075584
        5408         4096         234.550     44302336     22151168
        5408         8192         468.501     88604672     44302336
        5408        16384         939.841    177209344     88604672
        5408        32768        1878.901    354418688    177209344
        5408        65536        3756.573    708837376    354418688
        5408       131072        7733.806   1417674752    708837376
        5920            1           1.910        11840         5920
        5920            2           0.610        23680        11840
        5920            4           0.740        47360        23680
        5920            8           0.960        94720        47360
        5920           16           1.460       189440        94720
        5920           32           2.450       378880       189440
        5920           64           4.440       757760       378880
        5920          128           8.440      1515520       757760
        5920          256          16.500      3031040      1515520
        5920          512          33.000      6062080      3031040
        5920         1024          64.480     12124160      6062080
        5920         2048         138.010     24248320     12124160
        5920         4096         256.980     48496640     24248320
        5920         8192         513.451     96993280     48496640
        5920        16384        1031.011    193986560     96993280
        5920        32768        2062.381    387973120    193986560
        5920        65536        4123.724    775946240    387973120
        5920       131072        8239.336   1551892480    775946240
        6496            1           0.940        12992         6496
        6496            2           0.630        25984        12992
        6496            4           0.750        51968        25984
        6496            8           1.020       103936        51968
        6496           16           1.570       207872       103936
        6496           32           2.640       415744       207872
        6496           64           4.860       831488       415744
        6496          128           9.240      1662976       831488
        6496          256          17.990      3325952      1662976
        6496          512          35.720      6651904      3325952
        6496         1024          70.870     13303808      6651904
        6496         2048         141.350     26607616     13303808
        6496         4096         282.210     53215232     26607616
        6496         8192         566.641    106430464     53215232
        6496        16384        1129.721    212860928    106430464
        6496        32768        2258.741    425721856    212860928
        6496        65536        4509.794    851443712    425721856
        6496       131072        9022.837   1702887424    851443712
        7136            1          15.350        14272         7136
        7136            2           0.630        28544        14272
        7136            4           0.870        57088        28544
        7136            8           1.060       114176        57088
        7136           16           1.670       228352       114176
        7136           32           2.910       456704       228352
        7136           64           5.340       913408       456704
        7136          128          10.130      1826816       913408
        7136          256          19.940      3653632      1826816
        7136          512          39.100      7307264      3653632
        7136         1024          77.800     14614528      7307264
        7136         2048         163.920     29229056     14614528
        7136         4096         309.701     58458112     29229056
        7136         8192         622.110    116916224     58458112
        7136        16384        1238.641    233832448    116916224
        7136        32768        2477.532    467664896    233832448
        7136        65536        4959.944    935329792    467664896
        7136       131072        9914.888   1870659584    935329792
        7840            1           1.870        15680         7840
        7840            2           0.600        31360        15680
        7840            4           0.820        62720        31360
        7840            8           1.200       125440        62720
        7840           16           1.780       250880       125440
        7840           32           3.120       501760       250880
        7840           64           5.750      1003520       501760
        7840          128          11.110      2007040      1003520
        7840          256          21.720      4014080      2007040
        7840          512          42.900      8028160      4014080
        7840         1024          85.300     16056320      8028160
        7840         2048         170.100     32112640     16056320
        7840         4096         339.720     64225280     32112640
        7840         8192         685.111    128450560     64225280
        7840        16384        1360.721    256901120    128450560
        7840        32768        2723.612    513802240    256901120
        7840        65536        5447.454   1027604480    513802240
        7840       131072       10929.279   2055208960   1027604480
        8608            1           1.500        17216         8608
        8608            2           0.840        34432        17216
        8608            4           0.840        68864        34432
        8608            8           1.170       137728        68864
        8608           16           1.910       275456       137728
        8608           32           3.370       550912       275456
        8608           64           6.410      1101824       550912
        8608          128          12.130      2203648      1101824
        8608          256          23.720      4407296      2203648
        8608          512          47.050      8814592      4407296
        8608         1024          93.410     17629184      8814592
        8608         2048         212.870     35258368     17629184
        8608         4096         371.741     70516736     35258368
        8608         8192         746.380    141033472     70516736
        8608        16384        1488.871    282066944    141033472
        8608        32768        2979.173    564133888    282066944
        8608        65536        5957.545   1128267776    564133888
        9440            1           9.110        18880         9440
        9440            2           0.690        37760        18880
        9440            4           0.870        75520        37760
        9440            8           1.270       151040        75520
        9440           16           2.100       302080       151040
        9440           32           3.690       604160       302080
        9440           64           6.870      1208320       604160
        9440          128          13.270      2416640      1208320
        9440          256          25.970      4833280      2416640
        9440          512          51.660      9666560      4833280
        9440         1024         102.590     19333120      9666560
        9440         2048         205.030     38666240     19333120
        9440         4096         416.091     77332480     38666240
        9440         8192         818.520    154664960     77332480
        9440        16384        1642.062    309329920    154664960
        9440        32768        3276.742    618659840    309329920
        9440        65536        6554.936   1237319680    618659840
       10368            1          13.540        20736        10368
       10368            2           0.790        41472        20736
       10368            4           0.970        82944        41472
       10368            8           1.410       165888        82944
       10368           16           2.260       331776       165888
       10368           32           4.020       663552       331776
       10368           64           7.450      1327104       663552
       10368          128          14.420      2654208      1327104
       10368          256          28.450      5308416      2654208
       10368          512          56.290     10616832      5308416
       10368         1024         112.090     21233664     10616832
       10368         2048         223.810     42467328     21233664
       10368         4096         453.500     84934656     42467328
       10368         8192         895.211    169869312     84934656
       10368        16384        1794.811    339738624    169869312
       10368        32768        3597.303    679477248    339738624
       10368        65536        7159.076   1358954496    679477248
       11392            1           2.650        22784        11392
       11392            2           0.720        45568        22784
       11392            4           0.990        91136        45568
       11392            8           1.470       182272        91136
       11392           16           2.400       364544       182272
       11392           32           4.300       729088       364544
       11392           64           8.160      1458176       729088
       11392          128          16.210      2916352      1458176
       11392          256          31.040      5832704      2916352
       11392          512          61.900     11665408      5832704
       11392         1024         123.180     23330816     11665408
       11392         2048         245.510     46661632     23330816
       11392         4096         494.290     93323264     46661632
       11392         8192         985.851    186646528     93323264
       11392        16384        1966.182    373293056    186646528
       11392        32768        3934.373    746586112    373293056
       11392        65536        7869.486   1493172224    746586112
       12512            1           1.030        25024        12512
       12512            2           0.740        50048        25024
       12512            4           1.050       100096        50048
       12512            8           1.540       200192       100096
       12512           16           2.580       400384       200192
       12512           32           4.660       800768       400384
       12512           64           8.990      1601536       800768
       12512          128          17.770      3203072      1601536
       12512          256          34.370      6406144      3203072
       12512          512          68.240     12812288      6406144
       12512         1024         135.910     25624576     12812288
       12512         2048         271.210     51249152     25624576
       12512         4096         550.551    102498304     51249152
       12512         8192        1086.911    204996608    102498304
       12512        16384        2172.581    409993216    204996608
       12512        32768        4349.414    819986432    409993216
       12512        65536        8687.557   1639972864    819986432
       13760            1           3.300        27520        13760
       13760            2           0.800        55040        27520
       13760            4           1.080       110080        55040
       13760            8           1.630       220160       110080
       13760           16           2.770       440320       220160
       13760           32           5.080       880640       440320
       13760           64           9.780      1761280       880640
       13760          128          19.041      3522560      1761280
       13760          256          37.470      7045120      3522560
       13760          512          74.580     14090240      7045120
       13760         1024         148.690     28180480     14090240
       13760         2048         305.650     56360960     28180480
       13760         4096         593.190    112721920     56360960
       13760         8192        1189.422    225443840    112721920
       13760        16384        2380.881    450887680    225443840
       13760        32768        4755.134    901775360    450887680
       13760        65536        9515.918   1803550720    901775360
       15136            1           1.040        30272        15136
       15136            2           1.030        60544        30272
       15136            4           1.450       121088        60544
       15136            8           2.350       242176       121088
       15136           16           4.080       484352       242176
       15136           32           7.610       968704       484352
       15136           64          14.530      1937408       968704
       15136          128          20.870      3874816      1937408
       15136          256          41.270      7749632      3874816
       15136          512          81.991     15499264      7749632
       15136         1024         163.850     30998528     15499264
       15136         2048         326.790     61997056     30998528
       15136         4096         657.421    123994112     61997056
       15136         8192        1307.251    247988224    123994112
       15136        16384        2623.902    495976448    247988224
       15136        32768        5232.554    991952896    495976448
       15136        65536       10461.088   1983905792    991952896
       16640            1          14.130        33280        16640
       16640            2           0.920        66560        33280
       16640            4           1.200       133120        66560
       16640            8           1.910       266240       133120
       16640           16           3.260       532480       266240
       16640           32           6.150      1064960       532480
       16640           64          11.730      2129920      1064960
       16640          128          22.850      4259840      2129920
       16640          256          45.240      8519680      4259840
       16640          512          90.250     17039360      8519680
       16640         1024         188.210     34078720     17039360
       16640         2048         357.981     68157440     34078720
       16640         4096         721.570    136314880     68157440
       16640         8192        1434.521    272629760    136314880
       16640        16384        2870.153    545259520    272629760
       16640        32768        5737.164   1090519040    545259520
       18304            1           3.300        36608        18304
       18304            2           0.980        73216        36608
       18304            4           1.280       146432        73216
       18304            8           2.020       292864       146432
       18304           16           3.550       585728       292864
       18304           32           6.710      1171456       585728
       18304           64          12.850      2342912      1171456
       18304          128          25.080      4685824      2342912
       18304          256          49.780      9371648      4685824
       18304          512         107.490     18743296      9371648
       18304         1024         197.670     37486592     18743296
       18304         2048         394.791     74973184     37486592
       18304         4096         792.010    149946368     74973184
       18304         8192        1584.462    299892736    149946368
       18304        16384        3163.702    599785472    299892736
       18304        32768        6356.055   1199570944    599785472
       20128            1           2.900        40256        20128
       20128            2           0.910        80512        40256
       20128            4           1.350       161024        80512
       20128            8           2.220       322048       161024
       20128           16           3.870       644096       322048
       20128           32           7.290      1288192       644096
       20128           64          14.040      2576384      1288192
       20128          128          27.630      5152768      2576384
       20128          256          54.750     10305536      5152768
       20128          512         108.970     20611072     10305536
       20128         1024         217.460     41222144     20611072
       20128         2048         443.940     82444288     41222144
       20128         4096         876.501    164888576     82444288
       20128         8192        1741.912    329777152    164888576
       20128        16384        3481.612    659554304    329777152
       20128        32768        6966.936   1319108608    659554304
       22112            1          10.021        44224        22112
       22112            2           0.950        88448        44224
       22112            4           1.430       176896        88448
       22112            8           2.330       353792       176896
       22112           16           4.270       707584       353792
       22112           32           8.390      1415168       707584
       22112           64          15.390      2830336      1415168
       22112          128          30.190      5660672      2830336
       22112          256          60.000     11321344      5660672
       22112          512         119.800     22642688     11321344
       22112         1024         248.570     45285376     22642688
       22112         2048         477.520     90570752     45285376
       22112         4096         957.801    181141504     90570752
       22112         8192        1914.802    362283008    181141504
       22112        16384        3834.283    724566016    362283008
       22112        32768        7661.926   1449132032    724566016
       24320            1           1.300        48640        24320
       24320            2           1.000        97280        48640
       24320            4           1.510       194560        97280
       24320            8           2.570       389120       194560
       24320           16           4.590       778240       389120
       24320           32           8.700      1556480       778240
       24320           64          16.920      3112960      1556480
       24320          128          33.400      6225920      3112960
       24320          256          65.980     12451840      6225920
       24320          512         131.490     24903680     12451840
       24320         1024         270.250     49807360     24903680
       24320         2048         524.610     99614720     49807360
       24320         4096        1052.201    199229440     99614720
       24320         8192        2102.392    398458880    199229440
       24320        16384        4210.233    796917760    398458880
       24320        32768        8396.577   1593835520    796917760
       26752            1          13.070        53504        26752
       26752            2           1.140       107008        53504
       26752            4           1.600       214016       107008
       26752            8           2.750       428032       214016
       26752           16           5.010       856064       428032
       26752           32           9.480      1712128       856064
       26752           64          18.520      3424256      1712128
       26752          128          36.560      6848512      3424256
       26752          256          72.500     13697024      6848512
       26752          512         144.570     27394048     13697024
       26752         1024         288.830     54788096     27394048
       26752         2048         583.261    109576192     54788096
       26752         4096        1156.811    219152384    109576192
       26752         8192        2309.581    438304768    219152384
       26752        16384        4626.624    876609536    438304768
       26752        32768        9219.228   1753219072    876609536
       29408            1           4.560        58816        29408
       29408            2           1.210       117632        58816
       29408            4           2.300       235264       117632
       29408            8           4.010       470528       235264
       29408           16           7.470       941056       470528
       29408           32          14.120      1882112       941056
       29408           64          20.360      3764224      1882112
       29408          128          39.900      7528448      3764224
       29408          256          79.770     15056896      7528448
       29408          512         159.261     30113792     15056896
       29408         1024         318.350     60227584     30113792
       29408         2048         664.090    120455168     60227584
       29408         4096        1273.251    240910336    120455168
       29408         8192        2548.002    481820672    240910336
       29408        16384        5088.354    963641344    481820672
       29408        32768       10190.019   1927282688    963641344
       32320            1           2.830        64640        32320
       32320            2           1.290       129280        64640
       32320            4           1.880       258560       129280
       32320            8           3.240       517120       258560
       32320           16           5.910      1034240       517120
       32320           32          11.370      2068480      1034240
       32320           64          22.670      4136960      2068480
       32320          128          43.890      8273920      4136960
       32320          256          87.370     16547840      8273920
       32320          512         174.351     33095680     16547840
       32320         1024         348.410     66191360     33095680
       32320         2048         702.060    132382720     66191360
       32320         4096        1403.812    264765440    132382720
       32320         8192        2789.472    529530880    264765440
       32320        16384        5583.414   1059061760    529530880
       32320        32768       11165.369   2118123520   1059061760
       35552            1          14.610        71104        35552
       35552            2           1.320       142208        71104
       35552            4           2.070       284416       142208
       35552            8           3.550       568832       284416
       35552           16           6.500      1137664       568832
       35552           32          12.510      2275328      1137664
       35552           64          24.500      4550656      2275328
       35552          128          48.470      9101312      4550656
       35552          256          96.390     18202624      9101312
       35552          512         192.220     36405248     18202624
       35552         1024         384.510     72810496     36405248
       35552         2048         774.541    145620992     72810496
       35552         4096        1541.641    291241984    145620992
       35552         8192        3080.223    582483968    291241984
       35552        16384        6157.165   1164967936    582483968
       39104            1           3.960        78208        39104
       39104            2           1.340       156416        78208
       39104            4           2.370       312832       156416
       39104            8           3.870       625664       312832
       39104           16           7.130      1251328       625664
       39104           32          13.680      2502656      1251328
       39104           64          26.860      5005312      2502656
       39104          128          53.120     10010624      5005312
       39104          256         105.681     20021248     10010624
       39104          512         210.690     40042496     20021248
       39104         1024         421.470     80084992     40042496
       39104         2048         846.471    160169984     80084992
       39104         4096        1688.891    320339968    160169984
       39104         8192        3376.883    640679936    320339968
       39104        16384        6749.675   1281359872    640679936
       43008            1           2.400        86016        43008
       43008            2           1.390       172032        86016
       43008            4           2.310       344064       172032
       43008            8           4.200       688128       344064
       43008           16           7.840      1376256       688128
       43008           32          14.940      2752512      1376256
       43008           64          29.330      5505024      2752512
       43008          128          58.530     11010048      5505024
       43008          256         115.780     22020096     11010048
       43008          512         252.481     44040192     22020096
       43008         1024         464.080     88080384     44040192
       43008         2048         927.391    176160768     88080384
       43008         4096        1855.631    352321536    176160768
       43008         8192        3732.563    704643072    352321536
       43008        16384        7415.836   1409286144    704643072
       47296            1           2.090        94592        47296
       47296            2           1.380       189184        94592
       47296            4           2.600       378368       189184
       47296            8           4.740       756736       378368
       47296           16           9.590      1513472       756736
       47296           32          18.570      3026944      1513472
       47296           64          36.870      6053888      3026944
       47296          128          74.770     12107776      6053888
       47296          256         147.910     24215552     12107776
       47296          512         298.871     48431104     24215552
       47296         1024         509.120     96862208     48431104
       47296         2048        1020.881    193724416     96862208
       47296         4096        2042.721    387448832    193724416
       47296         8192        4080.324    774897664    387448832
       47296        16384        8175.526   1549795328    774897664
       52000            1           3.580       104000        52000
       52000            2           1.740       208000       104000
       52000            4           2.730       416000       208000
       52000            8           4.910       832000       416000
       52000           16           9.290      1664000       832000
       52000           32          18.030      3328000      1664000
       52000           64          35.520      6656000      3328000
       52000          128          70.550     13312000      6656000
       52000          256         140.400     26624000     13312000
       52000          512         287.840     53248000     26624000
       52000         1024         559.751    106496000     53248000
       52000         2048        1122.471    212992000    106496000
       52000         4096        2244.881    425984000    212992000
       52000         8192        4487.614    851968000    425984000
       52000        16384        8975.667   1703936000    851968000
       57184            1          15.360       114368        57184
       57184            2           1.810       228736       114368
       57184            4           2.920       457472       228736
       57184            8          13.800       914944       457472
       57184           16          10.140      1829888       914944
       57184           32          19.680      3659776      1829888
       57184           64          38.800      7319552      3659776
       57184          128          77.490     14639104      7319552
       57184          256         154.290     29278208     14639104
       57184          512         307.431     58556416     29278208
       57184         1024         617.720    117112832     58556416
       57184         2048        1231.181    234225664    117112832
       57184         4096        2463.182    468451328    234225664
       57184         8192        4932.654    936902656    468451328
       57184        16384        9875.308   1873805312    936902656
       62880            1          11.070       125760        62880
       62880            2           1.940       251520       125760
       62880            4           3.270       503040       251520
       62880            8           5.900      1006080       503040
       62880           16          11.121      2012160      1006080
       62880           32          21.660      4024320      2012160
       62880           64          42.890      8048640      4024320
       62880          128          85.160     16097280      8048640
       62880          256         169.820     32194560     16097280
       62880          512         338.850     64389120     32194560
       62880         1024         676.631    128778240     64389120
       62880         2048        1361.591    257556480    128778240
       62880         4096        2711.722    515112960    257556480
       62880         8192        5429.314   1030225920    515112960
       62880        16384       10857.729   2060451840   1030225920
       69152            1          11.300       138304        69152
       69152            2           3.000       276608       138304
       69152            4           4.150       553216       276608
       69152            8           7.990      1106432       553216
       69152           16          14.110      2212864      1106432
       69152           32          28.740      4425728      2212864
       69152           64          54.570      8851456      4425728
       69152          128         107.570     17702912      8851456
       69152          256         226.430     35405824     17702912
       69152          512         427.330     70811648     35405824
       69152         1024         857.311    141623296     70811648
       69152         2048        1697.491    283246592    141623296
       69152         4096        3409.363    566493184    283246592
       69152         8192        6463.925   1132986368    566493184
       76064            1          10.950       152128        76064
       76064            2           2.800       304256       152128
       76064            4           4.970       608512       304256
       76064            8           9.330      1217024       608512
       76064           16          17.800      2434048      1217024
       76064           32          34.750      4868096      2434048
       76064           64          51.680      9736192      4868096
       76064          128         102.850     19472384      9736192
       76064          256         205.060     38944768     19472384
       76064          512         431.760     77889536     38944768
       76064         1024         823.661    155779072     77889536
       76064         2048        1640.641    311558144    155779072
       76064         4096        3287.423    623116288    311558144
       76064         8192        6696.225   1246232576    623116288
       83648            1           5.681       167296        83648
       83648            2           3.500       334592       167296
       83648            4           4.970       669184       334592
       83648            8           9.030      1338368       669184
       83648           16          17.300      2676736      1338368
       83648           32          33.570      5353472      2676736
       83648           64          64.060     10706944      5353472
       83648          128         131.230     21413888     10706944
       83648          256         256.870     42827776     21413888
       83648          512         521.560     85655552     42827776
       83648         1024        1038.141    171311104     85655552
       83648         2048        2083.332    342622208    171311104
       83648         4096        4148.713    685244416    342622208
       83648         8192        7290.096   1370488832    685244416
       92000            1          12.580       184000        92000
       92000            2           2.470       368000       184000
       92000            4           4.400       736000       368000
       92000            8           8.320      1472000       736000
       92000           16          16.170      2944000      1472000
       92000           32          31.470      5888000      2944000
       92000           64          62.340     11776000      5888000
       92000          128         124.561     23552000     11776000
       92000          256         260.010     47104000     23552000
       92000          512         512.570     94208000     47104000
       92000         1024         996.531    188416000     94208000
       92000         2048        1991.972    376832000    188416000
       92000         4096        3980.753    753664000    376832000
       92000         8192        7973.316   1507328000    753664000
      101184            1          16.570       202368       101184
      101184            2           2.690       404736       202368
      101184            4           4.870       809472       404736
      101184            8           9.110      1618944       809472
      101184           16          17.630      3237888      1618944
      101184           32          34.610      6475776      3237888
      101184           64          68.510     12951552      6475776
      101184          128         136.630     25903104     12951552
      101184          256         272.750     51806208     25903104
      101184          512         552.021    103612416     51806208
      101184         1024        1091.931    207224832    103612416
      101184         2048        2183.141    414449664    207224832
      101184         4096        4369.934    828899328    414449664
      101184         8192        8731.207   1657798656    828899328
      111296            1          20.030       222592       111296
      111296            2           3.020       445184       222592
      111296            4           5.420       890368       445184
      111296            8           9.980      1780736       890368
      111296           16          19.291      3561472      1780736
      111296           32          38.010      7122944      3561472
      111296           64          75.470     14245888      7122944
      111296          128         150.200     28491776     14245888
      111296          256         308.250     56983552     28491776
      111296          512         598.960    113967104     56983552
      111296         1024        1201.811    227934208    113967104
      111296         2048        2404.462    455868416    227934208
      111296         4096        4804.774    911736832    455868416
      111296         8192        9605.538   1823473664    911736832
      122400            1           8.080       244800       122400
      122400            2           3.150       489600       244800
      122400            4           5.770       979200       489600
      122400            8          10.880      1958400       979200
      122400           16          21.080      3916800      1958400
      122400           32          41.801      7833600      3916800
      122400           64          82.820     15667200      7833600
      122400          128         165.130     31334400     15667200
      122400          256         329.640     62668800     31334400
      122400          512         663.981    125337600     62668800
      122400         1024        1323.091    250675200    125337600
      122400         2048        2644.112    501350400    250675200
      122400         4096        5282.764   1002700800    501350400
      122400         8192       10567.249   2005401600   1002700800
      134624            1          20.350       269248       134624
      134624            2           3.520       538496       269248
      134624            4           6.270      1076992       538496
      134624            8          11.950      2153984      1076992
      134624           16          23.320      4307968      2153984
      134624           32          45.860      8615936      4307968
      134624           64          91.450     17231872      8615936
      134624          128         182.051     34463744     17231872
      134624          256         363.730     68927488     34463744
      134624          512         730.760    137854976     68927488
      134624         1024        1452.832    275709952    137854976
      134624         2048        2924.012    551419904    275709952
      134624         4096        5818.895   1102839808    551419904
      148064            1          18.250       296128       148064
      148064            2           3.890       592256       296128
      148064            4           6.940      1184512       592256
      148064            8          13.090      2369024      1184512
      148064           16          25.570      4738048      2369024
      148064           32          50.530      9476096      4738048
      148064           64         100.410     18952192      9476096
      148064          128         200.431     37904384     18952192
      148064          256         406.750     75808768     37904384
      148064          512         797.600    151617536     75808768
      148064         1024        1599.712    303235072    151617536
      148064         2048        3203.662    606470144    303235072
      148064         4096        6432.026   1212940288    606470144
      162848            1          11.560       325696       162848
      162848            2           4.100       651392       325696
      162848            4           7.480      1302784       651392
      162848            8          14.380      2605568      1302784
      162848           16          28.090      5211136      2605568
      162848           32          55.360     10422272      5211136
      162848           64         110.040     20844544     10422272
      162848          128         219.600     41689088     20844544
      162848          256         446.881     83378176     41689088
      162848          512         882.180    166756352     83378176
      162848         1024        1759.902    333512704    166756352
      162848         2048        3514.233    667025408    333512704
      162848         4096        7030.115   1334050816    667025408
      179104            1          19.250       358208       179104
      179104            2           4.420       716416       358208
      179104            4           8.270      1432832       716416
      179104            8          15.760      2865664      1432832
      179104           16          30.760      5731328      2865664
      179104           32          60.850     11462656      5731328
      179104           64         121.020     22925312     11462656
      179104          128         241.270     45850624     22925312
      179104          256         489.121     91701248     45850624
      179104          512         967.201    183402496     91701248
      179104         1024        1933.811    366804992    183402496
      179104         2048        3863.743    733609984    366804992
      179104         4096        7730.406   1467219968    733609984
      196992            1          19.930       393984       196992
      196992            2           4.810       787968       393984
      196992            4           9.030      1575936       787968
      196992            8          17.400      3151872      1575936
      196992           16          33.740      6303744      3151872
      196992           32          66.920     12607488      6303744
      196992           64         133.290     25214976     12607488
      196992          128         266.060     50429952     25214976
      196992          256         537.901    100859904     50429952
      196992          512        1064.131    201719808    100859904
      196992         1024        2128.181    403439616    201719808
      196992         2048        4259.634    806879232    403439616
      196992         4096        8497.127   1613758464    806879232
      216672            1          13.510       433344       216672
      216672            2           5.260       866688       433344
      216672            4           9.780      1733376       866688
      216672            8          19.010      3466752      1733376
      216672           16          37.140      6933504      3466752
      216672           32          82.330     13867008      6933504
      216672           64         146.640     27734016     13867008
      216672          128         292.911     55468032     27734016
      216672          256         588.690    110936064     55468032
      216672          512        1171.711    221872128    110936064
      216672         1024        2340.542    443744256    221872128
      216672         2048        4679.054    887488512    443744256
      216672         4096        9353.737   1774977024    887488512
      238336            1          13.780       476672       238336
      238336            2           5.750       953344       476672
      238336            4          10.760      1906688       953344
      238336            8          20.910      3813376      1906688
      238336           16          40.710      7626752      3813376
      238336           32          81.100     15253504      7626752
      238336           64         161.370     30507008     15253504
      238336          128         322.140     61014016     30507008
      238336          256         647.751    122028032     61014016
      238336          512        1288.791    244056064    122028032
      238336         1024        2576.432    488112128    244056064
      238336         2048        5147.284    976224256    488112128
      238336         4096       10292.798   1952448512    976224256
      262144            1          25.420       524288       262144
      262144            2           6.400      1048576       524288
      262144            4          11.820      2097152      1048576
      262144            8          22.740      4194304      2097152
      262144           16          44.870      8388608      4194304
      262144           32          88.790     16777216      8388608
      262144           64         177.340     33554432     16777216
      262144          128         360.271     67108864     33554432
      262144          256         707.450    134217728     67108864
      262144          512        1420.671    268435456    134217728
      262144         1024        2831.833    536870912    268435456
      262144         2048        5654.264   1073741824    536870912
      262144         4096       11323.609   2147483648   1073741824
      288352            1          11.390       576704       288352
      288352            2           6.930      1153408       576704
      288352            4          13.050      2306816      1153408
      288352            8          33.350      4613632      2306816
      288352           16          49.350      9227264      4613632
      288352           32          97.520     18454528      9227264
      288352           64         194.631     36909056     18454528
      288352          128         389.310     73818112     36909056
      288352          256         779.561    147636224     73818112
      288352          512        1558.341    295272448    147636224
      288352         1024        3112.412    590544896    295272448
      288352         2048        6225.095   1181089792    590544896
      317184            1          31.110       634368       317184
      317184            2           7.490      1268736       634368
      317184            4          14.180      2537472      1268736
      317184            8          27.410      5074944      2537472
      317184           16          54.410     10149888      5074944
      317184           32         107.380     20299776     10149888
      317184           64         214.620     40599552     20299776
      317184          128         428.291     81199104     40599552
      317184          256         858.770    162398208     81199104
      317184          512        1715.682    324796416    162398208
      317184         1024        3423.672    649592832    324796416
      317184         2048        6863.956   1299185664    649592832
      348896            1          28.550       697792       348896
      348896            2           8.230      1395584       697792
      348896            4          15.480      2791168      1395584
      348896            8          30.370      5582336      2791168
      348896           16          59.470     11164672      5582336
      348896           32         118.280     22329344     11164672
      348896           64         235.910     44658688     22329344
      348896          128         478.120     89317376     44658688
      348896          256         941.971    178634752     89317376
      348896          512        1887.862    357269504    178634752
      348896         1024        3769.223    714539008    357269504
      348896         2048        7519.076   1429078016    714539008
      383776            1          30.100       767552       383776
      383776            2           9.080      1535104       767552
      383776            4          17.010      3070208      1535104
      383776            8          41.900      6140416      3070208
      383776           16          65.390     12280832      6140416
      383776           32         129.810     24561664     12280832
      383776           64         258.621     49123328     24561664
      383776          128         516.620     98246656     49123328
      383776          256        1038.091    196493312     98246656
      383776          512        2069.042    392986624    196493312
      383776         1024        4138.163    785973248    392986624
      383776         2048        8275.267   1571946496    785973248
      422144            1          24.050       844288       422144
      422144            2           9.710      1688576       844288
      422144            4          18.570      3377152      1688576
      422144            8          36.260      6754304      3377152
      422144           16          72.020     13508608      6754304
      422144           32         143.000     27017216     13508608
      422144           64         285.011     54034432     27017216
      422144          128         575.120    108068864     54034432
      422144          256        1140.991    216137728    108068864
      422144          512        2271.562    432275456    216137728
      422144         1024        4566.494    864550912    432275456
      422144         2048        9118.747   1729101824    864550912
      464352            1          25.680       928704       464352
      464352            2          10.890      1857408       928704
      464352            4          20.570      3714816      1857408
      464352            8          40.150      7429632      3714816
      464352           16          79.190     14859264      7429632
      464352           32         157.160     29718528     14859264
      464352           64         313.720     59437056     29718528
      464352          128         628.381    118874112     59437056
      464352          256        1255.831    237748224    118874112
      464352          512        2506.722    475496448    237748224
      464352         1024        5012.244    950992896    475496448
      464352         2048       10030.188   1901985792    950992896
      510784            1          37.940      1021568       510784
      510784            2          11.750      2043136      1021568
      510784            4          22.530      4086272      2043136
      510784            8          44.330      8172544      4086272
      510784           16          86.821     16345088      8172544
      510784           32         183.110     32690176     16345088
      510784           64         343.980     65380352     32690176
      510784          128         689.930    130760704     65380352
      510784          256        1376.842    261521408    130760704
      510784          512        2754.462    523042816    261521408
      510784         1024        5503.504   1046085632    523042816
      510784         2048       11012.699   2092171264   1046085632
      561856            1          41.550      1123712       561856
      561856            2          12.890      2247424      1123712
      561856            4          24.670      4494848      2247424
      561856            8          48.350      8989696      4494848
      561856           16          95.340     17979392      8989696
      561856           32         189.810     35958784     17979392
      561856           64         386.730     71917568     35958784
      561856          128         755.631    143835136     71917568
      561856          256        1516.871    287670272    143835136
      561856          512        3029.052    575340544    287670272
      561856         1024        6057.705   1150681088    575340544
      618016            1          33.120      1236032       618016
      618016            2          14.160      2472064      1236032
      618016            4          27.170      4944128      2472064
      618016            8          53.100      9888256      4944128
      618016           16         104.950     19776512      9888256
      618016           32         208.450     39553024     19776512
      618016           64         416.011     79106048     39553024
      618016          128         834.470    158212096     79106048
      618016          256        1667.392    316424192    158212096
      618016          512        3330.862    632848384    316424192
      618016         1024        6662.376   1265696768    632848384
      679808            1          40.860      1359616       679808
      679808            2          15.650      2719232      1359616
      679808            4          29.940      5438464      2719232
      679808            8          67.590     10876928      5438464
      679808           16         115.390     21753856     10876928
      679808           32         230.031     43507712     21753856
      679808           64         458.620     87015424     43507712
      679808          128         918.051    174030848     87015424
      679808          256        1837.161    348061696    174030848
      679808          512        3684.313    696123392    348061696
      679808         1024        7332.896   1392246784    696123392
      747776            1          42.130      1495552       747776
      747776            2          17.030      2991104      1495552
      747776            4          32.750      5982208      2991104
      747776            8          64.430     11964416      5982208
      747776           16         126.890     23928832     11964416
      747776           32         252.910     47857664     23928832
      747776           64         512.661     95715328     47857664
      747776          128        1014.640    191430656     95715328
      747776          256        2022.592    382861312    191430656
      747776          512        4058.933    765722624    382861312
      747776         1024        8080.717   1531445248    765722624
      822528            1          55.210      1645056       822528
      822528            2          18.260      3290112      1645056
      822528            4          36.040      6580224      3290112
      822528            8          70.840     13160448      6580224
      822528           16         140.160     26320896     13160448
      822528           32         278.020     52641792     26320896
      822528           64         558.060    105283584     52641792
      822528          128        1111.991    210567168    105283584
      822528          256        2225.922    421134336    210567168
      822528          512        4432.934    842268672    421134336
      822528         1024        8882.257   1684537344    842268672
      904768            1          49.160      1809536       904768
      904768            2          20.540      3619072      1809536
      904768            4          39.380      7238144      3619072
      904768            8          77.490     14476288      7238144
      904768           16         153.481     28952576     14476288
      904768           32         305.110     57905152     28952576
      904768           64         617.000    115810304     57905152
      904768          128        1223.271    231620608    115810304
      904768          256        2439.902    463241216    231620608
      904768          512        4881.054    926482432    463241216
      904768         1024        9745.768   1852964864    926482432
      995232            1          60.091      1990464       995232
      995232            2          22.070      3980928      1990464
      995232            4          44.070      7961856      3980928
      995232            8          84.910     15923712      7961856
      995232           16         168.630     31847424     15923712
      995232           32         343.680     63694848     31847424
      995232           64         669.551    127389696     63694848
      995232          128        1344.411    254779392    127389696
      995232          256        2682.102    509558784    254779392
      995232          512        5386.234   1019117568    509558784
      995232         1024       10723.329   2038235136   1019117568
     1094752            1          69.920      2189504      1094752
     1094752            2          25.070      4379008      2189504
     1094752            4          47.491      8758016      4379008
     1094752            8          93.840     17516032      8758016
     1094752           16         185.660     35032064     17516032
     1094752           32         378.620     70064128     35032064
     1094752           64         738.651    140128256     70064128
     1094752          128        1480.601    280256512    140128256
     1094752          256        2952.112    560513024    280256512
     1094752          512        5897.375   1121026048    560513024
     1204224            1          77.230      2408448      1204224
     1204224            2          27.370      4816896      2408448
     1204224            4          52.210      9633792      4816896
     1204224            8         115.080     19267584      9633792
     1204224           16         203.700     38535168     19267584
     1204224           32         406.840     77070336     38535168
     1204224           64         816.901    154140672     77070336
     1204224          128        1630.921    308281344    154140672
     1204224          256        3255.413    616562688    308281344
     1204224          512        6488.655   1233125376    616562688
     1324640            1          84.270      2649280      1324640
     1324640            2          30.270      5298560      2649280
     1324640            4          57.150     10597120      5298560
     1324640            8         112.780     21194240     10597120
     1324640           16         238.580     42388480     21194240
     1324640           32         447.630     84776960     42388480
     1324640           64         895.161    169553920     84776960
     1324640          128        1796.582    339107840    169553920
     1324640          256        3577.883    678215680    339107840
     1324640          512        7185.605   1356431360    678215680
     1457088            1          87.620      2914176      1457088
     1457088            2          32.270      5828352      2914176
     1457088            4          62.860     11656704      5828352
     1457088            8         124.370     23313408     11656704
     1457088           16         246.760     46626816     23313408
     1457088           32         499.411     93253632     46626816
     1457088           64         984.110    186507264     93253632
     1457088          128        1970.212    373014528    186507264
     1457088          256        3929.593    746029056    373014528
     1457088          512        7855.987   1492058112    746029056
     1602784            1          99.940      3205568      1602784
     1602784            2          35.510      6411136      3205568
     1602784            4          84.000     12822272      6411136
     1602784            8         136.970     25644544     12822272
     1602784           16         286.491     51289088     25644544
     1602784           32         551.030    102578176     51289088
     1602784           64        1088.281    205156352    102578176
     1602784          128        2165.492    410312704    205156352
     1602784          256        4335.443    820625408    410312704
     1602784          512        8665.867   1641250816    820625408
     1763040            1         102.700      3526080      1763040
     1763040            2          39.880      7052160      3526080
     1763040            4          76.600     14104320      7052160
     1763040            8         150.730     28208640     14104320
     1763040           16         304.800     56417280     28208640
     1763040           32         594.811    112834560     56417280
     1763040           64        1194.530    225669120    112834560
     1763040          128        2386.172    451338240    225669120
     1763040          256        4762.214    902676480    451338240
     1763040          512        9521.498   1805352960    902676480
     1939328            1         108.411      3878656      1939328
     1939328            2          43.030      7757312      3878656
     1939328            4          84.100     15514624      7757312
     1939328            8         165.880     31029248     15514624
     1939328           16         329.110     62058496     31029248
     1939328           32         660.881    124116992     62058496
     1939328           64        1309.641    248233984    124116992
     1939328          128        2624.692    496467968    248233984
     1939328          256        5238.644    992935936    496467968
     1939328          512       10473.129   1985871872    992935936
     2133248            1         130.510      4266496      2133248
     2133248            2          51.290      8532992      4266496
     2133248            4         100.250     17065984      8532992
     2133248            8         182.070     34131968     17065984
     2133248           16         360.501     68263936     34131968
     2133248           32         724.770    136527872     68263936
     2133248           64        1441.311    273055744    136527872
     2133248          128        2884.813    546111488    273055744
     2133248          256        5767.614   1092222976    546111488
     2346560            1         136.220      4693120      2346560
     2346560            2          56.170      9386240      4693120
     2346560            4         101.780     18772480      9386240
     2346560            8         200.870     37544960     18772480
     2346560           16         398.050     75089920     37544960
     2346560           32         796.131    150179840     75089920
     2346560           64        1610.441    300359680    150179840
     2346560          128        3171.033    600719360    300359680
     2346560          256        6338.335   1201438720    600719360
     2581216            1         141.180      5162432      2581216
     2581216            2          64.600     10324864      5162432
     2581216            4         111.870     20649728     10324864
     2581216            8         220.330     41299456     20649728
     2581216           16         441.570     82598912     41299456
     2581216           32         875.461    165197824     82598912
     2581216           64        1741.432    330395648    165197824
     2581216          128        3492.152    660791296    330395648
     2581216          256        6978.566   1321582592    660791296
     2839328            1         161.111      5678656      2839328
     2839328            2          83.010     11357312      5678656
     2839328            4         127.490     22714624     11357312
     2839328            8         242.240     45429248     22714624
     2839328           16         481.230     90858496     45429248
     2839328           32         961.451    181716992     90858496
     2839328           64        1926.052    363433984    181716992
     2839328          128        3838.463    726867968    363433984
     2839328          256        7668.036   1453735936    726867968
     3123232            1         177.161      6246464      3123232
     3123232            2          80.360     12492928      6246464
     3123232            4         139.130     24985856     12492928
     3123232            8         266.480     49971712     24985856
     3123232           16         528.500     99943424     49971712
     3123232           32        1057.441    199886848     99943424
     3123232           64        2113.902    399773696    199886848
     3123232          128        4219.913    799547392    399773696
     3123232          256        8434.237   1599094784    799547392
     3435552            1         207.351      6871104      3435552
     3435552            2          88.490     13742208      6871104
     3435552            4         148.240     27484416     13742208
     3435552            8         293.930     54968832     27484416
     3435552           16         585.541    109937664     54968832
     3435552           32        1161.670    219875328    109937664
     3435552           64        2325.202    439750656    219875328
     3435552          128        4650.064    879501312    439750656
     3435552          256        9290.498   1759002624    879501312
     3779104            1         218.980      7558208      3779104
     3779104            2          95.890     15116416      7558208
     3779104            4         162.580     30232832     15116416
     3779104            8         321.891     60465664     30232832
     3779104           16         643.300    120931328     60465664
     3779104           32        1278.261    241862656    120931328
     3779104           64        2560.442    483725312    241862656
     3779104          128        5109.464    967450624    483725312
     3779104          256       10217.719   1934901248    967450624
     4156992            1         248.640      8313984      4156992
     4156992            2         104.990     16627968      8313984
     4156992            4         179.990     33255936     16627968
     4156992            8         355.311     66511872     33255936
     4156992           16         707.290    133023744     66511872
     4156992           32        1407.151    266047488    133023744
     4156992           64        2814.463    532094976    266047488
     4156992          128        5630.014   1064189952    532094976
     4156992          256       11243.189   2128379904   1064189952
     4572672            1         267.371      9145344      4572672
     4572672            2         115.210     18290688      9145344
     4572672            4         198.260     36581376     18290688
     4572672            8         390.480     73162752     36581376
     4572672           16         777.861    146325504     73162752
     4572672           32        1551.411    292651008    146325504
     4572672           64        3096.703    585302016    292651008
     4572672          128        6185.015   1170604032    585302016
     5029920            1         300.560     10059840      5029920
     5029920            2         125.660     20119680     10059840
     5029920            4         218.141     40239360     20119680
     5029920            8         427.880     80478720     40239360
     5029920           16         855.121    160957440     80478720
     5029920           32        1706.621    321914880    160957440
     5029920           64        3403.473    643829760    321914880
     5029920          128        6813.265   1287659520    643829760
     5532896            1         321.231     11065792      5532896
     5532896            2         137.430     22131584     11065792
     5532896            4         239.140     44263168     22131584
     5532896            8         472.170     88526336     44263168
     5532896           16         941.811    177052672     88526336
     5532896           32        1878.942    354105344    177052672
     5532896           64        3746.683    708210688    354105344
     5532896          128        7493.256   1416421376    708210688
     6086176            1         350.910     12172352      6086176
     6086176            2         148.880     24344704     12172352
     6086176            4         262.561     48689408     24344704
     6086176            8         522.400     97378816     48689408
     6086176           16        1034.541    194757632     97378816
     6086176           32        2061.342    389515264    194757632
     6086176           64        4117.003    779030528    389515264
     6086176          128        8230.686   1558061056    779030528
     6694784            1         386.860     13389568      6694784
     6694784            2         162.490     26779136     13389568
     6694784            4         292.440     53558272     26779136
     6694784            8         570.361    107116544     53558272
     6694784           16        1136.881    214233088    107116544
     6694784           32        2271.092    428466176    214233088
     6694784           64        4531.973    856932352    428466176
     6694784          128        9057.308   1713864704    856932352
     7364256            1         430.000     14728512      7364256
     7364256            2         177.910     29457024     14728512
     7364256            4         317.811     58914048     29457024
     7364256            8         632.070    117828096     58914048
     7364256           16        1249.581    235656192    117828096
     7364256           32        2500.052    471312384    235656192
     7364256           64        4985.774    942624768    471312384
     7364256          128        9989.568   1885249536    942624768
     8100672            1         470.371     16201344      8100672
     8100672            2         191.400     32402688     16201344
     8100672            4         354.710     64805376     32402688
     8100672            8         689.931    129610752     64805376
     8100672           16        1379.651    259221504    129610752
     8100672           32        2741.692    518443008    259221504
     8100672           64        5483.975   1036886016    518443008
     8100672          128       10954.408   2073772032   1036886016
     8910720            1         525.881     17821440      8910720
     8910720            2         217.410     35642880     17821440
     8910720            4         385.570     71285760     35642880
     8910720            8         763.951    142571520     71285760
     8910720           16        1512.761    285143040    142571520
     8910720           32        3022.483    570286080    285143040
     8910720           64        6034.455   1140572160    570286080
     9801792            1         568.590     19603584      9801792
     9801792            2         230.870     39207168     19603584
     9801792            4         425.931     78414336     39207168
     9801792            8         836.280    156828672     78414336
     9801792           16        1669.202    313657344    156828672
     9801792           32        3320.972    627314688    313657344
     9801792           64        6636.286   1254629376    627314688
    10781952            1         631.530     21563904     10781952
    10781952            2         250.890     43127808     21563904
    10781952            4         465.091     86255616     43127808
    10781952            8         923.561    172511232     86255616
    10781952           16        1837.411    345022464    172511232
    10781952           32        3658.773    690044928    345022464
    10781952           64        7298.246   1380089856    690044928
    11860128            1         706.230     23720256     11860128
    11860128            2         277.501     47440512     23720256
    11860128            4         514.410     94881024     47440512
    11860128            8        1018.771    189762048     94881024
    11860128           16        2019.092    379524096    189762048
    11860128           32        4044.343    759048192    379524096
    11860128           64        8055.686   1518096384    759048192
    13046112            1         755.581     26092224     13046112
    13046112            2         323.400     52184448     26092224
    13046112            4         569.561    104368896     52184448
    13046112            8        1129.971    208737792    104368896
    13046112           16        2243.981    417475584    208737792
    13046112           32        4465.164    834951168    417475584
    13046112           64        8926.947   1669902336    834951168
    14350720            1         849.261     28701440     14350720
    14350720            2         370.580     57402880     28701440
    14350720            4         649.171    114805760     57402880
    14350720            8        1267.131    229611520    114805760
    14350720           16        2518.972    459223040    229611520
    14350720           32        4969.954    918446080    459223040
    14350720           64        9941.838   1836892160    918446080
    15785792            1         925.620     31571584     15785792
    15785792            2         497.951     63143168     31571584
    15785792            4         790.100    126286336     63143168
    15785792            8        1513.902    252572672    126286336
    15785792           16        2882.502    505145344    252572672
    15785792           32        5757.605   1010290688    505145344
    15785792           64       11331.029   2020581376   1010290688
    17364352            1        1026.871     34728704     17364352
    17364352            2         760.990     69457408     34728704
    17364352            4        1137.671    138914816     69457408
    17364352            8        2033.772    277829632    138914816
    17364352           16        3812.943    555659264    277829632
    17364352           32        7399.646   1111318528    555659264
    19100768            1        1098.891     38201536     19100768
    19100768            2        1268.661     76403072     38201536
    19100768            4        1627.661    152806144     76403072
    19100768            8        2794.472    305612288    152806144
    19100768           16        5271.314    611224576    305612288
    19100768           32        9997.768   1222449152    611224576
    21010816            1        1234.721     42021632     21010816
    21010816            2        1986.451     84043264     42021632
    21010816            4        2636.892    168086528     84043264
    21010816            8        4120.704    336173056    168086528
    21010816           16        7182.845    672346112    336173056
    21010816           32       13621.611   1344692224    672346112
    23111872            1        1362.822     46223744     23111872
    23111872            2        2518.772     92447488     46223744
    23111872            4        3617.343    184894976     92447488
    23111872            8        5769.234    369789952    184894976
    23111872           16       10164.748    739579904    369789952
    23111872           32       18951.996   1479159808    739579904
    25423040            1        1501.941     50846080     25423040
    25423040            2        2910.883    101692160     50846080
    25423040            4        4354.283    203384320    101692160
    25423040            8        7099.826    406768640    203384320
    25423040           16       12745.810    813537280    406768640
    25423040           32       23845.600   1627074560    813537280
    27965344            1        1619.941     55930688     27965344
    27965344            2        3254.333    111861376     55930688
    27965344            4        4887.374    223722752    111861376
    27965344            8        8123.156    447445504    223722752
    27965344           16       14635.242    894891008    447445504
    27965344           32       27560.143   1789782016    894891008
    30761856            1        1790.851     61523712     30761856
    30761856            2        3583.223    123047424     61523712
    30761856            4        5379.325    246094848    123047424
    30761856            8        9004.287    492189696    246094848
    30761856           16       16249.143    984379392    492189696
    30761856           32       30702.445   1968758784    984379392
    33838016            1        1962.911     67676032     33838016
    33838016            2        3952.073    135352064     67676032
    33838016            4        5955.855    270704128    135352064
    33838016            8        9919.358    541408256    270704128
    33838016           16       17910.645   1082816512    541408256
    37221792            1        2219.881     74443584     37221792
    37221792            2        4602.484    148887168     74443584
    37221792            4        6805.196    297774336    148887168
    37221792            8       11360.399    595548672    297774336
    37221792           16       20667.277   1191097344    595548672
    40943968            1        2491.722     81887936     40943968
    40943968            2        4950.084    163775872     81887936
    40943968            4        7477.726    327551744    163775872
    40943968            8       12579.710    655103488    327551744
    40943968           16       22088.828   1310206976    655103488
    45038336            1        2821.153     90076672     45038336
    45038336            2        5260.714    180153344     90076672
    45038336            4        8013.996    360306688    180153344
    45038336            8       13292.331    720613376    360306688
    45038336           16       23857.019   1441226752    720613376
    49542144            1        2899.072     99084288     49542144
    49542144            2        5785.345    198168576     99084288
    49542144            4        8724.867    396337152    198168576
    49542144            8       14661.272    792674304    396337152
    49542144           16       26239.581   1585348608    792674304
    54496352            1        3180.343    108992704     54496352
    54496352            2        6370.715    217985408    108992704
    54496352            4        9582.888    435970816    217985408
    54496352            8       16011.293    871941632    435970816
    54496352           16       28752.073   1743883264    871941632
    59945984            1        3491.183    119891968     59945984
    59945984            2        7003.335    239783936    119891968
    59945984            4       10573.879    479567872    239783936
    59945984            8       17576.494    959135744    479567872
    59945984           16       31817.306   1918271488    959135744
    65940576            1        3856.623    131881152     65940576
    65940576            2        7719.276    263762304    131881152
    65940576            4       11571.540    527524608    263762304
    65940576            8       19360.136   1055049216    527524608
    65940576           16       34866.558   2110098432   1055049216
    72534624            1        4212.154    145069248     72534624
    72534624            2        8505.657    290138496    145069248
    72534624            4       12755.660    580276992    290138496
    72534624            8       21415.407   1160553984    580276992
    79788064            1        4641.993    159576128     79788064
    79788064            2        9346.947    319152256    159576128
    79788064            4       14029.931    638304512    319152256
    79788064            8       23422.009   1276609024    638304512
    87766848            1        5124.324    175533696     87766848
    87766848            2       10265.288    351067392    175533696
    87766848            4       15436.453    702134784    351067392
    87766848            8       25823.861   1404269568    702134784
    96543520            1        5636.505    193087040     96543520
    96543520            2       11315.479    386174080    193087040
    96543520            4       16972.684    772348160    386174080
    96543520            8       28395.963   1544696320    772348160
   106197856            1        6210.715    212395712    106197856
   106197856            2       12434.670    424791424    212395712
   106197856            4       18689.935    849582848    424791424
   106197856            8       31150.416   1699165696    849582848
   116817632            1        6839.936    233635264    116817632
   116817632            2       13640.351    467270528    233635264
   116817632            4       20513.596    934541056    467270528
   116817632            8       34308.798   1869082112    934541056
   128499392            1        7517.706    256998784    128499392
   128499392            2       15021.172    513997568    256998784
   128499392            4       22604.608   1027995136    513997568
   128499392            8       37758.111   2055990272   1027995136
   141349312            1        8256.487    282698624    141349312
   141349312            2       16522.933    565397248    282698624
   141349312            4       24912.990   1130794496    565397248
   155484224            1        9092.767    310968448    155484224
   155484224            2       18210.335    621936896    310968448
   155484224            4       27412.132   1243873792    621936896
   171032640            1        9988.418    342065280    171032640
   171032640            2       20035.806    684130560    342065280
   171032640            4       30085.724   1368261120    684130560
   188135904            1       10948.309    376271808    188135904
   188135904            2       22071.698    752543616    376271808
   188135904            4       33086.066   1505087232    752543616
   206949472            1       12055.760    413898944    206949472
   206949472            2       24187.559    827797888    413898944
   206949472            4       36445.940   1655595776    827797888
   227644416            1       13303.461    455288832    227644416
   227644416            2       26598.552    910577664    455288832
   227644416            4       40060.562   1821155328    910577664
   250408832            1       14615.461    500817664    250408832
   250408832            2       29268.044   1001635328    500817664
   250408832            4       44017.346   2003270656   1001635328
   275449696            1       16127.053    550899392    275449696
   275449696            2       32208.146   1101798784    550899392
   302994656            1       17715.884    605989312    302994656
   302994656            2       35447.789   1211978624    605989312
   333294112            1       19465.456    666588224    333294112
   333294112            2       39021.202   1333176448    666588224
   366623520            1       21442.418    733247040    366623520
   366623520            2       42843.834   1466494080    733247040
   403285856            1       23573.369    806571712    403285856
   403285856            2       47124.588   1613143424    806571712
   443614432            1       26016.601    887228864    443614432
   443614432            2       51918.392   1774457728    887228864
   487975872            1       28598.513    975951744    487975872
   487975872            2       57091.606   1951903488    975951744
   536773440            1       31365.325   1073546880    536773440
   536773440            2       62799.631   2147093760   1073546880
   590450784            1       34520.678   1180901568    590450784
   649495840            1       38249.981   1298991680    649495840
   714445408            1       42593.325   1428890816    714445408
   785889920            1       45866.197   1571779840    785889920
   864478912            1       50539.841   1728957824    864478912
   950926784            1       55614.995   1901853568    950926784
  1046019456            1       61163.749   2092038912   1046019456

META_DATA
FLOPS          8
OPENMP_THREADS 4
ERT_VERSION  1.1.0
HOSTNAME  ('pve.fritz.box', ['pve'], ['192.168.188.21'])
UNAME  uname_result(system='Linux', node='pve', release='6.14.8-2-pve', version='#1 SMP PREEMPT_DYNAMIC PMX 6.14.8-2 (2025-07-22T10:04Z)', machine='x86_64')
TIMESTAMP_DATA  1765907465.4214046
CONFIG  {'ERT_MPI': ['False'], 'ERT_OPENMP': ['True'], 'ERT_OPENMP_CFLAGS': ['-fopenmp'], 'ERT_OPENMP_LDFLAGS': ['-fopenmp'], 'ERT_PRECISION': ['FP64'], 'ERT_TRIALS_MIN': ['1'], 'ERT_TRIALS': ['3', '#', 'Run', 'each', 'test', '3', 'times', 'to', 'filter', 'out', 'background', 'noise'], 'ERT_RESULTS': ['Results/1600X'], 'ERT_GNUPLOT': ['gnuplot'], 'ERT_DRIVER': ['driver1'], 'ERT_KERNEL': ['kernel1'], 'ERT_CC': ['g++'], 'ERT_LD': ['g++'], 'ERT_CFLAGS': ['-O3', '-march=native', '-fopenmp', '-fstrict-aliasing', '-funroll-loops', '-Wno-all'], 'ERT_LDFLAGS': ['-O3', '-march=native', '-fopenmp'], 'ERT_LDLIBS': ['-lm'], 'ERT_RUN': ['export', 'OMP_NUM_THREADS=ERT_OPENMP_THREADS;', './ERT_CODE'], 'ERT_WORKING_SET_MIN': ['128'], 'ERT_MEMORY_MAX': ['1073741824'], 'ERT_ALIGN': ['64'], 'ERT_MIN_PROCS': ['1'], 'ERT_MAX_PROCS': ['1'], 'ERT_OPENMP_THREADS': ['1,2,4,8,12', '#', 'Logical', 'Threads'], 'ERT_NUM_EXPERIMENTS': ['5'], 'ERT_FLOPS': ['1,2,4,8'], 'ERT_GPU': [False], 'ERT_HIP': [False], 'ERT_OCL': [False], 'ERT_SYCL': [False], 'ERT_WSS_MULT': [1.1]}
