fp64
        4096            1           0.950         8192         4096
        4096            2           0.610        16384         8192
        4096            4           0.700        32768        16384
        4096            8           0.970        65536        32768
        4096           16           1.220       131072        65536
        4096           32           1.950       262144       131072
        4096           64           3.490       524288       262144
        4096          128           6.510      1048576       524288
        4096          256          12.730      2097152      1048576
        4096          512          25.020      4194304      2097152
        4096         1024          49.940      8388608      4194304
        4096         2048          99.380     16777216      8388608
        4096         4096         198.580     33554432     16777216
        4096         8192         360.371     67108864     33554432
        4096        16384         716.520    134217728     67108864
        4096        32768        1417.561    268435456    134217728
        4096        65536        3039.773    536870912    268435456
        4096       131072        5937.904   1073741824    536870912
        4096       262144       12157.890   2147483648   1073741824
        4480            1           1.250         8960         4480
        4480            2           0.570        17920         8960
        4480            4           0.720        35840        17920
        4480            8           0.900        71680        35840
        4480           16           1.260       143360        71680
        4480           32           2.010       286720       143360
        4480           64           3.510       573440       286720
        4480          128           6.540      1146880       573440
        4480          256          12.480      2293760      1146880
        4480          512          24.470      4587520      2293760
        4480         1024          57.431      9175040      4587520
        4480         2048          97.010     18350080      9175040
        4480         4096         193.920     36700160     18350080
        4480         8192         387.010     73400320     36700160
        4480        16384         777.461    146800640     73400320
        4480        32768        1553.681    293601280    146800640
        4480        65536        3105.302    587202560    293601280
        4480       131072        6187.425   1174405120    587202560
        4928            1           1.100         9856         4928
        4928            2           0.570        19712         9856
        4928            4           0.670        39424        19712
        4928            8           0.880        78848        39424
        4928           16           1.270       157696        78848
        4928           32           2.100       315392       157696
        4928           64           3.760       630784       315392
        4928          128           7.110      1261568       630784
        4928          256          13.730      2523136      1261568
        4928          512          26.950      5046272      2523136
        4928         1024          53.440     10092544      5046272
        4928         2048         106.420     20185088     10092544
        4928         4096         221.000     40370176     20185088
        4928         8192         424.631     80740352     40370176
        4928        16384         854.850    161480704     80740352
        4928        32768        1702.932    322961408    161480704
        4928        65536        3401.682    645922816    322961408
        4928       131072        6806.676   1291845632    645922816
        5408            1           2.090        10816         5408
        5408            2           0.650        21632        10816
        5408            4           0.690        43264        21632
        5408            8           0.930        86528        43264
        5408           16           1.370       173056        86528
        5408           32           2.290       346112       173056
        5408           64           5.590       692224       346112
        5408          128           9.560      1384448       692224
        5408          256          15.110      2768896      1384448
        5408          512          29.760      5537792      2768896
        5408         1024          59.000     11075584      5537792
        5408         2048         117.410     22151168     11075584
        5408         4096         234.500     44302336     22151168
        5408         8192         468.490     88604672     44302336
        5408        16384         940.471    177209344     88604672
        5408        32768        1878.872    354418688    177209344
        5408        65536        3756.203    708837376    354418688
        5408       131072        7517.156   1417674752    708837376
        5920            1           0.970        11840         5920
        5920            2           0.730        23680        11840
        5920            4           0.900        47360        23680
        5920            8           1.220        94720        47360
        5920           16           1.930       189440        94720
        5920           32           3.290       378880       189440
        5920           64           5.980       757760       378880
        5920          128           8.500      1515520       757760
        5920          256          16.470      3031040      1515520
        5920          512          32.470      6062080      3031040
        5920         1024          64.410     12124160      6062080
        5920         2048         128.420     24248320     12124160
        5920         4096         265.581     48496640     24248320
        5920         8192         512.540     96993280     48496640
        5920        16384        1027.871    193986560     96993280
        5920        32768        2061.011    387973120    193986560
        5920        65536        4112.844    775946240    387973120
        5920       131072        8237.147   1551892480    775946240
        6496            1           2.440        12992         6496
        6496            2           0.860        25984        12992
        6496            4           0.710        51968        25984
        6496            8           1.020       103936        51968
        6496           16           1.550       207872       103936
        6496           32           2.670       415744       207872
        6496           64           4.880       831488       415744
        6496          128           9.300      1662976       831488
        6496          256          18.050      3325952      1662976
        6496          512          35.660      6651904      3325952
        6496         1024          70.760     13303808      6651904
        6496         2048         141.340     26607616     13303808
        6496         4096         290.260     53215232     26607616
        6496         8192         563.581    106430464     53215232
        6496        16384        1129.401    212860928    106430464
        6496        32768        2262.282    425721856    212860928
        6496        65536        4518.723    851443712    425721856
        6496       131072        9010.498   1702887424    851443712
        7136            1           8.960        14272         7136
        7136            2           0.640        28544        14272
        7136            4           0.780        57088        28544
        7136            8           1.070       114176        57088
        7136           16           1.720       228352       114176
        7136           32           2.900       456704       228352
        7136           64           5.330       913408       456704
        7136          128          10.150      1826816       913408
        7136          256          19.900      3653632      1826816
        7136          512          39.230      7307264      3653632
        7136         1024          77.781     14614528      7307264
        7136         2048         155.170     29229056     14614528
        7136         4096         327.830     58458112     29229056
        7136         8192         619.210    116916224     58458112
        7136        16384        1254.801    233832448    116916224
        7136        32768        2483.322    467664896    233832448
        7136        65536        4967.014    935329792    467664896
        7136       131072        9951.859   1870659584    935329792
        7840            1          12.620        15680         7840
        7840            2           0.720        31360        15680
        7840            4           0.790        62720        31360
        7840            8           1.120       125440        62720
        7840           16           1.780       250880       125440
        7840           32           3.160       501760       250880
        7840           64           5.800      1003520       501760
        7840          128          11.080      2007040      1003520
        7840          256          21.700      4014080      2007040
        7840          512          42.900      8028160      4014080
        7840         1024          85.250     16056320      8028160
        7840         2048         170.060     32112640     16056320
        7840         4096         339.711     64225280     32112640
        7840         8192         683.590    128450560     64225280
        7840        16384        1360.991    256901120    128450560
        7840        32768        2724.192    513802240    256901120
        7840        65536        5445.475   1027604480    513802240
        7840       131072       10890.419   2055208960   1027604480
        8608            1          13.140        17216         8608
        8608            2           0.730        34432        17216
        8608            4           0.840        68864        34432
        8608            8           1.190       137728        68864
        8608           16           1.950       275456       137728
        8608           32           3.380       550912       275456
        8608           64           6.340      1101824       550912
        8608          128          12.150      2203648      1101824
        8608          256          23.730      4407296      2203648
        8608          512          47.060      8814592      4407296
        8608         1024          93.450     17629184      8814592
        8608         2048         186.170     35258368     17629184
        8608         4096         379.981     70516736     35258368
        8608         8192         746.260    141033472     70516736
        8608        16384        1488.542    282066944    141033472
        8608        32768        2979.342    564133888    282066944
        8608        65536        5959.525   1128267776    564133888
        9440            1           2.100        18880         9440
        9440            2           0.730        37760        18880
        9440            4           0.860        75520        37760
        9440            8           1.330       151040        75520
        9440           16           2.060       302080       151040
        9440           32           3.690       604160       302080
        9440           64           6.800      1208320       604160
        9440          128          13.160      2416640      1208320
        9440          256          26.250      4833280      2416640
        9440          512          51.580      9666560      4833280
        9440         1024         102.750     19333120      9666560
        9440         2048         205.011     38666240     19333120
        9440         4096         409.310     77332480     38666240
        9440         8192         821.581    154664960     77332480
        9440        16384        1641.681    309329920    154664960
        9440        32768        3275.413    618659840    309329920
        9440        65536        6561.215   1237319680    618659840
       10368            1           2.030        20736        10368
       10368            2           0.690        41472        20736
       10368            4           0.900        82944        41472
       10368            8           1.350       165888        82944
       10368           16           2.200       331776       165888
       10368           32           3.930       663552       331776
       10368           64           7.490      1327104       663552
       10368          128          14.380      2654208      1327104
       10368          256          28.360      5308416      2654208
       10368          512          56.340     10616832      5308416
       10368         1024         112.420     21233664     10616832
       10368         2048         235.920     42467328     21233664
       10368         4096         447.910     84934656     42467328
       10368         8192         897.961    169869312     84934656
       10368        16384        1792.731    339738624    169869312
       10368        32768        3581.143    679477248    339738624
       10368        65536        7164.886   1358954496    679477248
       11392            1           1.310        22784        11392
       11392            2           0.650        45568        22784
       11392            4           0.920        91136        45568
       11392            8           1.330       182272        91136
       11392           16           2.350       364544       182272
       11392           32           4.610       729088       364544
       11392           64           9.130      1458176       729088
       11392          128          29.230      2916352      1458176
       11392          256          36.310      5832704      2916352
       11392          512          72.100     11665408      5832704
       11392         1024         141.040     23330816     11665408
       11392         2048         288.020     46661632     23330816
       11392         4096         568.691     93323264     46661632
       11392         8192         987.161    186646528     93323264
       11392        16384        1969.841    373293056    186646528
       11392        32768        3948.044    746586112    373293056
       11392        65536        7885.796   1493172224    746586112
       12512            1           2.860        25024        12512
       12512            2           0.760        50048        25024
       12512            4           1.000       100096        50048
       12512            8           1.520       200192       100096
       12512           16           2.840       400384       200192
       12512           32           4.680       800768       400384
       12512           64           8.960      1601536       800768
       12512          128          17.470      3203072      1601536
       12512          256          34.380      6406144      3203072
       12512          512          68.210     12812288      6406144
       12512         1024         135.860     25624576     12812288
       12512         2048         271.311     51249152     25624576
       12512         4096         549.410    102498304     51249152
       12512         8192        1089.901    204996608    102498304
       12512        16384        2172.442    409993216    204996608
       12512        32768        4346.103    819986432    409993216
       12512        65536        8687.407   1639972864    819986432
       13760            1          13.950        27520        13760
       13760            2           0.800        55040        27520
       13760            4           1.070       110080        55040
       13760            8           1.660       220160       110080
       13760           16           2.790       440320       220160
       13760           32           5.130       880640       440320
       13760           64           9.640      1761280       880640
       13760          128          19.030      3522560      1761280
       13760          256          37.520      7045120      3522560
       13760          512          74.580     14090240      7045120
       13760         1024         148.640     28180480     14090240
       13760         2048         296.890     56360960     28180480
       13760         4096         599.401    112721920     56360960
       13760         8192        1189.681    225443840    112721920
       13760        16384        2381.492    450887680    225443840
       13760        32768        4755.193    901775360    450887680
       13760        65536        9518.848   1803550720    901775360
       15136            1          14.390        30272        15136
       15136            2           0.950        60544        30272
       15136            4           1.150       121088        60544
       15136            8           1.790       242176       121088
       15136           16           3.050       484352       242176
       15136           32           5.620       968704       484352
       15136           64          10.690      1937408       968704
       15136          128          20.890      3874816      1937408
       15136          256          41.250      7749632      3874816
       15136          512          90.420     15499264      7749632
       15136         1024         163.690     30998528     15499264
       15136         2048         326.900     61997056     30998528
       15136         4096         655.431    123994112     61997056
       15136         8192        1310.681    247988224    123994112
       15136        16384        2620.752    495976448    247988224
       15136        32768        5240.844    991952896    495976448
       15136        65536       10476.349   1983905792    991952896
       16640            1          12.970        33280        16640
       16640            2           0.920        66560        33280
       16640            4           1.190       133120        66560
       16640            8           1.900       266240       133120
       16640           16           3.290       532480       266240
       16640           32           6.110      1064960       532480
       16640           64          11.680      2129920      1064960
       16640          128          22.920      4259840      2129920
       16640          256          45.260      8519680      4259840
       16640          512          90.130     17039360      8519680
       16640         1024         179.330     34078720     17039360
       16640         2048         365.801     68157440     34078720
       16640         4096         715.940    136314880     68157440
       16640         8192        1436.961    272629760    136314880
       16640        16384        2865.173    545259520    272629760
       16640        32768        5739.954   1090519040    545259520
       18304            1          12.920        36608        18304
       18304            2           0.870        73216        36608
       18304            4           1.320       146432        73216
       18304            8           2.090       292864       146432
       18304           16           3.620       585728       292864
       18304           32           6.720      1171456       585728
       18304           64          12.810      2342912      1171456
       18304          128          25.080      4685824      2342912
       18304          256          49.650      9371648      4685824
       18304          512          98.840     18743296      9371648
       18304         1024         198.080     37486592     18743296
       18304         2048         402.671     74973184     37486592
       18304         4096         791.800    149946368     74973184
       18304         8192        1578.322    299892736    149946368
       18304        16384        3165.292    599785472    299892736
       18304        32768        6325.955   1199570944    599785472
       20128            1          12.260        40256        20128
       20128            2           0.920        80512        40256
       20128            4           1.330       161024        80512
       20128            8           2.190       322048       161024
       20128           16           3.900       644096       322048
       20128           32           7.290      1288192       644096
       20128           64          14.210      2576384      1288192
       20128          128          27.620      5152768      2576384
       20128          256          54.770     10305536      5152768
       20128          512         108.940     20611072     10305536
       20128         1024         226.560     41222144     20611072
       20128         2048         434.120     82444288     41222144
       20128         4096         871.601    164888576     82444288
       20128         8192        1741.062    329777152    164888576
       20128        16384        3482.562    659554304    329777152
       20128        32768        6962.056   1319108608    659554304
       22112            1          11.350        44224        22112
       22112            2           0.960        88448        44224
       22112            4           1.420       176896        88448
       22112            8           2.420       353792       176896
       22112           16           4.240       707584       353792
       22112           32           7.960      1415168       707584
       22112           64          15.370      2830336      1415168
       22112          128          30.380      5660672      2830336
       22112          256          60.280     11321344      5660672
       22112          512         119.790     22642688     11321344
       22112         1024         239.130     45285376     22642688
       22112         2048         484.250     90570752     45285376
       22112         4096         958.521    181141504     90570752
       22112         8192        1918.312    362283008    181141504
       22112        16384        3826.333    724566016    362283008
       22112        32768        7660.596   1449132032    724566016
       24320            1          12.201        48640        24320
       24320            2           1.040        97280        48640
       24320            4           1.530       194560        97280
       24320            8           2.660       389120       194560
       24320           16           4.650       778240       389120
       24320           32           8.720      1556480       778240
       24320           64          16.870      3112960      1556480
       24320          128          33.160      6225920      3112960
       24320          256          65.810     12451840      6225920
       24320          512         131.620     24903680     12451840
       24320         1024         262.410     49807360     24903680
       24320         2048         528.560     99614720     49807360
       24320         4096        1052.331    199229440     99614720
       24320         8192        2101.932    398458880    199229440
       24320        16384        4202.053    796917760    398458880
       24320        32768        8404.357   1593835520    796917760
       26752            1          13.080        53504        26752
       26752            2           1.080       107008        53504
       26752            4           1.630       214016       107008
       26752            8           2.780       428032       214016
       26752           16           5.220       856064       428032
       26752           32           9.510      1712128       856064
       26752           64          18.440      3424256      1712128
       26752          128          36.530      6848512      3424256
       26752          256          72.250     13697024      6848512
       26752          512         144.520     27394048     13697024
       26752         1024         296.470     54788096     27394048
       26752         2048         577.321    109576192     54788096
       26752         4096        1156.941    219152384    109576192
       26752         8192        2304.672    438304768    219152384
       26752        16384        4614.333    876609536    438304768
       26752        32768        9231.128   1753219072    876609536
       29408            1          13.390        58816        29408
       29408            2           1.520       117632        58816
       29408            4           1.770       235264       117632
       29408            8           3.010       470528       235264
       29408           16           5.610       941056       470528
       29408           32          10.470      1882112       941056
       29408           64          20.300      3764224      1882112
       29408          128          40.110      7528448      3764224
       29408          256          79.750     15056896      7528448
       29408          512         167.291     30113792     15056896
       29408         1024         317.870     60227584     30113792
       29408         2048         638.500    120455168     60227584
       29408         4096        1273.141    240910336    120455168
       29408         8192        2543.452    481820672    240910336
       29408        16384        5087.004    963641344    481820672
       29408        32768       10176.769   1927282688    963641344
       32320            1          12.730        64640        32320
       32320            2           1.250       129280        64640
       32320            4           1.860       258560       129280
       32320            8           3.270       517120       258560
       32320           16           5.970      1034240       517120
       32320           32          11.450      2068480      1034240
       32320           64          22.280      4136960      2068480
       32320          128          43.980      8273920      4136960
       32320          256          87.410     16547840      8273920
       32320          512         182.171     33095680     16547840
       32320         1024         348.040     66191360     33095680
       32320         2048         699.450    132382720     66191360
       32320         4096        1394.822    264765440    132382720
       32320         8192        2793.312    529530880    264765440
       32320        16384        5582.014   1059061760    529530880
       32320        32768       11185.769   2118123520   1059061760
       35552            1          12.720        71104        35552
       35552            2           1.390       142208        71104
       35552            4           2.000       284416       142208
       35552            8           3.500       568832       284416
       35552           16           6.500      1137664       568832
       35552           32          12.510      2275328      1137664
       35552           64          24.520      4550656      2275328
       35552          128          48.520      9101312      4550656
       35552          256          96.340     18202624      9101312
       35552          512         218.280     36405248     18202624
       35552         1024         384.361     72810496     36405248
       35552         2048         771.720    145620992     72810496
       35552         4096        1538.991    291241984    145620992
       35552         8192        3081.063    582483968    291241984
       35552        16384        6164.415   1164967936    582483968
       39104            1           9.120        78208        39104
       39104            2           1.380       156416        78208
       39104            4           2.210       312832       156416
       39104            8           3.880       625664       312832
       39104           16           7.140      1251328       625664
       39104           32          13.660      2502656      1251328
       39104           64          26.860      5005312      2502656
       39104          128          53.130     10010624      5005312
       39104          256         105.610     20021248     10010624
       39104          512         210.691     40042496     20021248
       39104         1024         429.520     80084992     40042496
       39104         2048         844.381    160169984     80084992
       39104         4096        1685.491    320339968    160169984
       39104         8192        3376.333    640679936    320339968
       39104        16384        6751.035   1281359872    640679936
       43008            1           1.840        86016        43008
       43008            2           1.490       172032        86016
       43008            4           2.310       344064       172032
       43008            8           4.110       688128       344064
       43008           16           7.870      1376256       688128
       43008           32          15.060      2752512      1376256
       43008           64          29.440      5505024      2752512
       43008          128          58.400     11010048      5505024
       43008          256         116.410     22020096     11010048
       43008          512         240.730     44040192     22020096
       43008         1024         464.221     88080384     44040192
       43008         2048         933.940    176160768     88080384
       43008         4096        1852.512    352321536    176160768
       43008         8192        3706.403    704643072    352321536
       43008        16384        7423.306   1409286144    704643072
       47296            1           9.930        94592        47296
       47296            2           1.600       189184        94592
       47296            4           2.550       378368       189184
       47296            8           4.550       756736       378368
       47296           16           8.490      1513472       756736
       47296           32          16.450      3026944      1513472
       47296           64          32.360      6053888      3026944
       47296          128          64.170     12107776      6053888
       47296          256         127.561     24215552     12107776
       47296          512         254.700     48431104     24215552
       47296         1024         514.430     96862208     48431104
       47296         2048        1020.791    193724416     96862208
       47296         4096        2040.852    387448832    193724416
       47296         8192        4079.743    774897664    387448832
       47296        16384        8158.727   1549795328    774897664
       52000            1           3.810       104000        52000
       52000            2           1.700       208000       104000
       52000            4           2.990       416000       208000
       52000            8           4.860       832000       416000
       52000           16           9.250      1664000       832000
       52000           32          18.050      3328000      1664000
       52000           64          35.510      6656000      3328000
       52000          128          70.530     13312000      6656000
       52000          256         140.280     26624000     13312000
       52000          512         280.201     53248000     26624000
       52000         1024         563.670    106496000     53248000
       52000         2048        1126.641    212992000    106496000
       52000         4096        2246.882    425984000    212992000
       52000         8192        4501.473    851968000    425984000
       52000        16384        8989.587   1703936000    851968000
       57184            1           3.700       114368        57184
       57184            2           1.790       228736       114368
       57184            4           2.960       457472       228736
       57184            8           5.360       914944       457472
       57184           16          10.160      1829888       914944
       57184           32          19.690      3659776      1829888
       57184           64          39.080      7319552      3659776
       57184          128          77.130     14639104      7319552
       57184          256         154.220     29278208     14639104
       57184          512         308.600     58556416     29278208
       57184         1024         620.471    117112832     58556416
       57184         2048        1233.511    234225664    117112832
       57184         4096        2465.972    468451328    234225664
       57184         8192        4943.264    936902656    468451328
       57184        16384        9861.458   1873805312    936902656
       62880            1           2.630       125760        62880
       62880            2           1.850       251520       125760
       62880            4           3.350       503040       251520
       62880            8           5.870      1006080       503040
       62880           16          11.120      2012160      1006080
       62880           32          21.690      4024320      2012160
       62880           64          42.821      8048640      4024320
       62880          128          85.110     16097280      8048640
       62880          256         177.380     32194560     16097280
       62880          512         338.910     64389120     32194560
       62880         1024         679.751    128778240     64389120
       62880         2048        1356.301    257556480    128778240
       62880         4096        2715.542    515112960    257556480
       62880         8192        5442.414   1030225920    515112960
       62880        16384       10857.519   2060451840   1030225920
       69152            1           5.230       138304        69152
       69152            2           2.080       276608       138304
       69152            4           3.430       553216       276608
       69152            8           6.350      1106432       553216
       69152           16          12.180      2212864      1106432
       69152           32          23.800      4425728      2212864
       69152           64          47.050      8851456      4425728
       69152          128          93.550     17702912      8851456
       69152          256         186.460     35405824     17702912
       69152          512         372.320     70811648     35405824
       69152         1024         747.481    141623296     70811648
       69152         2048        1493.941    283246592    141623296
       69152         4096        2985.272    566493184    283246592
       69152         8192        5968.845   1132986368    566493184
       76064            1          14.450       152128        76064
       76064            2           2.140       304256       152128
       76064            4           3.780       608512       304256
       76064            8           7.000      1217024       608512
       76064           16          13.370      2434048      1217024
       76064           32          26.160      4868096      2434048
       76064           64          51.760      9736192      4868096
       76064          128         102.930     19472384      9736192
       76064          256         222.060     38944768     19472384
       76064          512         413.050     77889536     38944768
       76064         1024         821.501    155779072     77889536
       76064         2048        1639.581    311558144    155779072
       76064         4096        3287.143    623116288    311558144
       76064         8192        6564.525   1246232576    623116288
       83648            1          14.320       167296        83648
       83648            2           2.300       334592       167296
       83648            4           4.160       669184       334592
       83648            8           7.580      1338368       669184
       83648           16          14.650      2676736      1338368
       83648           32          28.690      5353472      2676736
       83648           64          56.750     10706944      5353472
       83648          128         112.880     21413888     10706944
       83648          256         225.420     42827776     21413888
       83648          512         469.441     85655552     42827776
       83648         1024         903.610    171311104     85655552
       83648         2048        1813.202    342622208    171311104
       83648         4096        3610.023    685244416    342622208
       83648         8192        7225.846   1370488832    685244416
       92000            1           6.570       184000        92000
       92000            2           2.560       368000       184000
       92000            4           4.420       736000       368000
       92000            8           8.320      1472000       736000
       92000           16          16.040      2944000      1472000
       92000           32          31.560      5888000      2944000
       92000           64          62.500     11776000      5888000
       92000          128         124.650     23552000     11776000
       92000          256         248.660     47104000     23552000
       92000          512         503.931     94208000     47104000
       92000         1024        1010.141    188416000     94208000
       92000         2048        1991.771    376832000    188416000
       92000         4096        3983.024    753664000    376832000
       92000         8192        7958.376   1507328000    753664000
      101184            1          15.920       202368       101184
      101184            2           2.730       404736       202368
      101184            4           4.840       809472       404736
      101184            8           9.150      1618944       809472
      101184           16          17.580      3237888      1618944
      101184           32          34.570      6475776      3237888
      101184           64          68.561     12951552      6475776
      101184          128         144.900     25903104     12951552
      101184          256         272.600     51806208     25903104
      101184          512         544.380    103612416     51806208
      101184         1024        1094.641    207224832    103612416
      101184         2048        2182.532    414449664    207224832
      101184         4096        4364.614    828899328    414449664
      101184         8192        8731.907   1657798656    828899328
      111296            1           7.210       222592       111296
      111296            2           2.990       445184       222592
      111296            4           5.280       890368       445184
      111296            8           9.960      1780736       890368
      111296           16          19.320      3561472      1780736
      111296           32          41.080      7122944      3561472
      111296           64          75.440     14245888      7122944
      111296          128         150.160     28491776     14245888
      111296          256         299.851     56983552     28491776
      111296          512         601.940    113967104     56983552
      111296         1024        1200.041    227934208    113967104
      111296         2048        2401.572    455868416    227934208
      111296         4096        4801.654    911736832    455868416
      111296         8192        9610.068   1823473664    911736832
      122400            1           6.980       244800       122400
      122400            2           3.220       489600       244800
      122400            4           5.710       979200       489600
      122400            8          11.010      1958400       979200
      122400           16          21.170      3916800      1958400
      122400           32          41.830      7833600      3916800
      122400           64          82.970     15667200      7833600
      122400          128         172.381     31334400     15667200
      122400          256         329.720     62668800     31334400
      122400          512         674.550    125337600     62668800
      122400         1024        1321.791    250675200    125337600
      122400         2048        2642.613    501350400    250675200
      122400         4096        5282.664   1002700800    501350400
      122400         8192       10594.328   2005401600   1002700800
      134624            1          24.240       269248       134624
      134624            2           3.540       538496       269248
      134624            4           6.310      1076992       538496
      134624            8          11.910      2153984      1076992
      134624           16          23.480      4307968      2153984
      134624           32          45.760      8615936      4307968
      134624           64          91.270     17231872      8615936
      134624          128         182.030     34463744     17231872
      134624          256         389.261     68927488     34463744
      134624          512         730.030    137854976     68927488
      134624         1024        1455.571    275709952    137854976
      134624         2048        2908.113    551419904    275709952
      134624         4096        5812.434   1102839808    551419904
      148064            1          20.740       296128       148064
      148064            2           3.790       592256       296128
      148064            4           6.890      1184512       592256
      148064            8          13.090      2369024      1184512
      148064           16          25.530      4738048      2369024
      148064           32          59.070      9476096      4738048
      148064           64         100.150     18952192      9476096
      148064          128         199.110     37904384     18952192
      148064          256         399.881     75808768     37904384
      148064          512         800.570    151617536     75808768
      148064         1024        1603.872    303235072    151617536
      148064         2048        3203.312    606470144    303235072
      148064         4096        6393.795   1212940288    606470144
      162848            1          17.610       325696       162848
      162848            2           4.140       651392       325696
      162848            4           7.530      1302784       651392
      162848            8          14.410      2605568      1302784
      162848           16          28.050      5211136      2605568
      162848           32          55.420     10422272      5211136
      162848           64         110.230     20844544     10422272
      162848          128         219.440     41689088     20844544
      162848          256         445.481     83378176     41689088
      162848          512         879.450    166756352     83378176
      162848         1024        1756.992    333512704    166756352
      162848         2048        3516.273    667025408    333512704
      162848         4096        7029.215   1334050816    667025408
      179104            1          19.180       358208       179104
      179104            2           4.510       716416       358208
      179104            4           8.270      1432832       716416
      179104            8          15.810      2865664      1432832
      179104           16          30.790      5731328      2865664
      179104           32          60.890     11462656      5731328
      179104           64         121.120     22925312     11462656
      179104          128         241.430     45850624     22925312
      179104          256         487.501     91701248     45850624
      179104          512         967.350    183402496     91701248
      179104         1024        1933.432    366804992    183402496
      179104         2048        3862.403    733609984    366804992
      179104         4096        7747.317   1467219968    733609984
      196992            1          18.920       393984       196992
      196992            2           4.900       787968       393984
      196992            4           9.040      1575936       787968
      196992            8          17.360      3151872      1575936
      196992           16          33.940      6303744      3151872
      196992           32          66.780     12607488      6303744
      196992           64         133.570     25214976     12607488
      196992          128         266.150     50429952     25214976
      196992          256         536.001    100859904     50429952
      196992          512        1062.181    201719808    100859904
      196992         1024        2131.711    403439616    201719808
      196992         2048        4254.954    806879232    403439616
      196992         4096        8503.497   1613758464    806879232
      216672            1          21.460       433344       216672
      216672            2           5.180       866688       433344
      216672            4           9.890      1733376       866688
      216672            8          18.930      3466752      1733376
      216672           16          37.200      6933504      3466752
      216672           32          73.470     13867008      6933504
      216672           64         154.611     27734016     13867008
      216672          128         292.820     55468032     27734016
      216672          256         585.310    110936064     55468032
      216672          512        1168.961    221872128    110936064
      216672         1024        2338.592    443744256    221872128
      216672         2048        4686.704    887488512    443744256
      216672         4096        9364.987   1774977024    887488512
      238336            1          13.950       476672       238336
      238336            2           5.660       953344       476672
      238336            4          10.860      1906688       953344
      238336            8          20.910      3813376      1906688
      238336           16          40.710      7626752      3813376
      238336           32          80.550     15253504      7626752
      238336           64         173.320     30507008     15253504
      238336          128         322.151     61014016     30507008
      238336          256         646.350    122028032     61014016
      238336          512        1289.581    244056064    122028032
      238336         1024        2576.222    488112128    244056064
      238336         2048        5145.354    976224256    488112128
      238336         4096       10280.479   1952448512    976224256
      262144            1          15.890       524288       262144
      262144            2           6.170      1048576       524288
      262144            4          11.810      2097152      1048576
      262144            8          22.900      4194304      2097152
      262144           16          44.690      8388608      4194304
      262144           32          88.630     16777216      8388608
      262144           64         177.291     33554432     16777216
      262144          128         372.020     67108864     33554432
      262144          256         706.590    134217728     67108864
      262144          512        1416.982    268435456    134217728
      262144         1024        2835.162    536870912    268435456
      262144         2048        5677.424   1073741824    536870912
      262144         4096       11317.590   2147483648   1073741824
      288352            1          16.580       576704       288352
      288352            2           8.860      1153408       576704
      288352            4          17.620      2306816      1153408
      288352            8          25.020      4613632      2306816
      288352           16          49.390      9227264      4613632
      288352           32          97.810     18454528      9227264
      288352           64         202.461     36909056     18454528
      288352          128         389.120     73818112     36909056
      288352          256         781.130    147636224     73818112
      288352          512        1559.182    295272448    147636224
      288352         1024        3114.962    590544896    295272448
      288352         2048        6231.585   1181089792    590544896
      317184            1          27.820       634368       317184
      317184            2           7.490      1268736       634368
      317184            4          14.220      2537472      1268736
      317184            8          27.610      5074944      2537472
      317184           16          54.260     10149888      5074944
      317184           32         115.820     20299776     10149888
      317184           64         214.620     40599552     20299776
      317184          128         428.101     81199104     40599552
      317184          256         859.030    162398208     81199104
      317184          512        1714.652    324796416    162398208
      317184         1024        3424.262    649592832    324796416
      317184         2048        6845.826   1299185664    649592832
      348896            1          30.740       697792       348896
      348896            2           7.980      1395584       697792
      348896            4          15.560      2791168      1395584
      348896            8          30.200      5582336      2791168
      348896           16          59.660     11164672      5582336
      348896           32         118.441     22329344     11164672
      348896           64         236.020     44658688     22329344
      348896          128         471.270     89317376     44658688
      348896          256         944.331    178634752     89317376
      348896          512        1886.292    357269504    178634752
      348896         1024        3766.743    714539008    357269504
      348896         2048        7523.056   1429078016    714539008
      383776            1          31.200       767552       383776
      383776            2           9.020      1535104       767552
      383776            4          17.180      3070208      1535104
      383776            8          33.150      6140416      3070208
      383776           16          65.320     12280832      6140416
      383776           32         129.770     24561664     12280832
      383776           64         267.071     49123328     24561664
      383776          128         516.570     98246656     49123328
      383776          256        1035.251    196493312     98246656
      383776          512        2069.281    392986624    196493312
      383776         1024        4141.204    785973248    392986624
      383776         2048        8282.016   1571946496    785973248
      422144            1          31.690       844288       422144
      422144            2           9.700      1688576       844288
      422144            4          18.800      3377152      1688576
      422144            8          36.570      6754304      3377152
      422144           16          71.930     13508608      6754304
      422144           32         154.540     27017216     13508608
      422144           64         285.171     54034432     27017216
      422144          128         569.500    108068864     54034432
      422144          256        1146.591    216137728    108068864
      422144          512        2279.752    432275456    216137728
      422144         1024        4562.703    864550912    432275456
      422144         2048        9122.438   1729101824    864550912
      464352            1          35.531       928704       464352
      464352            2          10.880      1857408       928704
      464352            4          20.620      3714816      1857408
      464352            8          40.030      7429632      3714816
      464352           16          79.050     14859264      7429632
      464352           32         166.170     29718528     14859264
      464352           64         313.380     59437056     29718528
      464352          128         626.660    118874112     59437056
      464352          256        1259.742    237748224    118874112
      464352          512        2506.321    475496448    237748224
      464352         1024        5004.365    950992896    475496448
      464352         2048       10015.628   1901985792    950992896
      510784            1          30.950      1021568       510784
      510784            2          11.730      2043136      1021568
      510784            4          22.440      4086272      2043136
      510784            8          43.980      8172544      4086272
      510784           16          86.850     16345088      8172544
      510784           32         172.381     32690176     16345088
      510784           64         352.380     65380352     32690176
      510784          128         687.140    130760704     65380352
      510784          256        1379.372    261521408    130760704
      510784          512        2751.042    523042816    261521408
      510784         1024        5508.754   1046085632    523042816
      510784         2048       11013.299   2092171264   1046085632
      561856            1          31.110      1123712       561856
      561856            2          12.960      2247424      1123712
      561856            4          24.660      4494848      2247424
      561856            8          48.600      8989696      4494848
      561856           16          95.560     17979392      8989696
      561856           32         189.890     35958784     17979392
      561856           64         391.520     71917568     35958784
      561856          128         770.331    143835136     71917568
      561856          256        1530.981    287670272    143835136
      561856          512        3039.453    575340544    287670272
      561856         1024        6089.815   1150681088    575340544
      618016            1          43.740      1236032       618016
      618016            2          14.110      2472064      1236032
      618016            4          27.050      4944128      2472064
      618016            8          60.460      9888256      4944128
      618016           16         104.830     19776512      9888256
      618016           32         208.700     39553024     19776512
      618016           64         415.891     79106048     39553024
      618016          128         834.280    158212096     79106048
      618016          256        1668.432    316424192    158212096
      618016          512        3331.333    632848384    316424192
      618016         1024        6663.165   1265696768    632848384
      679808            1          47.300      1359616       679808
      679808            2          15.530      2719232      1359616
      679808            4          30.000      5438464      2719232
      679808            8          58.471     10876928      5438464
      679808           16         123.750     21753856     10876928
      679808           32         229.330     43507712     21753856
      679808           64         458.820     87015424     43507712
      679808          128         919.091    174030848     87015424
      679808          256        1838.981    348061696    174030848
      679808          512        3665.603    696123392    348061696
      679808         1024        7331.806   1392246784    696123392
      747776            1          49.520      1495552       747776
      747776            2          17.340      2991104      1495552
      747776            4          32.920      5982208      2991104
      747776            8          64.350     11964416      5982208
      747776           16         131.560     23928832     11964416
      747776           32         253.320     47857664     23928832
      747776           64         510.951     95715328     47857664
      747776          128        1011.921    191430656     95715328
      747776          256        2022.821    382861312    191430656
      747776          512        4036.404    765722624    382861312
      747776         1024        8077.276   1531445248    765722624
      822528            1          58.270      1645056       822528
      822528            2          19.070      3290112      1645056
      822528            4          35.560      6580224      3290112
      822528            8          70.480     13160448      6580224
      822528           16         139.510     26320896     13160448
      822528           32         278.580     52641792     26320896
      822528           64         558.460    105283584     52641792
      822528          128        1113.671    210567168    105283584
      822528          256        2224.792    421134336    210567168
      822528          512        4438.384    842268672    421134336
      822528         1024        8870.627   1684537344    842268672
      904768            1          51.120      1809536       904768
      904768            2          20.261      3619072      1809536
      904768            4          39.440      7238144      3619072
      904768            8          77.250     14476288      7238144
      904768           16         153.170     28952576     14476288
      904768           32         312.700     57905152     28952576
      904768           64         630.131    115810304     57905152
      904768          128        1229.841    231620608    115810304
      904768          256        2450.632    463241216    231620608
      904768          512        4875.563    926482432    463241216
      904768         1024        9761.668   1852964864    926482432
      995232            1          56.590      1990464       995232
      995232            2          30.020      3980928      1990464
      995232            4          54.880      7961856      3980928
      995232            8          85.410     15923712      7961856
      995232           16         168.460     31847424     15923712
      995232           32         343.290     63694848     31847424
      995232           64         669.631    127389696     63694848
      995232          128        1343.931    254779392    127389696
      995232          256        2683.132    509558784    254779392
      995232          512        5364.655   1019117568    509558784
      995232         1024       10725.248   2038235136   1019117568
     1094752            1          61.140      2189504      1094752
     1094752            2          31.920      4379008      2189504
     1094752            4          47.670      8758016      4379008
     1094752            8          93.240     17516032      8758016
     1094752           16         198.400     35032064     17516032
     1094752           32         368.550     70064128     35032064
     1094752           64         741.111    140128256     70064128
     1094752          128        1483.711    280256512    140128256
     1094752          256        2950.653    560513024    280256512
     1094752          512        5906.434   1121026048    560513024
     1204224            1          74.980      2408448      1204224
     1204224            2          33.060      4816896      2408448
     1204224            4          52.370      9633792      4816896
     1204224            8         102.810     19267584      9633792
     1204224           16         204.741     38535168     19267584
     1204224           32         416.030     77070336     38535168
     1204224           64         822.971    154140672     77070336
     1204224          128        1627.471    308281344    154140672
     1204224          256        3260.862    616562688    308281344
     1204224          512        6547.296   1233125376    616562688
     1324640            1          79.180      2649280      1324640
     1324640            2          40.140      5298560      2649280
     1324640            4          66.900     10597120      5298560
     1324640            8         129.880     21194240     10597120
     1324640           16         256.421     42388480     21194240
     1324640           32         517.490     84776960     42388480
     1324640           64        1024.461    169553920     84776960
     1324640          128        2043.281    339107840    169553920
     1324640          256        3858.994    678215680    339107840
     1324640          512        7199.985   1356431360    678215680
     1457088            1          82.260      2914176      1457088
     1457088            2          43.330      5828352      2914176
     1457088            4          71.200     11656704      5828352
     1457088            8         124.300     23313408     11656704
     1457088           16         254.510     46626816     23313408
     1457088           32         491.171     93253632     46626816
     1457088           64         984.290    186507264     93253632
     1457088          128        1966.342    373014528    186507264
     1457088          256        3928.843    746029056    373014528
     1457088          512        7854.606   1492058112    746029056
     1602784            1         108.610      3205568      1602784
     1602784            2          47.550      6411136      3205568
     1602784            4          70.050     12822272      6411136
     1602784            8         137.080     25644544     12822272
     1602784           16         272.220     51289088     25644544
     1602784           32         544.241    102578176     51289088
     1602784           64        1085.361    205156352    102578176
     1602784          128        2165.472    410312704    205156352
     1602784          256        4328.743    820625408    410312704
     1602784          512        8659.437   1641250816    820625408
     1763040            1         109.731      3526080      1763040
     1763040            2          56.180      7052160      3526080
     1763040            4          76.510     14104320      7052160
     1763040            8         150.800     28208640     14104320
     1763040           16         299.120     56417280     28208640
     1763040           32         600.201    112834560     56417280
     1763040           64        1192.141    225669120    112834560
     1763040          128        2384.261    451338240    225669120
     1763040          256        4764.144    902676480    451338240
     1763040          512        9528.438   1805352960    902676480
     1939328            1         116.281      3878656      1939328
     1939328            2          43.880      7757312      3878656
     1939328            4          84.160     15514624      7757312
     1939328            8         165.410     31029248     15514624
     1939328           16         336.970     62058496     31029248
     1939328           32         654.731    124116992     62058496
     1939328           64        1314.151    248233984    124116992
     1939328          128        2621.322    496467968    248233984
     1939328          256        5245.114    992935936    496467968
     1939328          512       10475.449   1985871872    992935936
     2133248            1         136.490      4266496      2133248
     2133248            2          64.430      8532992      4266496
     2133248            4          92.670     17065984      8532992
     2133248            8         181.780     34131968     17065984
     2133248           16         361.751     68263936     34131968
     2133248           32         725.450    136527872     68263936
     2133248           64        1442.151    273055744    136527872
     2133248          128        2884.583    546111488    273055744
     2133248          256        6105.155   1092222976    546111488
     2346560            1         133.470      4693120      2346560
     2346560            2          70.540      9386240      4693120
     2346560            4         102.020     18772480      9386240
     2346560            8         200.480     37544960     18772480
     2346560           16         402.001     75089920     37544960
     2346560           32         791.910    150179840     75089920
     2346560           64        1588.601    300359680    150179840
     2346560          128        3168.963    600719360    300359680
     2346560          256        6338.315   1201438720    600719360
     2581216            1         135.170      5162432      2581216
     2581216            2          64.180     10324864      5162432
     2581216            4         112.210     20649728     10324864
     2581216            8         226.150     41299456     20649728
     2581216           16         436.891     82598912     41299456
     2581216           32         877.560    165197824     82598912
     2581216           64        1748.032    330395648    165197824
     2581216          128        3488.232    660791296    330395648
     2581216          256        6977.986   1321582592    660791296
     2839328            1         170.181      5678656      2839328
     2839328            2          82.610     11357312      5678656
     2839328            4         123.190     22714624     11357312
     2839328            8         241.820     45429248     22714624
     2839328           16         485.290     90858496     45429248
     2839328           32         962.741    181716992     90858496
     2839328           64        1916.672    363433984    181716992
     2839328          128        3837.543    726867968    363433984
     2839328          256        7668.606   1453735936    726867968
     3123232            1         189.251      6246464      3123232
     3123232            2          79.720     12492928      6246464
     3123232            4         135.000     24985856     12492928
     3123232            8         266.430     49971712     24985856
     3123232           16         531.860     99943424     49971712
     3123232           32        1057.121    199886848     99943424
     3123232           64        2108.472    399773696    199886848
     3123232          128        4215.103    799547392    399773696
     3123232          256        8425.347   1599094784    799547392
     3435552            1         197.301      6871104      3435552
     3435552            2          88.010     13742208      6871104
     3435552            4         148.710     27484416     13742208
     3435552            8         292.690     54968832     27484416
     3435552           16         587.271    109937664     54968832
     3435552           32        1164.120    219875328    109937664
     3435552           64        2326.722    439750656    219875328
     3435552          128        4643.114    879501312    439750656
     3435552          256        9288.298   1759002624    879501312
     3779104            1         216.160      7558208      3779104
     3779104            2          95.150     15116416      7558208
     3779104            4         163.660     30232832     15116416
     3779104            8         326.821     60465664     30232832
     3779104           16         640.160    120931328     60465664
     3779104           32        1280.541    241862656    120931328
     3779104           64        2560.792    483725312    241862656
     3779104          128        5112.704    967450624    483725312
     3779104          256       10224.049   1934901248    967450624
     4156992            1         242.420      8313984      4156992
     4156992            2         103.630     16627968      8313984
     4156992            4         179.300     33255936     16627968
     4156992            8         359.861     66511872     33255936
     4156992           16         704.870    133023744     66511872
     4156992           32        1410.921    266047488    133023744
     4156992           64        2810.233    532094976    266047488
     4156992          128        5627.514   1064189952    532094976
     4156992          256       11244.499   2128379904   1064189952
     4572672            1         260.491      9145344      4572672
     4572672            2         116.820     18290688      9145344
     4572672            4         197.880     36581376     18290688
     4572672            8         395.090     73162752     36581376
     4572672           16         773.731    146325504     73162752
     4572672           32        1550.551    292651008    146325504
     4572672           64        3094.973    585302016    292651008
     4572672          128        6205.385   1170604032    585302016
     5029920            1         279.121     10059840      5029920
     5029920            2         127.040     20119680     10059840
     5029920            4         216.910     40239360     20119680
     5029920            8         433.700     80478720     40239360
     5029920           16         855.521    160957440     80478720
     5029920           32        1701.681    321914880    160957440
     5029920           64        3408.963    643829760    321914880
     5029920          128        6807.136   1287659520    643829760
     5532896            1         319.480     11065792      5532896
     5532896            2         140.210     22131584     11065792
     5532896            4         240.310     44263168     22131584
     5532896            8         475.161     88526336     44263168
     5532896           16         942.520    177052672     88526336
     5532896           32        1875.332    354105344    177052672
     5532896           64        3744.473    708210688    354105344
     5532896          128        7483.536   1416421376    708210688
     6086176            1         361.521     12172352      6086176
     6086176            2         152.390     24344704     12172352
     6086176            4         262.820     48689408     24344704
     6086176            8         522.350     97378816     48689408
     6086176           16        1034.831    194757632     97378816
     6086176           32        2061.712    389515264    194757632
     6086176           64        4118.313    779030528    389515264
     6086176          128        8227.487   1558061056    779030528
     6694784            1         401.370     13389568      6694784
     6694784            2         160.160     26779136     13389568
     6694784            4         290.061     53558272     26779136
     6694784            8         575.680    107116544     53558272
     6694784           16        1135.191    214233088    107116544
     6694784           32        2270.112    428466176    214233088
     6694784           64        4539.303    856932352    428466176
     6694784          128        9057.248   1713864704    856932352
     7364256            1         429.260     14728512      7364256
     7364256            2         184.791     29457024     14728512
     7364256            4         318.440     58914048     29457024
     7364256            8         626.620    117828096     58914048
     7364256           16        1255.401    235656192    117828096
     7364256           32        2491.622    471312384    235656192
     7364256           64        4980.705    942624768    471312384
     7364256          128        9958.698   1885249536    942624768
     8100672            1         471.720     16201344      8100672
     8100672            2         192.500     32402688     16201344
     8100672            4         348.780     64805376     32402688
     8100672            8         694.221    129610752     64805376
     8100672           16        1374.061    259221504    129610752
     8100672           32        2747.182    518443008    259221504
     8100672           64        5483.745   1036886016    518443008
     8100672          128       10961.659   2073772032   1036886016
     8910720            1         510.130     17821440      8910720
     8910720            2         212.540     35642880     17821440
     8910720            4         387.991     71285760     35642880
     8910720            8         759.960    142571520     71285760
     8910720           16        1518.392    285143040    142571520
     8910720           32        3020.592    570286080    285143040
     8910720           64        6035.625   1140572160    570286080
     9801792            1         566.681     19603584      9801792
     9801792            2         228.770     39207168     19603584
     9801792            4         424.370     78414336     39207168
     9801792            8         840.981    156828672     78414336
     9801792           16        1666.231    313657344    156828672
     9801792           32        3320.963    627314688    313657344
     9801792           64        6637.035   1254629376    627314688
    10781952            1         616.661     21563904     10781952
    10781952            2         263.140     43127808     21563904
    10781952            4         466.640     86255616     43127808
    10781952            8         921.051    172511232     86255616
    10781952           16        1833.501    345022464    172511232
    10781952           32        3653.763    690044928    345022464
    10781952           64        7294.386   1380089856    690044928
    11860128            1         696.401     23720256     11860128
    11860128            2         278.550     47440512     23720256
    11860128            4         511.500     94881024     47440512
    11860128            8        1013.531    189762048     94881024
    11860128           16        2014.762    379524096    189762048
    11860128           32        4021.263    759048192    379524096
    11860128           64        8029.147   1518096384    759048192
    13046112            1         757.530     26092224     13046112
    13046112            2         306.181     52184448     26092224
    13046112            4         571.350    104368896     52184448
    13046112            8        1121.161    208737792    104368896
    13046112           16        2224.412    417475584    208737792
    13046112           32        4430.393    834951168    417475584
    13046112           64        8843.057   1669902336    834951168
    14350720            1         867.341     28701440     14350720
    14350720            2         352.260     57402880     28701440
    14350720            4         624.301    114805760     57402880
    14350720            8        1237.111    229611520    114805760
    14350720           16        2467.542    459223040    229611520
    14350720           32        4906.014    918446080    459223040
    14350720           64        9793.038   1836892160    918446080
    15785792            1         910.750     31571584     15785792
    15785792            2         413.831     63143168     31571584
    15785792            4         711.640    126286336     63143168
    15785792            8        1417.241    252572672    126286336
    15785792           16        2784.033    505145344    252572672
    15785792           32        5489.394   1010290688    505145344
    15785792           64       11001.329   2020581376   1010290688
    17364352            1         997.121     34728704     17364352
    17364352            2         630.780     69457408     34728704
    17364352            4         978.561    138914816     69457408
    17364352            8        1785.091    277829632    138914816
    17364352           16        3422.013    555659264    277829632
    17364352           32        6731.316   1111318528    555659264
    19100768            1        1119.720     38201536     19100768
    19100768            2        1319.451     76403072     38201536
    19100768            4        1631.912    152806144     76403072
    19100768            8        2869.462    305612288    152806144
    19100768           16        5361.515    611224576    305612288
    19100768           32       10288.688   1222449152    611224576
    21010816            1        1220.511     42021632     21010816
    21010816            2        2201.962     84043264     42021632
    21010816            4        2988.402    168086528     84043264
    21010816            8        4443.114    336173056    168086528
    21010816           16        7529.866    672346112    336173056
    21010816           32       14131.521   1344692224    672346112
    23111872            1        1347.782     46223744     23111872
    23111872            2        2629.672     92447488     46223744
    23111872            4        3859.053    184894976     92447488
    23111872            8        6321.365    369789952    184894976
    23111872           16       11005.929    739579904    369789952
    23111872           32       20590.886   1479159808    739579904
    25423040            1        1472.451     50846080     25423040
    25423040            2        2935.332    101692160     50846080
    25423040            4        4446.274    203384320    101692160
    25423040            8        7286.106    406768640    203384320
    25423040           16       13120.171    813537280    406768640
    25423040           32       24733.169   1627074560    813537280
    27965344            1        1633.751     55930688     27965344
    27965344            2        3251.133    111861376     55930688
    27965344            4        4946.054    223722752    111861376
    27965344            8        8190.357    447445504    223722752
    27965344           16       14718.081    894891008    447445504
    27965344           32       27816.343   1789782016    894891008
    30761856            1        1779.592     61523712     30761856
    30761856            2        3607.413    123047424     61523712
    30761856            4        5390.284    246094848    123047424
    30761856            8        9001.147    492189696    246094848
    30761856           16       16254.764    984379392    492189696
    30761856           32       30706.424   1968758784    984379392
    33838016            1        1967.192     67676032     33838016
    33838016            2        3948.053    135352064     67676032
    33838016            4        5947.665    270704128    135352064
    33838016            8        9919.868    541408256    270704128
    33838016           16       17876.034   1082816512    541408256
    37221792            1        2176.541     74443584     37221792
    37221792            2        4349.444    148887168     74443584
    37221792            4        6521.805    297774336    148887168
    37221792            8       10902.629    595548672    297774336
    37221792           16       19680.726   1191097344    595548672
    40943968            1        2380.762     81887936     40943968
    40943968            2        4786.894    163775872     81887936
    40943968            4        7186.496    327551744    163775872
    40943968            8       12005.960    655103488    327551744
    40943968           16       21595.027   1310206976    655103488
    45038336            1        2625.222     90076672     45038336
    45038336            2        5275.164    180153344     90076672
    45038336            4        7920.447    360306688    180153344
    45038336            8       13204.340    720613376    360306688
    45038336           16       23798.579   1441226752    720613376
    49542144            1        2897.082     99084288     49542144
    49542144            2        5781.695    198168576     99084288
    49542144            4        8693.827    396337152    198168576
    49542144            8       14566.022    792674304    396337152
    49542144           16       26235.011   1585348608    792674304
    54496352            1        3177.172    108992704     54496352
    54496352            2        6372.435    217985408    108992704
    54496352            4        9571.908    435970816    217985408
    54496352            8       16384.743    871941632    435970816
    54496352           16       28753.463   1743883264    871941632
    59945984            1        3521.243    119891968     59945984
    59945984            2        6998.626    239783936    119891968
    59945984            4       10873.188    479567872    239783936
    59945984            8       17496.484    959135744    479567872
    59945984           16       31767.256   1918271488    959135744
    65940576            1        3829.543    131881152     65940576
    65940576            2        7712.426    263762304    131881152
    65940576            4       11571.899    527524608    263762304
    65940576            8       19319.876   1055049216    527524608
    65940576           16       34916.718   2110098432   1055049216
    72534624            1        4254.733    145069248     72534624
    72534624            2        8458.927    290138496    145069248
    72534624            4       12735.450    580276992    290138496
    72534624            8       21318.628   1160553984    580276992
    79788064            1        4656.274    159576128     79788064
    79788064            2        9331.247    319152256    159576128
    79788064            4       14008.282    638304512    319152256
    79788064            8       23426.809   1276609024    638304512
    87766848            1        5136.944    175533696     87766848
    87766848            2       10508.849    351067392    175533696
    87766848            4       15672.993    702134784    351067392
    87766848            8       25935.731   1404269568    702134784
    96543520            1        5701.474    193087040     96543520
    96543520            2       11479.370    386174080    193087040
    96543520            4       16920.813    772348160    386174080
    96543520            8       28318.513   1544696320    772348160
   106197856            1        6203.125    212395712    106197856
   106197856            2       12428.740    424791424    212395712
   106197856            4       18662.245    849582848    424791424
   106197856            8       31228.155   1699165696    849582848
   116817632            1        6816.085    233635264    116817632
   116817632            2       13654.831    467270528    233635264
   116817632            4       20534.177    934541056    467270528
   116817632            8       34347.558   1869082112    934541056
   128499392            1        7503.396    256998784    128499392
   128499392            2       15015.022    513997568    256998784
   128499392            4       22601.369   1027995136    513997568
   128499392            8       37858.270   2055990272   1027995136
   141349312            1        8252.026    282698624    141349312
   141349312            2       16525.014    565397248    282698624
   141349312            4       24886.150   1130794496    565397248
   155484224            1        9072.757    310968448    155484224
   155484224            2       18175.104    621936896    310968448
   155484224            4       27262.663   1243873792    621936896
   171032640            1        9973.458    342065280    171032640
   171032640            2       20007.286    684130560    342065280
   171032640            4       30031.765   1368261120    684130560
   188135904            1       10948.239    376271808    188135904
   188135904            2       21972.188    752543616    376271808
   188135904            4       33023.556   1505087232    752543616
   206949472            1       12115.710    413898944    206949472
   206949472            2       26068.121    827797888    413898944
   206949472            4       37735.720   1655595776    827797888
   227644416            1       13832.241    455288832    227644416
   227644416            2       27594.722    910577664    455288832
   227644416            4       41233.353   1821155328    910577664
   250408832            1       14620.952    500817664    250408832
   250408832            2       29287.643   1001635328    500817664
   250408832            4       43925.086   2003270656   1001635328
   275449696            1       16087.483    550899392    275449696
   275449696            2       32283.136   1101798784    550899392
   302994656            1       17696.735    605989312    302994656
   302994656            2       35353.688   1211978624    605989312
   333294112            1       19464.945    666588224    333294112
   333294112            2       38923.892   1333176448    666588224
   366623520            1       21374.158    733247040    366623520
   366623520            2       42880.844   1466494080    733247040
   403285856            1       23814.149    806571712    403285856
   403285856            2       47131.268   1613143424    806571712
   443614432            1       25889.110    887228864    443614432
   443614432            2       51853.932   1774457728    887228864
   487975872            1       28493.073    975951744    487975872
   487975872            2       57107.796   1951903488    975951744
   536773440            1       31279.525   1073546880    536773440
   536773440            2       62747.541   2147093760   1073546880
   590450784            1       34465.618   1180901568    590450784
   649495840            1       37910.831   1298991680    649495840
   714445408            1       41709.074   1428890816    714445408
   785889920            1       45818.117   1571779840    785889920
   864478912            1       50472.131   1728957824    864478912
   950926784            1       55571.305   1901853568    950926784
  1046019456            1       61207.219   2092038912   1046019456

META_DATA
FLOPS          8
OPENMP_THREADS 4
ERT_VERSION  1.1.0
HOSTNAME  ('pve.fritz.box', ['pve'], ['192.168.188.21'])
UNAME  uname_result(system='Linux', node='pve', release='6.14.8-2-pve', version='#1 SMP PREEMPT_DYNAMIC PMX 6.14.8-2 (2025-07-22T10:04Z)', machine='x86_64')
TIMESTAMP_DATA  1765907452.9608858
CONFIG  {'ERT_MPI': ['False'], 'ERT_OPENMP': ['True'], 'ERT_OPENMP_CFLAGS': ['-fopenmp'], 'ERT_OPENMP_LDFLAGS': ['-fopenmp'], 'ERT_PRECISION': ['FP64'], 'ERT_TRIALS_MIN': ['1'], 'ERT_TRIALS': ['3', '#', 'Run', 'each', 'test', '3', 'times', 'to', 'filter', 'out', 'background', 'noise'], 'ERT_RESULTS': ['Results/1600X'], 'ERT_GNUPLOT': ['gnuplot'], 'ERT_DRIVER': ['driver1'], 'ERT_KERNEL': ['kernel1'], 'ERT_CC': ['g++'], 'ERT_LD': ['g++'], 'ERT_CFLAGS': ['-O3', '-march=native', '-fopenmp', '-fstrict-aliasing', '-funroll-loops', '-Wno-all'], 'ERT_LDFLAGS': ['-O3', '-march=native', '-fopenmp'], 'ERT_LDLIBS': ['-lm'], 'ERT_RUN': ['export', 'OMP_NUM_THREADS=ERT_OPENMP_THREADS;', './ERT_CODE'], 'ERT_WORKING_SET_MIN': ['128'], 'ERT_MEMORY_MAX': ['1073741824'], 'ERT_ALIGN': ['64'], 'ERT_MIN_PROCS': ['1'], 'ERT_MAX_PROCS': ['1'], 'ERT_OPENMP_THREADS': ['1,2,4,8,12', '#', 'Logical', 'Threads'], 'ERT_NUM_EXPERIMENTS': ['5'], 'ERT_FLOPS': ['1,2,4,8'], 'ERT_GPU': [False], 'ERT_HIP': [False], 'ERT_OCL': [False], 'ERT_SYCL': [False], 'ERT_WSS_MULT': [1.1]}
