fp64
        2048            1           0.960         4096          512
        2048            2           0.520         8192         1024
        2048            4           0.560        16384         2048
        2048            8           0.630        32768         4096
        2048           16           0.700        65536         8192
        2048           32           1.010       131072        16384
        2048           64           1.350       262144        32768
        2048          128           2.120       524288        65536
        2048          256           4.040      1048576       131072
        2048          512           7.190      2097152       262144
        2048         1024          14.820      4194304       524288
        2048         2048          27.430      8388608      1048576
        2048         4096          58.000     16777216      2097152
        2048         8192         115.570     33554432      4194304
        2048        16384         216.310     67108864      8388608
        2048        32768         456.781    134217728     16777216
        2048        65536         850.650    268435456     33554432
        2048       131072        1783.732    536870912     67108864
        2048       262144        3509.243   1073741824    134217728
        2048       524288        6911.925   2147483648    268435456
        2240            1           2.230         4480          560
        2240            2           0.540         8960         1120
        2240            4           0.560        17920         2240
        2240            8           0.600        35840         4480
        2240           16           0.690        71680         8960
        2240           32           0.910       143360        17920
        2240           64           1.350       286720        35840
        2240          128           2.340       573440        71680
        2240          256           4.090      1146880       143360
        2240          512           7.720      2293760       286720
        2240         1024          14.981      4587520       573440
        2240         2048          30.690      9175040      1146880
        2240         4096          58.560     18350080      2293760
        2240         8192         116.690     36700160      4587520
        2240        16384         232.930     73400320      9175040
        2240        32768         477.620    146800640     18350080
        2240        65536         962.391    293601280     36700160
        2240       131072        1866.331    587202560     73400320
        2240       262144        3843.094   1174405120    146800640
        2464            1           2.660         4928          616
        2464            2           0.540         9856         1232
        2464            4           0.570        19712         2464
        2464            8           0.620        39424         4928
        2464           16           0.720        78848         9856
        2464           32           0.980       157696        19712
        2464           64           1.450       315392        39424
        2464          128           2.560       630784        78848
        2464          256           4.460      1261568       157696
        2464          512           8.750      2523136       315392
        2464         1024          16.590      5046272       630784
        2464         2048          34.330     10092544      1261568
        2464         4096          66.980     20185088      2523136
        2464         8192         135.910     40370176      5046272
        2464        16384         265.570     80740352     10092544
        2464        32768         543.271    161480704     20185088
        2464        65536        1039.041    322961408     40370176
        2464       131072        2083.291    645922816     80740352
        2464       262144        4234.684   1291845632    161480704
        2704            1           1.310         5408          676
        2704            2           0.640        10816         1352
        2704            4           0.570        21632         2704
        2704            8           0.690        43264         5408
        2704           16           0.920        86528        10816
        2704           32           1.040       173056        21632
        2704           64           1.580       346112        43264
        2704          128           2.700       692224        86528
        2704          256           4.910      1384448       173056
        2704          512           9.730      2768896       346112
        2704         1024          18.260      5537792       692224
        2704         2048          37.380     11075584      1384448
        2704         4096          72.140     22151168      2768896
        2704         8192         154.910     44302336      5537792
        2704        16384         299.410     88604672     11075584
        2704        32768         569.221    177209344     22151168
        2704        65536        1165.531    354418688     44302336
        2704       131072        2295.662    708837376     88604672
        2704       262144        4578.343   1417674752    177209344
        2960            1           1.360         5920          740
        2960            2           0.520        11840         1480
        2960            4           0.550        23680         2960
        2960            8           0.720        47360         5920
        2960           16           0.880        94720        11840
        2960           32           1.100       189440        23680
        2960           64           1.680       378880        47360
        2960          128           2.920       757760        94720
        2960          256           5.420      1515520       189440
        2960          512          10.630      3031040       378880
        2960         1024          20.480      6062080       757760
        2960         2048          41.180     12124160      1515520
        2960         4096          78.160     24248320      3031040
        2960         8192         155.300     48496640      6062080
        2960        16384         316.600     96993280     12124160
        2960        32768         639.981    193986560     24248320
        2960        65536        1293.541    387973120     48496640
        2960       131072        2510.872    775946240     96993280
        2960       262144        5045.894   1551892480    193986560
        3248            1           1.240         6496          812
        3248            2           0.530        12992         1624
        3248            4           0.590        25984         3248
        3248            8           0.670        51968         6496
        3248           16           0.810       103936        12992
        3248           32           1.290       207872        25984
        3248           64           1.820       415744        51968
        3248          128           3.140       831488       103936
        3248          256           5.840      1662976       207872
        3248          512          11.430      3325952       415744
        3248         1024          21.900      6651904       831488
        3248         2048          44.020     13303808      1662976
        3248         4096          86.650     26607616      3325952
        3248         8192         173.700     53215232      6651904
        3248        16384         356.080    106430464     13303808
        3248        32768         707.281    212860928     26607616
        3248        65536        1389.621    425721856     53215232
        3248       131072        2780.762    851443712    106430464
        3248       262144        5533.695   1702887424    212860928
        3568            1           1.080         7136          892
        3568            2           0.660        14272         1784
        3568            4           0.730        28544         3568
        3568            8           0.690        57088         7136
        3568           16           0.870       114176        14272
        3568           32           1.220       228352        28544
        3568           64           1.960       456704        57088
        3568          128           3.400       913408       114176
        3568          256           6.480      1826816       228352
        3568          512          12.120      3653632       456704
        3568         1024          23.770      7307264       913408
        3568         2048          47.160     14614528      1826816
        3568         4096          94.220     29229056      3653632
        3568         8192         197.340     58458112      7307264
        3568        16384         385.701    116916224     14614528
        3568        32768         759.610    233832448     29229056
        3568        65536        1524.102    467664896     58458112
        3568       131072        3027.562    935329792    116916224
        3568       262144        6088.735   1870659584    233832448
        3920            1           1.120         7840          980
        3920            2           0.550        15680         1960
        3920            4           0.600        31360         3920
        3920            8           0.700        62720         7840
        3920           16           0.880       125440        15680
        3920           32           1.450       250880        31360
        3920           64           2.100       501760        62720
        3920          128           9.330      1003520       125440
        3920          256           7.110      2007040       250880
        3920          512          13.560      4014080       501760
        3920         1024          26.390      8028160      1003520
        3920         2048          52.880     16056320      2007040
        3920         4096         104.350     32112640      4014080
        3920         8192         210.520     64225280      8028160
        3920        16384         416.471    128450560     16056320
        3920        32768         840.210    256901120     32112640
        3920        65536        1689.682    513802240     64225280
        3920       131072        3371.683   1027604480    128450560
        3920       262144        6720.235   2055208960    256901120
        4304            1           1.580         8608         1076
        4304            2           0.710        17216         2152
        4304            4           0.610        34432         4304
        4304            8           0.740        68864         8608
        4304           16           0.950       137728        17216
        4304           32           1.390       275456        34432
        4304           64           2.250       550912        68864
        4304          128           3.990      1101824       137728
        4304          256           7.580      2203648       275456
        4304          512          14.510      4407296       550912
        4304         1024          28.950      8814592      1101824
        4304         2048          57.760     17629184      2203648
        4304         4096         114.890     35258368      4407296
        4304         8192         232.491     70516736      8814592
        4304        16384         458.630    141033472     17629184
        4304        32768         911.161    282066944     35258368
        4304        65536        1835.591    564133888     70516736
        4304       131072        3659.673   1128267776    141033472
        4720            1           1.940         9440         1180
        4720            2           0.880        18880         2360
        4720            4           0.620        37760         4720
        4720            8           0.730        75520         9440
        4720           16           0.970       151040        18880
        4720           32           1.470       302080        37760
        4720           64           2.400       604160        75520
        4720          128           4.450      1208320       151040
        4720          256           8.150      2416640       302080
        4720          512          16.020      4833280       604160
        4720         1024          31.580      9666560      1208320
        4720         2048          61.911     19333120      2416640
        4720         4096         129.850     38666240      4833280
        4720         8192         259.510     77332480      9666560
        4720        16384         503.760    154664960     19333120
        4720        32768         997.161    309329920     38666240
        4720        65536        2033.532    618659840     77332480
        4720       131072        4016.853   1237319680    154664960
        5184            1           2.240        10368         1296
        5184            2           0.620        20736         2592
        5184            4           0.630        41472         5184
        5184            8           0.800        82944        10368
        5184           16           1.030       165888        20736
        5184           32           1.530       331776        41472
        5184           64           2.640       663552        82944
        5184          128           4.730      1327104       165888
        5184          256           8.940      2654208       331776
        5184          512          17.280      5308416       663552
        5184         1024          34.090     10616832      1327104
        5184         2048          67.720     21233664      2654208
        5184         4096         134.960     42467328      5308416
        5184         8192         276.130     84934656     10616832
        5184        16384         554.671    169869312     21233664
        5184        32768        1107.571    339738624     42467328
        5184        65536        2251.652    679477248     84934656
        5184       131072        4322.773   1358954496    169869312
        5696            1           1.960        11392         1424
        5696            2           0.580        22784         2848
        5696            4           0.650        45568         5696
        5696            8           0.800        91136        11392
        5696           16           1.080       182272        22784
        5696           32           1.640       364544        45568
        5696           64           2.890       729088        91136
        5696          128           5.110      1458176       182272
        5696          256          10.130      2916352       364544
        5696          512          18.960      5832704       729088
        5696         1024          37.421     11665408      1458176
        5696         2048          74.420     23330816      2916352
        5696         4096         148.270     46661632      5832704
        5696         8192         296.050     93323264     11665408
        5696        16384         598.420    186646528     23330816
        5696        32768        1203.221    373293056     46661632
        5696        65536        2396.072    746586112     93323264
        5696       131072        4823.854   1493172224    186646528
        6256            1           1.290        12512         1564
        6256            2           0.650        25024         3128
        6256            4           0.670        50048         6256
        6256            8           0.830       100096        12512
        6256           16           1.150       200192        25024
        6256           32           1.880       400384        50048
        6256           64           3.070       800768       100096
        6256          128           5.830      1601536       200192
        6256          256          10.660      3203072       400384
        6256          512          21.930      6406144       800768
        6256         1024          41.990     12812288      1601536
        6256         2048          83.501     25624576      3203072
        6256         4096         166.520     51249152      6406144
        6256         8192         325.960    102498304     12812288
        6256        16384         683.301    204996608     25624576
        6256        32768        1342.521    409993216     51249152
        6256        65536        2635.792    819986432    102498304
        6256       131072        5260.584   1639972864    204996608
        6880            1           1.400        13760         1720
        6880            2           0.590        27520         3440
        6880            4           0.690        55040         6880
        6880            8           0.870       110080        13760
        6880           16           1.240       220160        27520
        6880           32           1.900       440320        55040
        6880           64           3.300       880640       110080
        6880          128           6.260      1761280       220160
        6880          256          11.670      3522560       440320
        6880          512          23.540      7045120       880640
        6880         1024          50.830     14090240      1761280
        6880         2048          91.760     28180480      3522560
        6880         4096         184.821     56360960      7045120
        6880         8192         374.500    112721920     14090240
        6880        16384         738.630    225443840     28180480
        6880        32768        1491.462    450887680     56360960
        6880        65536        2942.742    901775360    112721920
        6880       131072        5893.975   1803550720    225443840
        7568            1           2.010        15136         1892
        7568            2           0.590        30272         3784
        7568            4           0.700        60544         7568
        7568            8           0.920       121088        15136
        7568           16           1.300       242176        30272
        7568           32           2.060       484352        60544
        7568           64           3.680       968704       121088
        7568          128           7.040      1937408       242176
        7568          256          13.250      3874816       484352
        7568          512          26.060      7749632       968704
        7568         1024          56.240     15499264      1937408
        7568         2048         100.800     30998528      3874816
        7568         4096         206.980     61997056      7749632
        7568         8192         410.051    123994112     15499264
        7568        16384         812.770    247988224     30998528
        7568        32768        1627.582    495976448     61997056
        7568        65536        3282.542    991952896    123994112
        7568       131072        6561.276   1983905792    247988224
        8320            1           2.660        16640         2080
        8320            2           0.610        33280         4160
        8320            4           0.730        66560         8320
        8320            8           0.950       133120        16640
        8320           16           1.380       266240        33280
        8320           32           2.270       532480        66560
        8320           64           4.250      1064960       133120
        8320          128           7.490      2129920       266240
        8320          256          14.460      4259840       532480
        8320          512          28.410      8519680      1064960
        8320         1024          56.940     17039360      2129920
        8320         2048         112.140     34078720      4259840
        8320         4096         225.030     68157440      8519680
        8320         8192         456.251    136314880     17039360
        8320        16384         908.960    272629760     34078720
        8320        32768        1798.842    545259520     68157440
        8320        65536        3608.513   1090519040    136314880
        9152            1           1.400        18304         2288
        9152            2           0.820        36608         4576
        9152            4           0.760        73216         9152
        9152            8           1.000       146432        18304
        9152           16           1.470       292864        36608
        9152           32           2.430       585728        73216
        9152           64           4.270      1171456       146432
        9152          128           7.940      2342912       292864
        9152          256          15.660      4685824       585728
        9152          512          31.120      9371648      1171456
        9152         1024          60.710     18743296      2342912
        9152         2048         119.650     37486592      4685824
        9152         4096         248.360     74973184      9371648
        9152         8192         482.061    149946368     18743296
        9152        16384         972.300    299892736     37486592
        9152        32768        1953.552    599785472     74973184
        9152        65536        3851.033   1199570944    149946368
       10064            1           1.150        20128         2516
       10064            2           0.720        40256         5032
       10064            4           0.780        80512        10064
       10064            8           1.050       161024        20128
       10064           16           1.630       322048        40256
       10064           32           2.590       644096        80512
       10064           64           4.720      1288192       161024
       10064          128           8.960      2576384       322048
       10064          256          17.390      5152768       644096
       10064          512          33.850     10305536      1288192
       10064         1024          67.351     20611072      2576384
       10064         2048         136.530     41222144      5152768
       10064         4096         272.380     82444288     10305536
       10064         8192         535.210    164888576     20611072
       10064        16384        1092.731    329777152     41222144
       10064        32768        2148.282    659554304     82444288
       10064        65536        4332.023   1319108608    164888576
       11056            1           1.860        22112         2764
       11056            2           0.690        44224         5528
       11056            4           0.820        88448        11056
       11056            8           1.120       176896        22112
       11056           16           1.670       353792        44224
       11056           32           2.850       707584        88448
       11056           64           5.070      1415168       176896
       11056          128           9.730      2830336       353792
       11056          256          19.100      5660672       707584
       11056          512          37.770     11321344      1415168
       11056         1024          73.250     22642688      2830336
       11056         2048         150.240     45285376      5660672
       11056         4096         304.120     90570752     11321344
       11056         8192         584.121    181141504     22642688
       11056        16384        1188.451    362283008     45285376
       11056        32768        2392.372    724566016     90570752
       11056        65536        4777.783   1449132032    181141504
       12160            1           2.200        24320         3040
       12160            2           0.690        48640         6080
       12160            4           0.870        97280        12160
       12160            8           1.170       194560        24320
       12160           16           1.780       389120        48640
       12160           32           3.040       778240        97280
       12160           64           5.530      1556480       194560
       12160          128          10.540      3112960       389120
       12160          256          20.900      6225920       778240
       12160          512          41.170     12451840      1556480
       12160         1024          80.650     24903680      3112960
       12160         2048         163.540     49807360      6225920
       12160         4096         329.650     99614720     12451840
       12160         8192         661.901    199229440     24903680
       12160        16384        1312.161    398458880     49807360
       12160        32768        2612.932    796917760     99614720
       12160        65536        5196.254   1593835520    199229440
       13376            1           1.830        26752         3344
       13376            2           0.770        53504         6688
       13376            4           0.880       107008        13376
       13376            8           1.230       214016        26752
       13376           16           2.110       428032        53504
       13376           32           3.320       856064       107008
       13376           64           6.130      1712128       214016
       13376          128          11.750      3424256       428032
       13376          256          22.510      6848512       856064
       13376          512          44.800     13697024      1712128
       13376         1024          93.970     27394048      3424256
       13376         2048         180.121     54788096      6848512
       13376         4096         359.790    109576192     13697024
       13376         8192         703.590    219152384     27394048
       13376        16384        1441.692    438304768     54788096
       13376        32768        2818.182    876609536    109576192
       13376        65536        5683.064   1753219072    219152384
       14704            1           1.690        29408         3676
       14704            2           0.750        58816         7352
       14704            4           0.930       117632        14704
       14704            8           1.330       235264        29408
       14704           16           2.090       470528        58816
       14704           32           3.650       941056       117632
       14704           64           6.870      1882112       235264
       14704          128          13.510      3764224       470528
       14704          256          25.890      7528448       941056
       14704          512          51.240     15056896      1882112
       14704         1024         101.950     30113792      3764224
       14704         2048         205.530     60227584      7528448
       14704         4096         399.600    120455168     15056896
       14704         8192         803.581    240910336     30113792
       14704        16384        1578.211    481820672     60227584
       14704        32768        3148.513    963641344    120455168
       14704        65536        6357.125   1927282688    240910336
       16160            1           2.340        32320         4040
       16160            2           1.160        64640         8080
       16160            4           0.980       129280        16160
       16160            8           1.430       258560        32320
       16160           16           2.290       517120        64640
       16160           32           3.990      1034240       129280
       16160           64           7.420      2068480       258560
       16160          128          14.430      4136960       517120
       16160          256          27.880      8273920      1034240
       16160          512          55.520     16547840      2068480
       16160         1024         111.630     33095680      4136960
       16160         2048         220.491     66191360      8273920
       16160         4096         434.640    132382720     16547840
       16160         8192         883.971    264765440     33095680
       16160        16384        1774.391    529530880     66191360
       16160        32768        3528.813   1059061760    132382720
       16160        65536        7070.426   2118123520    264765440
       17776            1           2.640        35552         4444
       17776            2           0.790        71104         8888
       17776            4           1.110       142208        17776
       17776            8           1.520       284416        35552
       17776           16           2.410       568832        71104
       17776           32           4.390      1137664       142208
       17776           64           8.180      2275328       284416
       17776          128          15.360      4550656       568832
       17776          256          31.300      9101312      1137664
       17776          512          59.640     18202624      2275328
       17776         1024         119.710     36405248      4550656
       17776         2048         250.820     72810496      9101312
       17776         4096         489.291    145620992     18202624
       17776         8192         971.640    291241984     36405248
       17776        16384        1933.522    582483968     72810496
       17776        32768        3840.023   1164967936    145620992
       19552            1           1.920        39104         4888
       19552            2           1.070        78208         9776
       19552            4           1.250       156416        19552
       19552            8           1.620       312832        39104
       19552           16           2.610       625664        78208
       19552           32           4.690      1251328       156416
       19552           64           8.820      2502656       312832
       19552          128          17.080      5005312       625664
       19552          256          34.570     10010624      1251328
       19552          512          64.710     20021248      2502656
       19552         1024         132.941     40042496      5005312
       19552         2048         267.110     80084992     10010624
       19552         4096         529.840    160169984     20021248
       19552         8192        1055.621    320339968     40042496
       19552        16384        2117.832    640679936     80084992
       19552        32768        4303.773   1281359872    160169984
       21504            1           3.130        43008         5376
       21504            2           0.870        86016        10752
       21504            4           1.260       172032        21504
       21504            8           1.720       344064        43008
       21504           16           2.790       688128        86016
       21504           32           5.010      1376256       172032
       21504           64           9.420      2752512       344064
       21504          128          18.060      5505024       688128
       21504          256          35.951     11010048      1376256
       21504          512          70.470     22020096      2752512
       21504         1024         141.870     44040192      5505024
       21504         2048         280.960     88080384     11010048
       21504         4096         568.090    176160768     22020096
       21504         8192        1129.281    352321536     44040192
       21504        16384        2252.732    704643072     88080384
       21504        32768        4510.594   1409286144    176160768
       23648            1           2.510        47296         5912
       23648            2           0.970        94592        11824
       23648            4           1.240       189184        23648
       23648            8           1.850       378368        47296
       23648           16           3.160       756736        94592
       23648           32           5.720      1513472       189184
       23648           64          10.860      3026944       378368
       23648          128          20.720      6053888       756736
       23648          256          40.990     12107776      1513472
       23648          512          81.230     24215552      3026944
       23648         1024         165.250     48431104      6053888
       23648         2048         331.290     96862208     12107776
       23648         4096         653.551    193724416     24215552
       23648         8192        1321.701    387448832     48431104
       23648        16384        2540.072    774897664     96862208
       23648        32768        5068.804   1549795328    193724416
       26000            1           2.360        52000         6500
       26000            2           0.930       104000        13000
       26000            4           1.310       208000        26000
       26000            8           2.030       416000        52000
       26000           16           3.360       832000       104000
       26000           32           5.990      1664000       208000
       26000           64          11.740      3328000       416000
       26000          128          22.470      6656000       832000
       26000          256          43.470     13312000      1664000
       26000          512          91.891     26624000      3328000
       26000         1024         175.710     53248000      6656000
       26000         2048         350.830    106496000     13312000
       26000         4096         686.581    212992000     26624000
       26000         8192        1451.591    425984000     53248000
       26000        16384        2793.852    851968000    106496000
       26000        32768        5619.415   1703936000    212992000
       28592            1           3.280        57184         7148
       28592            2           1.080       114368        14296
       28592            4           1.440       228736        28592
       28592            8           2.110       457472        57184
       28592           16           3.650       914944       114368
       28592           32           6.670      1829888       228736
       28592           64          12.890      3659776       457472
       28592          128          25.530      7319552       914944
       28592          256          50.540     14639104      1829888
       28592          512         100.190     29278208      3659776
       28592         1024         200.110     58556416      7319552
       28592         2048         399.410    117112832     14639104
       28592         4096         798.551    234225664     29278208
       28592         8192        1510.751    468451328     58556416
       28592        16384        3029.713    936902656    117112832
       28592        32768        6161.615   1873805312    234225664
       31440            1           2.400        62880         7860
       31440            2           1.210       125760        15720
       31440            4           1.620       251520        31440
       31440            8           2.370       503040        62880
       31440           16           3.850      1006080       125760
       31440           32           7.130      2012160       251520
       31440           64          13.950      4024320       503040
       31440          128          26.340      8048640      1006080
       31440          256          53.390     16097280      2012160
       31440          512         107.100     32194560      4024320
       31440         1024         216.320     64389120      8048640
       31440         2048         424.061    128778240     16097280
       31440         4096         845.350    257556480     32194560
       31440         8192        1677.782    515112960     64389120
       31440        16384        3380.872   1030225920    128778240
       31440        32768        6694.616   2060451840    257556480
       34576            1           2.470        69152         8644
       34576            2           1.110       138304        17288
       34576            4           1.550       276608        34576
       34576            8           2.470       553216        69152
       34576           16           4.450      1106432       138304
       34576           32           7.700      2212864       276608
       34576           64          14.850      4425728       553216
       34576          128          28.920      8851456      1106432
       34576          256          57.040     17702912      2212864
       34576          512         113.800     35405824      4425728
       34576         1024         226.890     70811648      8851456
       34576         2048         456.571    141623296     17702912
       34576         4096         904.470    283246592     35405824
       34576         8192        1807.322    566493184     70811648
       34576        16384        3618.453   1132986368    141623296
       38032            1           2.710        76064         9508
       38032            2           1.350       152128        19016
       38032            4           1.730       304256        38032
       38032            8           2.730       608512        76064
       38032           16           4.560      1217024       152128
       38032           32           8.690      2434048       304256
       38032           64          16.710      4868096       608512
       38032          128          31.600      9736192      1217024
       38032          256          62.870     19472384      2434048
       38032          512         129.760     38944768      4868096
       38032         1024         249.230     77889536      9736192
       38032         2048         513.501    155779072     19472384
       38032         4096         993.131    311558144     38944768
       38032         8192        2048.751    623116288     77889536
       38032        16384        4050.664   1246232576    155779072
       41824            1           4.490        83648        10456
       41824            2           1.730       167296        20912
       41824            4           1.790       334592        41824
       41824            8           2.880       669184        83648
       41824           16           5.140      1338368       167296
       41824           32           9.630      2676736       334592
       41824           64          18.960      5353472       669184
       41824          128          42.400     10706944      1338368
       41824          256          73.740     21413888      2676736
       41824          512         137.570     42827776      5353472
       41824         1024         292.050     85655552     10706944
       41824         2048         568.651    171311104     21413888
       41824         4096        1113.981    342622208     42827776
       41824         8192        2256.721    685244416     85655552
       41824        16384        4557.394   1370488832    171311104
       46000            1           4.530        92000        11500
       46000            2           1.340       184000        23000
       46000            4           2.220       368000        46000
       46000            8           3.120       736000        92000
       46000           16           5.550      1472000       184000
       46000           32          10.300      2944000       368000
       46000           64          20.760      5888000       736000
       46000          128          40.880     11776000      1472000
       46000          256          81.110     23552000      2944000
       46000          512         154.540     47104000      5888000
       46000         1024         321.561     94208000     11776000
       46000         2048         612.770    188416000     23552000
       46000         4096        1214.051    376832000     47104000
       46000         8192        2483.012    753664000     94208000
       46000        16384        5028.934   1507328000    188416000
       50592            1           3.470       101184        12648
       50592            2           1.510       202368        25296
       50592            4           2.130       404736        50592
       50592            8           3.450       809472       101184
       50592           16           5.950      1618944       202368
       50592           32          11.520      3237888       404736
       50592           64          21.360      6475776       809472
       50592          128          42.071     12951552      1618944
       50592          256          88.970     25903104      3237888
       50592          512         177.430     51806208      6475776
       50592         1024         359.370    103612416     12951552
       50592         2048         708.721    207224832     25903104
       50592         4096        1328.191    414449664     51806208
       50592         8192        2769.212    828899328    103612416
       50592        16384        5396.544   1657798656    207224832
       55648            1           3.820       111296        13912
       55648            2           1.720       222592        27824
       55648            4           2.240       445184        55648
       55648            8           3.690       890368       111296
       55648           16           6.530      1780736       222592
       55648           32          12.170      3561472       445184
       55648           64          25.030      7122944       890368
       55648          128          49.110     14245888      1780736
       55648          256          91.760     28491776      3561472
       55648          512         185.550     56983552      7122944
       55648         1024         394.750    113967104     14245888
       55648         2048         747.481    227934208     28491776
       55648         4096        1492.171    455868416     56983552
       55648         8192        3000.292    911736832    113967104
       55648        16384        6054.975   1823473664    227934208
       61200            1           4.280       122400        15300
       61200            2           1.810       244800        30600
       61200            4           2.530       489600        61200
       61200            8           4.050       979200       122400
       61200           16           7.120      1958400       244800
       61200           32          13.370      3916800       489600
       61200           64          27.480      7833600       979200
       61200          128          52.600     15667200      1958400
       61200          256         102.121     31334400      3916800
       61200          512         214.850     62668800      7833600
       61200         1024         408.140    125337600     15667200
       61200         2048         859.991    250675200     31334400
       61200         4096        1628.131    501350400     62668800
       61200         8192        3340.453   1002700800    125337600
       61200        16384        6679.175   2005401600    250675200
       67312            1           4.400       134624        16828
       67312            2           1.990       269248        33656
       67312            4           2.990       538496        67312
       67312            8           4.530      1076992       134624
       67312           16           7.910      2153984       269248
       67312           32          14.810      4307968       538496
       67312           64          28.590      8615936      1076992
       67312          128          57.350     17231872      2153984
       67312          256         117.800     34463744      4307968
       67312          512         228.271     68927488      8615936
       67312         1024         462.130    137854976     17231872
       67312         2048         896.061    275709952     34463744
       67312         4096        1833.801    551419904     68927488
       67312         8192        3602.923   1102839808    137854976
       74032            1           4.980       148064        18508
       74032            2           2.490       296128        37016
       74032            4           3.140       592256        74032
       74032            8           5.120      1184512       148064
       74032           16           9.070      2369024       296128
       74032           32          16.800      4738048       592256
       74032           64          32.540      9476096      1184512
       74032          128          63.200     18952192      2369024
       74032          256         125.781     37904384      4738048
       74032          512         248.810     75808768      9476096
       74032         1024         496.520    151617536     18952192
       74032         2048         985.841    303235072     37904384
       74032         4096        1991.462    606470144     75808768
       74032         8192        3992.033   1212940288    151617536
       81424            1           6.230       162848        20356
       81424            2           2.400       325696        40712
       81424            4           3.400       651392        81424
       81424            8           5.600      1302784       162848
       81424           16           9.870      2605568       325696
       81424           32          18.610      5211136       651392
       81424           64          35.970     10422272      1302784
       81424          128          70.750     20844544      2605568
       81424          256         140.160     41689088      5211136
       81424          512         280.380     83378176     10422272
       81424         1024         550.401    166756352     20844544
       81424         2048        1078.571    333512704     41689088
       81424         4096        2151.291    667025408     83378176
       81424         8192        4339.084   1334050816    166756352
       89552            1           6.460       179104        22388
       89552            2           2.480       358208        44776
       89552            4           3.940       716416        89552
       89552            8           6.130      1432832       179104
       89552           16          10.730      2865664       358208
       89552           32          19.940      5731328       716416
       89552           64          38.140     11462656      1432832
       89552          128          76.790     22925312      2865664
       89552          256         150.310     45850624      5731328
       89552          512         298.841     91701248     11462656
       89552         1024         608.050    183402496     22925312
       89552         2048        1188.511    366804992     45850624
       89552         4096        2381.062    733609984     91701248
       89552         8192        4772.514   1467219968    183402496
       98496            1           7.420       196992        24624
       98496            2           2.690       393984        49248
       98496            4           4.260       787968        98496
       98496            8           6.700      1575936       196992
       98496           16          11.760      3151872       393984
       98496           32          22.770      6303744       787968
       98496           64          41.740     12607488      1575936
       98496          128          84.390     25214976      3151872
       98496          256         169.790     50429952      6303744
       98496          512         326.350    100859904     12607488
       98496         1024         658.841    201719808     25214976
       98496         2048        1306.821    403439616     50429952
       98496         4096        2642.252    806879232    100859904
       98496         8192        5252.464   1613758464    201719808
      108336            1           8.030       216672        27084
      108336            2           3.150       433344        54168
      108336            4           4.340       866688       108336
      108336            8           7.180      1733376       216672
      108336           16          12.700      3466752       433344
      108336           32          23.990      6933504       866688
      108336           64          46.440     13867008      1733376
      108336          128          92.300     27734016      3466752
      108336          256         184.900     55468032      6933504
      108336          512         367.620    110936064     13867008
      108336         1024         732.861    221872128     27734016
      108336         2048        1441.961    443744256     55468032
      108336         4096        2870.052    887488512    110936064
      108336         8192        5806.075   1774977024    221872128
      119168            1           6.180       238336        29792
      119168            2           3.380       476672        59584
      119168            4           4.750       953344       119168
      119168            8           7.780      1906688       238336
      119168           16          14.010      3813376       476672
      119168           32          26.220      7626752       953344
      119168           64          51.020     15253504      1906688
      119168          128          99.500     30507008      3813376
      119168          256         198.881     61014016      7626752
      119168          512         401.240    122028032     15253504
      119168         1024         789.761    244056064     30507008
      119168         2048        1580.661    488112128     61014016
      119168         4096        3153.082    976224256    122028032
      119168         8192        6325.495   1952448512    244056064
      131072            1           7.420       262144        32768
      131072            2           4.620       524288        65536
      131072            4           6.940      1048576       131072
      131072            8          11.480      2097152       262144
      131072           16          20.420      4194304       524288
      131072           32          38.390      8388608      1048576
      131072           64          69.820     16777216      2097152
      131072          128         114.350     33554432      4194304
      131072          256         223.000     67108864      8388608
      131072          512         439.601    134217728     16777216
      131072         1024         868.360    268435456     33554432
      131072         2048        1745.152    536870912     67108864
      131072         4096        3480.303   1073741824    134217728
      131072         8192        6965.185   2147483648    268435456
      144176            1           8.670       288352        36044
      144176            2           3.940       576704        72088
      144176            4           5.700      1153408       144176
      144176            8           9.290      2306816       288352
      144176           16          16.640      4613632       576704
      144176           32          32.190      9227264      1153408
      144176           64          61.541     18454528      2306816
      144176          128         120.910     36909056      4613632
      144176          256         240.220     73818112      9227264
      144176          512         498.580    147636224     18454528
      144176         1024         970.741    295272448     36909056
      144176         2048        1946.262    590544896     73818112
      144176         4096        3841.893   1181089792    147636224
      158592            1           9.720       317184        39648
      158592            2           4.160       634368        79296
      158592            4           6.210      1268736       158592
      158592            8          10.370      2537472       317184
      158592           16          18.290      5074944       634368
      158592           32          34.570     10149888      1268736
      158592           64          67.430     20299776      2537472
      158592          128         131.720     40599552      5074944
      158592          256         261.990     81199104     10149888
      158592          512         534.331    162398208     20299776
      158592         1024        1236.241    324796416     40599552
      158592         2048        2108.971    649592832     81199104
      158592         4096        4185.454   1299185664    162398208
      174448            1          10.840       348896        43612
      174448            2           4.460       697792        87224
      174448            4           7.030      1395584       174448
      174448            8          11.600      2791168       348896
      174448           16          20.910      5582336       697792
      174448           32          39.870     11164672      1395584
      174448           64          76.320     22329344      2791168
      174448          128         150.110     44658688      5582336
      174448          256         298.891     89317376     11164672
      174448          512         596.020    178634752     22329344
      174448         1024        1207.831    357269504     44658688
      174448         2048        2362.922    714539008     89317376
      174448         4096        4658.464   1429078016    178634752
      191888            1          12.860       383776        47972
      191888            2           4.910       767552        95944
      191888            4           7.380      1535104       191888
      191888            8          12.310      3070208       383776
      191888           16          22.570      6140416       767552
      191888           32          43.190     12280832      1535104
      191888           64          83.360     24561664      3070208
      191888          128         167.930     49123328      6140416
      191888          256         318.050     98246656     12280832
      191888          512         634.891    196493312     24561664
      191888         1024        1265.641    392986624     49123328
      191888         2048        2529.332    785973248     98246656
      191888         4096        5070.534   1571946496    196493312
      211072            1          12.780       422144        52768
      211072            2          10.280       844288       105536
      211072            4           7.970      1688576       211072
      211072            8          13.390      3377152       422144
      211072           16          24.150      6754304       844288
      211072           32          46.100     13508608      1688576
      211072           64          89.140     27017216      3377152
      211072          128         176.271     54034432      6754304
      211072          256         349.060    108068864     13508608
      211072          512         699.470    216137728     27017216
      211072         1024        1397.222    432275456     54034432
      211072         2048        2781.402    864550912    108068864
      211072         4096        5582.084   1729101824    216137728
      232176            1          14.000       464352        58044
      232176            2           5.910       928704       116088
      232176            4           8.980      1857408       232176
      232176            8          15.250      3714816       464352
      232176           16          27.760      7429632       928704
      232176           32          53.021     14859264      1857408
      232176           64         103.550     29718528      3714816
      232176          128         203.680     59437056      7429632
      232176          256         392.420    118874112     14859264
      232176          512         788.851    237748224     29718528
      232176         1024        1580.461    475496448     59437056
      232176         2048        3066.423    950992896    118874112
      232176         4096        6216.105   1901985792    237748224
      255392            1          16.030       510784        63848
      255392            2           6.520      1021568       127696
      255392            4           9.640      2043136       255392
      255392            8          16.380      4086272       510784
      255392           16          29.630      8172544      1021568
      255392           32          57.540     16345088      2043136
      255392           64         116.890     32690176      4086272
      255392          128         211.910     65380352      8172544
      255392          256         436.671    130760704     16345088
      255392          512         848.430    261521408     32690176
      255392         1024        1714.952    523042816     65380352
      255392         2048        3428.802   1046085632    130760704
      255392         4096        6855.956   2092171264    261521408
      280928            1          18.210       561856        70232
      280928            2           7.210      1123712       140464
      280928            4          10.830      2247424       280928
      280928            8          18.110      4494848       561856
      280928           16          33.180      8989696      1123712
      280928           32          63.400     17979392      2247424
      280928           64         124.730     35958784      4494848
      280928          128         241.350     71917568      8989696
      280928          256         466.141    143835136     17979392
      280928          512         955.431    287670272     35958784
      280928         1024        1861.551    575340544     71917568
      280928         2048        3756.063   1150681088    143835136
      309008            1          19.760       618016        77252
      309008            2           7.670      1236032       154504
      309008            4          11.640      2472064       309008
      309008            8          19.700      4944128       618016
      309008           16          36.300      9888256      1236032
      309008           32          68.350     19776512      2472064
      309008           64         135.301     39553024      4944128
      309008          128         263.660     79106048      9888256
      309008          256         512.880    158212096     19776512
      309008          512        1020.221    316424192     39553024
      309008         1024        2038.482    632848384     79106048
      309008         2048        4082.603   1265696768    158212096
      339904            1          21.570       679808        84976
      339904            2           8.640      1359616       169952
      339904            4          13.070      2719232       339904
      339904            8          22.340      5438464       679808
      339904           16          40.320     10876928      1359616
      339904           32          74.950     21753856      2719232
      339904           64         150.950     43507712      5438464
      339904          128         289.211     87015424     10876928
      339904          256         561.390    174030848     21753856
      339904          512        1124.531    348061696     43507712
      339904         1024        2244.282    696123392     87015424
      339904         2048        4491.313   1392246784    174030848
      373888            1          20.910       747776        93472
      373888            2           9.160      1495552       186944
      373888            4          13.820      2991104       373888
      373888            8          23.910      5982208       747776
      373888           16          48.220     11964416      1495552
      373888           32          80.870     23928832      2991104
      373888           64         157.890     47857664      5982208
      373888          128         310.720     95715328     11964416
      373888          256         622.401    191430656     23928832
      373888          512        1234.311    382861312     47857664
      373888         1024        2459.532    765722624     95715328
      373888         2048        4941.864   1531445248    191430656
      411264            1          24.300       822528       102816
      411264            2          14.150      1645056       205632
      411264            4          15.050      3290112       411264
      411264            8          25.890      6580224       822528
      411264           16          46.380     13160448      1645056
      411264           32          88.450     26320896      3290112
      411264           64         174.160     52641792      6580224
      411264          128         340.440    105283584     13160448
      411264          256         692.821    210567168     26320896
      411264          512        1357.241    421134336     52641792
      411264         1024        2702.852    842268672    105283584
      411264         2048        5409.365   1684537344    210567168
      452384            1          27.430       904768       113096
      452384            2          11.070      1809536       226192
      452384            4          17.120      3619072       452384
      452384            8          28.980      7238144       904768
      452384           16          52.980     14476288      1809536
      452384           32          98.740     28952576      3619072
      452384           64         191.030     57905152      7238144
      452384          128         376.901    115810304     14476288
      452384          256         749.740    231620608     28952576
      452384          512        1507.161    463241216     57905152
      452384         1024        2982.453    926482432    115810304
      452384         2048        6068.625   1852964864    231620608
      497616            1          28.040       995232       124404
      497616            2          12.140      1990464       248808
      497616            4          18.360      3980928       497616
      497616            8          31.390      7961856       995232
      497616           16          58.130     15923712      1990464
      497616           32         109.980     31847424      3980928
      497616           64         216.410     63694848      7961856
      497616          128         421.551    127389696     15923712
      497616          256         828.780    254779392     31847424
      497616          512        1641.612    509558784     63694848
      497616         1024        3290.602   1019117568    127389696
      497616         2048        6644.186   2038235136    254779392
      547376            1          33.370      1094752       136844
      547376            2          13.190      2189504       273688
      547376            4          20.040      4379008       547376
      547376            8          34.260      8758016      1094752
      547376           16          69.410     17516032      2189504
      547376           32         118.380     35032064      4379008
      547376           64         239.730     70064128      8758016
      547376          128         461.021    140128256     17516032
      547376          256         918.670    280256512     35032064
      547376          512        1861.632    560513024     70064128
      547376         1024        3737.563   1121026048    140128256
      602112            1          34.250      1204224       150528
      602112            2          14.380      2408448       301056
      602112            4          21.990      4816896       602112
      602112            8          37.490      9633792      1204224
      602112           16          68.120     19267584      2408448
      602112           32         130.080     38535168      4816896
      602112           64         261.901     77070336      9633792
      602112          128         499.940    154140672     19267584
      602112          256         999.911    308281344     38535168
      602112          512        2020.041    616562688     77070336
      602112         1024        3966.084   1233125376    154140672
      662320            1          37.000      1324640       165580
      662320            2          15.710      2649280       331160
      662320            4          24.770      5298560       662320
      662320            8          42.420     10597120      1324640
      662320           16          78.100     21194240      2649280
      662320           32         150.490     42388480      5298560
      662320           64         286.870     84776960     10597120
      662320          128         577.241    169553920     21194240
      662320          256        1148.751    339107840     42388480
      662320          512        2216.302    678215680     84776960
      662320         1024        4455.063   1356431360    169553920
      728544            1          40.450      1457088       182136
      728544            2          17.711      2914176       364272
      728544            4          27.950      5828352       728544
      728544            8          47.470     11656704      1457088
      728544           16          86.540     23313408      2914176
      728544           32         163.920     46626816      5828352
      728544           64         319.480     93253632     11656704
      728544          128         622.491    186507264     23313408
      728544          256        1236.821    373014528     46626816
      728544          512        2484.772    746029056     93253632
      728544         1024        4919.823   1492058112    186507264
      801392            1          44.820      1602784       200348
      801392            2          20.860      3205568       400696
      801392            4          30.960      6411136       801392
      801392            8          52.060     12822272      1602784
      801392           16          92.160     25644544      3205568
      801392           32         183.271     51289088      6411136
      801392           64         342.810    102578176     12822272
      801392          128         693.030    205156352     25644544
      801392          256        1339.951    410312704     51289088
      801392          512        2690.063    820625408    102578176
      801392         1024        5434.594   1641250816    205156352
      881520            1          51.180      1763040       220380
      881520            2          21.580      3526080       440760
      881520            4          34.200      7052160       881520
      881520            8          58.330     14104320      1763040
      881520           16         107.100     28208640      3526080
      881520           32         194.021     56417280      7052160
      881520           64         385.380    112834560     14104320
      881520          128         764.970    225669120     28208640
      881520          256        1499.212    451338240     56417280
      881520          512        2978.562    902676480    112834560
      881520         1024        5928.305   1805352960    225669120
      969664            1          58.210      1939328       242416
      969664            2          24.870      3878656       484832
      969664            4          37.560      7757312       969664
      969664            8          66.080     15514624      1939328
      969664           16         113.070     31029248      3878656
      969664           32         212.790     62058496      7757312
      969664           64         413.961    124116992     15514624
      969664          128         822.960    248233984     31029248
      969664          256        1666.932    496467968     62058496
      969664          512        3277.132    992935936    124116992
      969664         1024        6564.176   1985871872    248233984
     1066624            1          59.270      2133248       266656
     1066624            2          25.640      4266496       533312
     1066624            4          40.200      8532992      1066624
     1066624            8          67.170     17065984      2133248
     1066624           16         122.740     34131968      4266496
     1066624           32         236.280     68263936      8532992
     1066624           64         466.221    136527872     17065984
     1066624          128         928.180    273055744     34131968
     1066624          256        1813.272    546111488     68263936
     1066624          512        3619.243   1092222976    136527872
     1173280            1          65.800      2346560       293320
     1173280            2          29.510      4693120       586640
     1173280            4          43.370      9386240      1173280
     1173280            8          74.340     18772480      2346560
     1173280           16         141.880     37544960      4693120
     1173280           32         259.790     75089920      9386240
     1173280           64         507.021    150179840     18772480
     1173280          128        1004.631    300359680     37544960
     1173280          256        2001.321    600719360     75089920
     1173280          512        3994.224   1201438720    150179840
     1290608            1          76.040      2581216       322652
     1290608            2          37.760      5162432       645304
     1290608            4          48.100     10324864      1290608
     1290608            8          82.150     20649728      2581216
     1290608           16         151.390     41299456      5162432
     1290608           32         286.660     82598912     10324864
     1290608           64         562.551    165197824     20649728
     1290608          128        1115.981    330395648     41299456
     1290608          256        2204.651    660791296     82598912
     1290608          512        4412.044   1321582592    165197824
     1419664            1          85.420      2839328       354916
     1419664            2          37.870      5678656       709832
     1419664            4          53.720     11357312      1419664
     1419664            8          92.370     22714624      2839328
     1419664           16         169.350     45429248      5678656
     1419664           32         323.091     90858496     11357312
     1419664           64         632.640    181716992     22714624
     1419664          128        1219.831    363433984     45429248
     1419664          256        2435.272    726867968     90858496
     1419664          512        4845.264   1453735936    181716992
     1561616            1          95.360      3123232       390404
     1561616            2          42.190      6246464       780808
     1561616            4          58.870     12492928      1561616
     1561616            8         101.230     24985856      3123232
     1561616           16         185.911     49971712      6246464
     1561616           32         354.940     99943424     12492928
     1561616           64         695.460    199886848     24985856
     1561616          128        1338.492    399773696     49971712
     1561616          256        2667.822    799547392     99943424
     1561616          512        5311.694   1599094784    199886848
     1717776            1          99.470      3435552       429444
     1717776            2          47.950      6871104       858888
     1717776            4          64.670     13742208      1717776
     1717776            8         113.040     27484416      3435552
     1717776           16         199.071     54968832      6871104
     1717776           32         379.450    109937664     13742208
     1717776           64         749.260    219875328     27484416
     1717776          128        1472.792    439750656     54968832
     1717776          256        2940.822    879501312    109937664
     1717776          512        5860.315   1759002624    219875328
     1889552            1         110.830      3779104       472388
     1889552            2          52.570      7558208       944776
     1889552            4          70.730     15116416      1889552
     1889552            8         126.680     30232832      3779104
     1889552           16         224.970     60465664      7558208
     1889552           32         428.921    120931328     15116416
     1889552           64         826.320    241862656     30232832
     1889552          128        1622.262    483725312     60465664
     1889552          256        3217.422    967450624    120931328
     1889552          512        6410.625   1934901248    241862656
     2078496            1         121.281      4156992       519624
     2078496            2          58.550      8313984      1039248
     2078496            4          83.580     16627968      2078496
     2078496            8         135.690     33255936      4156992
     2078496           16         242.450     66511872      8313984
     2078496           32         465.910    133023744     16627968
     2078496           64         907.141    266047488     33255936
     2078496          128        1789.712    532094976     66511872
     2078496          256        3565.072   1064189952    133023744
     2078496          512        7097.196   2128379904    266047488
     2286336            1         129.980      4572672       571584
     2286336            2          63.340      9145344      1143168
     2286336            4          86.820     18290688      2286336
     2286336            8         144.751     36581376      4572672
     2286336           16         264.610     73162752      9145344
     2286336           32         510.830    146325504     18290688
     2286336           64         990.781    292651008     36581376
     2286336          128        1963.552    585302016     73162752
     2286336          256        3893.703   1170604032    146325504
     2514960            1         142.860      5029920       628740
     2514960            2          68.570     10059840      1257480
     2514960            4          93.370     20119680      2514960
     2514960            8         159.610     40239360      5029920
     2514960           16         295.930     80478720     10059840
     2514960           32         556.461    160957440     20119680
     2514960           64        1093.541    321914880     40239360
     2514960          128        2161.212    643829760     80478720
     2514960          256        4307.993   1287659520    160957440
     2766448            1         180.850      5532896       691612
     2766448            2          95.770     11065792      1383224
     2766448            4         137.610     22131584      2766448
     2766448            8         233.700     44263168      5532896
     2766448           16         429.591     88526336     11065792
     2766448           32         805.440    177052672     22131584
     2766448           64        1585.942    354105344     44263168
     2766448          128        2500.782    708210688     88526336
     2766448          256        5727.884   1416421376    177052672
     3043088            1         195.990      6086176       760772
     3043088            2          90.290     12172352      1521544
     3043088            4         112.440     24344704      3043088
     3043088            8         193.301     48689408      6086176
     3043088           16         359.870     97378816     12172352
     3043088           32         680.100    194757632     24344704
     3043088           64        1325.961    389515264     48689408
     3043088          128        2623.733    779030528     97378816
     3043088          256        5219.604   1558061056    194757632
     3347392            1         200.900      6694784       836848
     3347392            2          89.370     13389568      1673696
     3347392            4         124.680     26779136      3347392
     3347392            8         217.650     53558272      6694784
     3347392           16         390.411    107116544     13389568
     3347392           32         746.830    214233088     26779136
     3347392           64        1458.301    428466176     53558272
     3347392          128        2887.383    856932352    107116544
     3347392          256        5735.034   1713864704    214233088
     3682128            1         209.921      7364256       920532
     3682128            2          97.610     14728512      1841064
     3682128            4         137.560     29457024      3682128
     3682128            8         233.280     58914048      7364256
     3682128           16         433.180    117828096     14728512
     3682128           32         821.571    235656192     29457024
     3682128           64        1600.651    471312384     58914048
     3682128          128        3171.743    942624768    117828096
     3682128          256        6301.565   1885249536    235656192
     4050336            1         229.600      8100672      1012584
     4050336            2         105.330     16201344      2025168
     4050336            4         149.840     32402688      4050336
     4050336            8         257.171     64805376      8100672
     4050336           16         473.170    129610752     16201344
     4050336           32         905.601    259221504     32402688
     4050336           64        1766.331    518443008     64805376
     4050336          128        3494.653   1036886016    129610752
     4050336          256        6959.706   2073772032    259221504
     4455360            1         258.630      8910720      1113840
     4455360            2         121.970     17821440      2227680
     4455360            4         170.160     35642880      4455360
     4455360            8         284.840     71285760      8910720
     4455360           16         522.321    142571520     17821440
     4455360           32         996.991    285143040     35642880
     4455360           64        1942.801    570286080     71285760
     4455360          128        3841.683   1140572160    142571520
     4900896            1         287.631      9801792      1225224
     4900896            2         129.270     19603584      2450448
     4900896            4         182.320     39207168      4900896
     4900896            8         312.130     78414336      9801792
     4900896           16         574.950    156828672     19603584
     4900896           32        1094.741    313657344     39207168
     4900896           64        2138.142    627314688     78414336
     4900896          128        4229.834   1254629376    156828672
     5390976            1         313.500     10781952      1347744
     5390976            2         143.450     21563904      2695488
     5390976            4         200.320     43127808      5390976
     5390976            8         343.970     86255616     10781952
     5390976           16         633.991    172511232     21563904
     5390976           32        1204.971    345022464     43127808
     5390976           64        2357.012    690044928     86255616
     5390976          128        4662.404   1380089856    172511232
     5930064            1         342.590     11860128      1482516
     5930064            2         160.760     23720256      2965032
     5930064            4         227.130     47440512      5930064
     5930064            8         379.100     94881024     11860128
     5930064           16         697.751    189762048     23720256
     5930064           32        1323.481    379524096     47440512
     5930064           64        2593.662    759048192     94881024
     5930064          128        5115.934   1518096384    189762048
     6523056            1         372.651     13046112      1630764
     6523056            2         167.100     26092224      3261528
     6523056            4         242.450     52184448      6523056
     6523056            8         420.610    104368896     13046112
     6523056           16         766.321    208737792     26092224
     6523056           32        1463.241    417475584     52184448
     6523056           64        2853.812    834951168    104368896
     6523056          128        5639.995   1669902336    208737792
     7175360            1         416.790     14350720      1793840
     7175360            2         193.450     28701440      3587680
     7175360            4         269.291     57402880      7175360
     7175360            8         463.230    114805760     14350720
     7175360           16         839.701    229611520     28701440
     7175360           32        1607.641    459223040     57402880
     7175360           64        3137.182    918446080    114805760
     7175360          128        6196.436   1836892160    229611520
     7892896            1         458.871     15785792      1973224
     7892896            2         202.740     31571584      3946448
     7892896            4         294.490     63143168      7892896
     7892896            8         506.480    126286336     15785792
     7892896           16         923.501    252572672     31571584
     7892896           32        1770.962    505145344     63143168
     7892896           64        3461.112   1010290688    126286336
     7892896          128        6834.796   2020581376    252572672
     8682176            1         500.950     17364352      2170544
     8682176            2         228.350     34728704      4341088
     8682176            4         330.581     69457408      8682176
     8682176            8         568.610    138914816     17364352
     8682176           16        1037.191    277829632     34728704
     8682176           32        1967.272    555659264     69457408
     8682176           64        3839.333   1111318528    138914816
     9550384            1         545.041     19100768      2387596
     9550384            2         262.880     38201536      4775192
     9550384            4         394.751     76403072      9550384
     9550384            8         659.020    152806144     19100768
     9550384           16        1203.171    305612288     38201536
     9550384           32        2273.682    611224576     76403072
     9550384           64        4456.664   1222449152    152806144
    10505408            1         610.441     21010816      2626352
    10505408            2         304.070     42021632      5252704
    10505408            4         438.070     84043264     10505408
    10505408            8         749.191    168086528     21010816
    10505408           16        1356.491    336173056     42021632
    10505408           32        2559.242    672346112     84043264
    10505408           64        5003.754   1344692224    168086528
    11555936            1         669.821     23111872      2888984
    11555936            2         348.750     46223744      5777968
    11555936            4         497.500     92447488     11555936
    11555936            8         848.151    184894976     23111872
    11555936           16        1529.411    369789952     46223744
    11555936           32        2888.672    739579904     92447488
    11555936           64        5631.465   1479159808    184894976
    12711520            1         734.340     25423040      3177880
    12711520            2         419.111     50846080      6355760
    12711520            4         594.470    101692160     12711520
    12711520            8        1011.441    203384320     25423040
    12711520           16        1834.991    406768640     50846080
    12711520           32        3478.583    813537280    101692160
    12711520           64        6787.136   1627074560    203384320
    13982672            1         811.711     27965344      3495668
    13982672            2         519.281     55930688      6991336
    13982672            4         764.910    111861376     13982672
    13982672            8        1278.441    223722752     27965344
    13982672           16        2305.462    447445504     55930688
    13982672           32        4323.894    894891008    111861376
    13982672           64        8409.406   1789782016    223722752
    15380928            1         895.131     30761856      3845232
    15380928            2         768.060     61523712      7690464
    15380928            4        1117.451    123047424     15380928
    15380928            8        1856.452    246094848     30761856
    15380928           16        3278.332    492189696     61523712
    15380928           32        6169.365    984379392    123047424
    15380928           64       11949.740   1968758784    246094848
    16919008            1         990.081     33838016      4229752
    16919008            2        1120.121     67676032      8459504
    16919008            4        1652.611    135352064     16919008
    16919008            8        2714.352    270704128     33838016
    16919008           16        4881.094    541408256     67676032
    16919008           32        9186.027   1082816512    135352064
    18610896            1        1077.071     37221792      4652724
    18610896            2        1667.221     74443584      9305448
    18610896            4        2542.203    148887168     18610896
    18610896            8        4305.163    297774336     37221792
    18610896           16        7759.776    595548672     74443584
    18610896           32       14557.932   1191097344    148887168
    20471984            1        1190.111     40943968      5117996
    20471984            2        2198.382     81887936     10235992
    20471984            4        3269.272    163775872     20471984
    20471984            8        5411.515    327551744     40943968
    20471984           16        9657.628    655103488     81887936
    20471984           32       18228.344   1310206976    163775872
    22519168            1        1311.121     45038336      5629792
    22519168            2        2532.822     90076672     11259584
    22519168            4        3772.303    180153344     22519168
    22519168            8        6277.795    360306688     45038336
    22519168           16       11289.349    720613376     90076672
    22519168           32       21271.747   1441226752    180153344
    24771072            1        1440.011     49542144      6192768
    24771072            2        2816.403     99084288     12385536
    24771072            4        4228.193    198168576     24771072
    24771072            8        7037.606    396337152     49542144
    24771072           16       13010.540    792674304     99084288
    24771072           32       23984.510   1585348608    198168576
    27248176            1        1587.131     54496352      6812044
    27248176            2        3166.703    108992704     13624088
    27248176            4        4729.783    217985408     27248176
    27248176            8        7901.077    435970816     54496352
    27248176           16       14180.781    871941632    108992704
    27248176           32       26769.302   1743883264    217985408
    29972992            1        1748.852     59945984      7493248
    29972992            2        3501.592    119891968     14986496
    29972992            4        5256.725    239783936     29972992
    29972992            8        8748.997    479567872     59945984
    29972992           16       15744.562    959135744    119891968
    29972992           32       29765.884   1918271488    239783936
    32970288            1        1917.711     65940576      8242572
    32970288            2        3853.433    131881152     16485144
    32970288            4        5788.225    263762304     32970288
    32970288            8        9642.788    527524608     65940576
    32970288           16       17372.234   1055049216    131881152
    32970288           32       32879.246   2110098432    263762304
    36267312            1        2110.731     72534624      9066828
    36267312            2        4242.344    145069248     18133656
    36267312            4        6358.175    290138496     36267312
    36267312            8       10605.138    580276992     72534624
    36267312           16       19127.336   1160553984    145069248
    39894032            1        2331.342     79788064      9973508
    39894032            2        4677.054    159576128     19947016
    39894032            4        6996.285    319152256     39894032
    39894032            8       11668.410    638304512     79788064
    39894032           16       21160.247   1276609024    159576128
    43883424            1        2558.972     87766848     10970856
    43883424            2        5134.164    175533696     21941712
    43883424            4        7696.147    351067392     43883424
    43883424            8       12858.160    702134784     87766848
    43883424           16       23171.009   1404269568    175533696
    48271760            1        2810.472     96543520     12067940
    48271760            2        5677.295    193087040     24135880
    48271760            4        8511.177    386174080     48271760
    48271760            8       14154.011    772348160     96543520
    48271760           16       25554.701   1544696320    193087040
    53098928            1        3104.832    106197856     13274732
    53098928            2        6206.875    212395712     26549464
    53098928            4        9321.698    424791424     53098928
    53098928            8       15581.522    849582848    106197856
    53098928           16       28061.753   1699165696    212395712
    58408816            1        3414.463    116817632     14602204
    58408816            2        6853.565    233635264     29204408
    58408816            4       10276.969    467270528     58408816
    58408816            8       17143.594    934541056    116817632
    58408816           16       30911.385   1869082112    233635264
    64249696            1        3751.663    128499392     16062424
    64249696            2        7541.776    256998784     32124848
    64249696            4       11326.199    513997568     64249696
    64249696            8       18884.935   1027995136    128499392
    64249696           16       34027.898   2055990272    256998784
    70674656            1        4116.943    141349312     17668664
    70674656            2        8258.417    282698624     35337328
    70674656            4       12438.070    565397248     70674656
    70674656            8       20738.337   1130794496    141349312
    77742112            1        4539.504    155484224     19435528
    77742112            2        9118.607    310968448     38871056
    77742112            4       13690.591    621936896     77742112
    77742112            8       23872.239   1243873792    155484224
    85516320            1        4985.544    171032640     21379080
    85516320            2       10557.499    342065280     42758160
    85516320            4       15721.033    684130560     85516320
    85516320            8       25120.040   1368261120    171032640
    94067952            1        5501.325    188135904     23516988
    94067952            2       10959.149    376271808     47033976
    94067952            4       16526.503    752543616     94067952
    94067952            8       27536.452   1505087232    188135904
   103474736            1        6036.504    206949472     25868684
   103474736            2       12090.689    413898944     51737368
   103474736            4       18163.175    827797888    103474736
   103474736            8       30262.754   1655595776    206949472
   113822208            1        6650.835    227644416     28455552
   113822208            2       13292.251    455288832     56911104
   113822208            4       19962.896    910577664    113822208
   113822208            8       33494.607   1821155328    227644416
   125204416            1        7284.006    250408832     31301104
   125204416            2       14656.522    500817664     62602208
   125204416            4       21985.218   1001635328    125204416
   125204416            8       36665.039   2003270656    250408832
   137724848            1        8015.706    275449696     34431212
   137724848            2       16153.313    550899392     68862424
   137724848            4       24560.280   1101798784    137724848
   151497328            1        8798.008    302994656     37874332
   151497328            2       17646.494    605989312     75748664
   151497328            4       26526.771   1211978624    151497328
   166647056            1        9691.308    333294112     41661764
   166647056            2       19383.816    666588224     83323528
   166647056            4       29110.713   1333176448    166647056
   183311760            1       10643.768    366623520     45827940
   183311760            2       21303.797    733247040     91655880
   183311760            4       31963.466   1466494080    183311760
   201642928            1       11694.690    403285856     50410732
   201642928            2       23413.829    806571712    100821464
   201642928            4       35143.568   1613143424    201642928
   221807216            1       12877.041    443614432     55451804
   221807216            2       25753.831    887228864    110903608
   221807216            4       38712.401   1774457728    221807216
   243987936            1       14124.072    487975872     60996984
   243987936            2       28269.302    975951744    121993968
   243987936            4       42491.265   1951903488    243987936
   268386720            1       15512.502    536773440     67096680
   268386720            2       31044.546   1073546880    134193360
   268386720            4       46641.997   2147093760    268386720
   295225392            1       17046.404    590450784     73806348
   295225392            2       34079.368   1180901568    147612696
   324747920            1       18773.575    649495840     81186980
   324747920            2       37487.720   1298991680    162373960
   357222704            1       20626.786    714445408     89305676
   357222704            2       41268.024   1428890816    178611352
   392944960            1       22683.308    785889920     98236240
   392944960            2       45358.357   1571779840    196472480
   432239456            1       24951.500    864478912    108059864
   432239456            2       49891.410   1728957824    216119728
   475463392            1       27400.012    950926784    118865848
   475463392            2       54829.164   1901853568    237731696
   523009728            1       30202.495   1046019456    130752432
   523009728            2       60444.118   2092038912    261504864
   575310688            1       33240.117   1150621376    143827672
   632841744            1       36452.709   1265683488    158210436
   696125904            1       40114.933   1392251808    174031476
   765738480            1       44106.065   1531476960    191434620
   842312320            1       48584.129   1684624640    210578080
   926543552            1       53488.673   1853087104    231635888
  1019197904            1       58788.427   2038395808    254799476

META_DATA
FLOPS          2
OPENMP_THREADS 2
ERT_VERSION  1.1.0
HOSTNAME  ('pve.fritz.box', ['pve'], ['192.168.188.21'])
UNAME  uname_result(system='Linux', node='pve', release='6.14.8-2-pve', version='#1 SMP PREEMPT_DYNAMIC PMX 6.14.8-2 (2025-07-22T10:04Z)', machine='x86_64')
TIMESTAMP_DATA  1765906648.1876116
CONFIG  {'ERT_MPI': ['False'], 'ERT_OPENMP': ['True'], 'ERT_OPENMP_CFLAGS': ['-fopenmp'], 'ERT_OPENMP_LDFLAGS': ['-fopenmp'], 'ERT_PRECISION': ['FP64'], 'ERT_TRIALS_MIN': ['1'], 'ERT_TRIALS': ['3', '#', 'Run', 'each', 'test', '3', 'times', 'to', 'filter', 'out', 'background', 'noise'], 'ERT_RESULTS': ['Results/1600X'], 'ERT_GNUPLOT': ['gnuplot'], 'ERT_DRIVER': ['driver1'], 'ERT_KERNEL': ['kernel1'], 'ERT_CC': ['g++'], 'ERT_LD': ['g++'], 'ERT_CFLAGS': ['-O3', '-march=native', '-fopenmp', '-fstrict-aliasing', '-funroll-loops', '-Wno-all'], 'ERT_LDFLAGS': ['-O3', '-march=native', '-fopenmp'], 'ERT_LDLIBS': ['-lm'], 'ERT_RUN': ['export', 'OMP_NUM_THREADS=ERT_OPENMP_THREADS;', './ERT_CODE'], 'ERT_WORKING_SET_MIN': ['128'], 'ERT_MEMORY_MAX': ['1073741824'], 'ERT_ALIGN': ['64'], 'ERT_MIN_PROCS': ['1'], 'ERT_MAX_PROCS': ['1'], 'ERT_OPENMP_THREADS': ['1,2,4,8,12', '#', 'Logical', 'Threads'], 'ERT_NUM_EXPERIMENTS': ['5'], 'ERT_FLOPS': ['1,2,4,8'], 'ERT_GPU': [False], 'ERT_HIP': [False], 'ERT_OCL': [False], 'ERT_SYCL': [False], 'ERT_WSS_MULT': [1.1]}
