fp64
       12288            1           2.996        24576         3072
       12288            2           0.501        49152         6144
       12288            4           0.551        98304        12288
       12288            8           0.701       196608        24576
       12288           16           0.902       393216        49152
       12288           32           1.303       786432        98304
       12288           64           2.254      1572864       196608
       12288          128           4.348      3145728       393216
       12288          256          16.431      6291456       786432
       12288          512          16.491     12582912      1572864
       12288         1024          32.730     25165824      3145728
       12288         2048          65.130     50331648      6291456
       12288         4096         131.312    100663296     12582912
       12288         8192         260.131    201326592     25165824
       12288        16384         524.699    402653184     50331648
       12288        32768        1043.107    805306368    100663296
       12288        65536        1126.420   1610612736    201326592
       13440            1           3.697        26880         3360
       13440            2           0.551        53760         6720
       13440            4           0.601       107520        13440
       13440            8           0.561       215040        26880
       13440           16           0.661       430080        53760
       13440           32           0.972       860160       107520
       13440           64           1.513      1720320       215040
       13440          128           2.635      3440640       430080
       13440          256           4.989      6881280       860160
       13440          512           9.367     13762560      1720320
       13440         1024          18.464     27525120      3440640
       13440         2048          36.708     55050240      6881280
       13440         4096          73.265    110100480     13762560
       13440         8192         166.638    220200960     27525120
       13440        16384         292.470    440401920     55050240
       13440        32768        2214.309    880803840    110100480
       13440        65536        1201.659   1761607680    220200960
       14784            1           2.084        29568         3696
       14784            2           0.501        59136         7392
       14784            4           0.521       118272        14784
       14784            8           0.681       236544        29568
       14784           16           0.761       473088        59136
       14784           32           0.981       946176       118272
       14784           64           1.593      1892352       236544
       14784          128           2.805      3784704       473088
       14784          256           5.270      7569408       946176
       14784          512          10.259     15138816      1892352
       14784         1024          20.227     30277632      3784704
       14784         2048          41.676     60555264      7569408
       14784         4096          80.639    121110528     15138816
       14784         8192         160.346    242221056     30277632
       14784        16384         320.692    484442112     60555264
       14784        32768         643.528    968884224    121110528
       14784        65536        1286.866   1937768448    242221056
       16224            1           2.956        32448         4056
       16224            2           0.701        64896         8112
       16224            4           0.521       129792        16224
       16224            8           0.571       259584        32448
       16224           16           0.641       519168        64896
       16224           32           1.062      1038336       129792
       16224           64           1.643      2076672       259584
       16224          128           3.186      4153344       519168
       16224          256           5.941      8306688      1038336
       16224          512          11.561     16613376      2076672
       16224         1024          22.171     33226752      4153344
       16224         2048          44.202     66453504      8306688
       16224         4096          88.143    132907008     16613376
       16224         8192         176.095    265814016     33226752
       16224        16384         360.585    531628032     66453504
       16224        32768         705.663   1063256064    132907008
       16224        65536        1415.334   2126512128    265814016
       17760            1           4.298        35520         4440
       17760            2           0.612        71040         8880
       17760            4           0.531       142080        17760
       17760            8           0.521       284160        35520
       17760           16           0.832       568320        71040
       17760           32           1.142      1136640       142080
       17760           64           1.723      2273280       284160
       17760          128           3.546      4546560       568320
       17760          256           6.261      9093120      1136640
       17760          512          12.342     18186240      2273280
       17760         1024          24.255     36372480      4546560
       17760         2048          51.845     72744960      9093120
       17760         4096         121.073    145489920     18186240
       17760         8192         192.255    290979840     36372480
       17760        16384         397.294    581959680     72744960
       17760        32768         770.783   1163919360    145489920
       19488            1           3.947        38976         4872
       19488            2           0.491        77952         9744
       19488            4           0.541       155904        19488
       19488            8           0.691       311808        38976
       19488           16           0.882       623616        77952
       19488           32           1.192      1247232       155904
       19488           64           2.043      2494464       311808
       19488          128           3.987      4988928       623616
       19488          256          16.391      9977856      1247232
       19488          512          13.435     19955712      2494464
       19488         1024          26.819     39911424      4988928
       19488         2048          52.717     79822848      9977856
       19488         4096         106.517    159645696     19955712
       19488         8192         210.199    319291392     39911424
       19488        16384         420.026    638582784     79822848
       19488        32768         877.340   1277165568    159645696
       21408            1           4.138        42816         5352
       21408            2           0.711        85632        10704
       21408            4           0.652       171264        21408
       21408            8           0.731       342528        42816
       21408           16           0.821       685056        85632
       21408           32           1.312      1370112       171264
       21408           64           2.134      2740224       342528
       21408          128           4.177      5480448       685056
       21408          256           7.414     10960896      1370112
       21408          512          14.717     21921792      2740224
       21408         1024          28.973     43843584      5480448
       21408         2048          57.766     87687168     10960896
       21408         4096         115.614    175374336     21921792
       21408         8192         230.335    350748672     43843584
       21408        16384         470.088    701497344     87687168
       21408        32768         941.769   1402994688    175374336
       23520            1           4.057        47040         5880
       23520            2           0.581        94080        11760
       23520            4           0.641       188160        23520
       23520            8           1.022       376320        47040
       23520           16           0.932       752640        94080
       23520           32           1.352      1505280       188160
       23520           64           2.545      3010560       376320
       23520          128           4.408      6021120       752640
       23520          256           8.385     12042240      1505280
       23520          512          16.110     24084480      3010560
       23520         1024          31.949     48168960      6021120
       23520         2048          63.368     96337920     12042240
       23520         4096         145.248    192675840     24084480
       23520         8192         252.687    385351680     48168960
       23520        16384         529.318    770703360     96337920
       23520        32768        1015.325   1541406720    192675840
       25824            1           4.077        51648         6456
       25824            2           0.531       103296        12912
       25824            4           0.581       206592        25824
       25824            8           0.692       413184        51648
       25824           16           0.882       826368       103296
       25824           32           1.493      1652736       206592
       25824           64           2.705      3305472       413184
       25824          128           4.869      6610944       826368
       25824          256           8.897     13221888      1652736
       25824          512          17.633     26443776      3305472
       25824         1024          35.335     52887552      6610944
       25824         2048          69.418    105775104     13221888
       25824         4096         138.656    211550208     26443776
       25824         8192         281.830    423100416     52887552
       25824        16384         563.570    846200832    105775104
       25824        32768        1135.838   1692401664    211550208
       28320            1           3.927        56640         7080
       28320            2           0.611       113280        14160
       28320            4           0.581       226560        28320
       28320            8           0.762       453120        56640
       28320           16           0.992       906240       113280
       28320           32           1.573      1812480       226560
       28320           64           2.715      3624960       453120
       28320          128           5.450      7249920       906240
       28320          256          10.109     14499840      1812480
       28320          512          19.275     28999680      3624960
       28320         1024          38.321     57999360      7249920
       28320         2048          76.011    115998720     14499840
       28320         4096         151.570    231997440     28999680
       28320         8192         306.696    463994880     57999360
       28320        16384         623.271    927989760    115998720
       28320        32768        1225.964   1855979520    231997440
       31104            1           3.166        62208         7776
       31104            2           0.521       124416        15552
       31104            4           0.692       248832        31104
       31104            8           0.762       497664        62208
       31104           16           1.072       995328       124416
       31104           32           1.593      1990656       248832
       31104           64           3.106      3981312       497664
       31104          128           5.710      7962624       995328
       31104          256          11.051     15925248      1990656
       31104          512          21.319     31850496      3981312
       31104         1024          42.989     63700992      7962624
       31104         2048          83.054    127401984     15925248
       31104         4096         165.646    254803968     31850496
       31104         8192         404.768    509607936     63700992
       31104        16384         692.729   1019215872    127401984
       31104        32768        1371.883   2038431744    254803968
       34176            1           4.529        68352         8544
       34176            2           0.531       136704        17088
       34176            4           0.631       273408        34176
       34176            8           0.811       546816        68352
       34176           16           1.062      1093632       136704
       34176           32           1.914      2187264       273408
       34176           64           3.366      4374528       546816
       34176          128           6.402      8749056      1093632
       34176          256          11.762     17498112      2187264
       34176          512          41.918     34996224      4374528
       34176         1024          45.924     69992448      8749056
       34176         2048          94.655    139984896     17498112
       34176         4096         181.776    279969792     34996224
       34176         8192         363.171    559939584     69992448
       34176        16384         731.842   1119879168    139984896
       37536            1           4.197        75072         9384
       37536            2           0.681       150144        18768
       37536            4           0.761       300288        37536
       37536            8           0.922       600576        75072
       37536           16           1.293      1201152       150144
       37536           32           2.004      2402304       300288
       37536           64           3.797      4804608       600576
       37536          128           6.693      9609216      1201152
       37536          256          12.924     19218432      2402304
       37536          512          25.207     38436864      4804608
       37536         1024          69.959     76873728      9609216
       37536         2048         103.491    153747456     19218432
       37536         4096         202.614    307494912     38436864
       37536         8192         414.685    614989824     76873728
       37536        16384         802.021   1229979648    153747456
       41280            1           4.007        82560        10320
       41280            2           0.561       165120        20640
       41280            4           0.691       330240        41280
       41280            8           0.801       660480        82560
       41280           16           1.232      1320960       165120
       41280           32           2.445      2641920       330240
       41280           64           3.868      5283840       660480
       41280          128           7.303     10567680      1320960
       41280          256          14.517     21135360      2641920
       41280          512          28.082     42270720      5283840
       41280         1024          55.052     84541440     10567680
       41280         2048         111.236    169082880     21135360
       41280         4096         224.955    338165760     42270720
       41280         8192         448.007    676331520     84541440
       41280        16384         902.857   1352663040    169082880
       45408            1           5.380        90816        11352
       45408            2           0.731       181632        22704
       45408            4           0.682       363264        45408
       45408            8           1.012       726528        90816
       45408           16           1.312      1453056       181632
       45408           32           2.424      2906112       363264
       45408           64           4.248      5812224       726528
       45408          128           8.015     11624448      1453056
       45408          256          15.498     23248896      2906112
       45408          512          30.556     46497792      5812224
       45408         1024          61.603     92995584     11624448
       45408         2048         120.943    185991168     23248896
       45408         4096         241.396    371982336     46497792
       45408         8192         492.159    743964672     92995584
       45408        16384         989.617   1487929344    185991168
       49920            1           5.881        99840        12480
       49920            2           0.591       199680        24960
       49920            4           0.781       399360        49920
       49920            8           1.022       798720        99840
       49920           16           1.533      1597440       199680
       49920           32           2.474      3194880       399360
       49920           64           4.539      6389760       798720
       49920          128           8.786     12779520      1597440
       49920          256          16.881     25559040      3194880
       49920          512          33.552     51118080      6389760
       49920         1024          88.464    102236160     12779520
       49920         2048         133.737    204472320     25559040
       49920         4096         266.993    408944640     51118080
       49920         8192         540.849    817889280    102236160
       49920        16384        1076.899   1635778560    204472320
       54912            1           5.500       109824        13728
       54912            2           0.702       219648        27456
       54912            4           0.721       439296        54912
       54912            8           0.992       878592       109824
       54912           16           1.664      1757184       219648
       54912           32           2.825      3514368       439296
       54912           64           5.019      7028736       878592
       54912          128           9.728     14057472      1757184
       54912          256          18.955     28114944      3514368
       54912          512          37.389     56229888      7028736
       54912         1024          73.496    112459776     14057472
       54912         2048         164.574    224919552     28114944
       54912         4096         293.051    449839104     56229888
       54912         8192         597.663    899678208    112459776
       54912        16384        1194.917   1799356416    224919552
       60384            1           6.752       120768        15096
       60384            2           0.711       241536        30192
       60384            4           0.872       483072        60384
       60384            8           0.952       966144       120768
       60384           16           1.713      1932288       241536
       60384           32           2.925      3864576       483072
       60384           64           5.640      7729152       966144
       60384          128          10.559     15458304      1932288
       60384          256          20.448     30916608      3864576
       60384          512          63.117     61833216      7729152
       60384         1024          82.853    123666432     15458304
       60384         2048         164.143    247332864     30916608
       60384         4096         322.976    494665728     61833216
       60384         8192         649.509    989331456    123666432
       60384        16384        1296.544   1978662912    247332864
       66336            1           5.470       132672        16584
       66336            2           0.972       265344        33168
       66336            4           0.892       530688        66336
       66336            8           1.173      1061376       132672
       66336           16           1.964      2122752       265344
       66336           32           3.166      4245504       530688
       66336           64           5.951      8491008      1061376
       66336          128          11.782     16982016      2122752
       66336          256          24.295     33964032      4245504
       66336          512          45.874     67928064      8491008
       66336         1024          88.543    135856128     16982016
       66336         2048         176.726    271712256     33964032
       66336         4096         353.022    543424512     67928064
       66336         8192         720.040   1086849024    135856128
       72960            1           6.832       145920        18240
       72960            2           0.761       291840        36480
       72960            4           0.861       583680        72960
       72960            8           1.372      1167360       145920
       72960           16           2.073      2334720       291840
       72960           32           3.657      4669440       583680
       72960           64           6.753      9338880      1167360
       72960          128          12.774     18677760      2334720
       72960          256          24.936     37355520      4669440
       72960          512          48.790     74711040      9338880
       72960         1024          99.123    149422080     18677760
       72960         2048         193.908    298844160     37355520
       72960         4096         396.452    597688320     74711040
       72960         8192         777.987   1195376640    149422080
       80256            1           6.452       160512        20064
       80256            2           0.681       321024        40128
       80256            4           1.163       642048        80256
       80256            8           1.403      1284096       160512
       80256           16           2.284      2568192       321024
       80256           32           3.897      5136384       642048
       80256           64           7.233     10272768      1284096
       80256          128          13.976     20545536      2568192
       80256          256          27.000     41091072      5136384
       80256          512          57.135     82182144     10272768
       80256         1024         109.152    164364288     20545536
       80256         2048         212.883    328728576     41091072
       80256         4096         436.797    657457152     82182144
       80256         8192         856.752   1314914304    164364288
       88224            1           9.688       176448        22056
       88224            2           0.782       352896        44112
       88224            4           0.922       705792        88224
       88224            8           1.462      1411584       176448
       88224           16           2.454      2823168       352896
       88224           32           4.168      5646336       705792
       88224           64           7.895     11292672      1411584
       88224          128          15.228     22585344      2823168
       88224          256          29.785     45170688      5646336
       88224          512          60.802     90341376     11292672
       88224         1024         121.144    180682752     22585344
       88224         2048         255.963    361365504     45170688
       88224         4096         480.036    722731008     90341376
       88224         8192         946.137   1445462016    180682752
       96960            1           9.678       193920        24240
       96960            2           0.841       387840        48480
       96960            4           1.092       775680        96960
       96960            8           1.553      1551360       193920
       96960           16           2.695      3102720       387840
       96960           32          32.701      6205440       775680
       96960           64           8.395     12410880      1551360
       96960          128          16.801     24821760      3102720
       96960          256          33.222     49643520      6205440
       96960          512          65.782     99287040     12410880
       96960         1024         131.634    198574080     24821760
       96960         2048         257.035    397148160     49643520
       96960         4096         525.871    794296320     99287040
       96960         8192        1033.338   1588592640    198574080
      106656            1           9.037       213312        26664
      106656            2           0.912       426624        53328
      106656            4           1.142       853248       106656
      106656            8           1.904      1706496       213312
      106656           16           2.755      3412992       426624
      106656           32           4.999      6825984       853248
      106656           64           9.578     13651968      1706496
      106656          128          18.354     27303936      3412992
      106656          256          35.856     54607872      6825984
      106656          512          72.423    109215744     13651968
      106656         1024         142.002    218431488     27303936
      106656         2048         299.473    436862976     54607872
      106656         4096         568.239    873725952    109215744
      106656         8192        1139.343   1747451904    218431488
      117312            1           8.446       234624        29328
      117312            2           0.811       469248        58656
      117312            4           1.212       938496       117312
      117312            8           1.904      1876992       234624
      117312           16           2.946      3753984       469248
      117312           32           5.510      7507968       938496
      117312           64          10.319     15015936      1876992
      117312          128          20.257     30031872      3753984
      117312          256          39.814     60063744      7507968
      117312          512          79.837    120127488     15015936
      117312         1024         157.891    240254976     30031872
      117312         2048         325.161    480509952     60063744
      117312         4096         622.319    961019904    120127488
      117312         8192        1250.570   1922039808    240254976
      129024            1          12.013       258048        32256
      129024            2           0.932       516096        64512
      129024            4           1.382      1032192       129024
      129024            8           2.034      2064384       258048
      129024           16           3.356      4128768       516096
      129024           32           6.002      8257536      1032192
      129024           64          11.301     16515072      2064384
      129024          128          22.131     33030144      4128768
      129024          256          43.710     66060288      8257536
      129024          512         103.531    132120576     16515072
      129024         1024         173.010    264241152     33030144
      129024         2048         346.711    528482304     66060288
      129024         4096         686.748   1056964608    132120576
      129024         8192        1377.543   2113929216    264241152
      141888            1          12.223       283776        35472
      141888            2           0.962       567552        70944
      141888            4           1.343      1135104       141888
      141888            8           2.284      2270208       283776
      141888           16           3.676      4540416       567552
      141888           32           6.482      9080832      1135104
      141888           64          12.533     18161664      2270208
      141888          128          24.174     36323328      4540416
      141888          256          47.498     72646656      9080832
      141888          512          99.294    145293312     18161664
      141888         1024         188.338    290586624     36323328
      141888         2048         438.891    581173248     72646656
      141888         4096         764.512   1162346496    145293312
      156000            1          14.747       312000        39000
      156000            2           0.911       624000        78000
      156000            4           1.513      1248000       156000
      156000            8           2.305      2496000       312000
      156000           16           3.947      4992000       624000
      156000           32           7.123      9984000      1248000
      156000           64          13.745     19968000      2496000
      156000          128          27.090     39936000      4992000
      156000          256          52.387     79872000      9984000
      156000          512         123.377    159744000     19968000
      156000         1024         210.188    319488000     39936000
      156000         2048         420.546    638976000     79872000
      156000         4096         842.035   1277952000    159744000
      171552            1          12.874       343104        42888
      171552            2           1.072       686208        85776
      171552            4           1.643      1372416       171552
      171552            8           2.665      2744832       343104
      171552           16           4.268      5489664       686208
      171552           32           7.895     10979328      1372416
      171552           64          15.068     21958656      2744832
      171552          128          29.474     43917312      5489664
      171552          256          58.548     87834624     10979328
      171552          512         114.923    175669248     21958656
      171552         1024         228.342    351338496     43917312
      171552         2048         461.272    702676992     87834624
      171552         4096         935.478   1405353984    175669248
      188640            1          17.181       377280        47160
      188640            2           1.102       754560        94320
      188640            4           1.853      1509120       188640
      188640            8           2.856      3018240       377280
      188640           16           4.759      6036480       754560
      188640           32           8.586     12072960      1509120
      188640           64          16.520     24145920      3018240
      188640          128          32.831     48291840      6036480
      188640          256          63.847     96583680     12072960
      188640          512         128.567    193167360     24145920
      188640         1024         250.602    386334720     48291840
      188640         2048         522.014    772669440     96583680
      188640         4096        1006.489   1545338880    193167360
      207456            1          16.250       414912        51864
      207456            2           1.202       829824       103728
      207456            4           2.114      1659648       207456
      207456            8           3.317      3319296       414912
      207456           16           6.141      6638592       829824
      207456           32           9.558     13277184      1659648
      207456           64          18.194     26554368      3319296
      207456          128          35.655     53108736      6638592
      207456          256          70.440    106217472     13277184
      207456          512         139.969    212434944     26554368
      207456         1024         278.434    424869888     53108736
      207456         2048         564.993    849739776    106217472
      207456         4096        1120.208   1699479552    212434944
      228192            1          16.530       456384        57048
      228192            2           1.182       912768       114096
      228192            4           2.103      1825536       228192
      228192            8           3.426      3651072       456384
      228192           16           5.790      7302144       912768
      228192           32          10.579     14604288      1825536
      228192           64          20.287     29208576      3651072
      228192          128          39.713     58417152      7302144
      228192          256          78.395    116834304     14604288
      228192          512         156.319    233668608     29208576
      228192         1024         311.495    467337216     58417152
      228192         2048         632.317    934674432    116834304
      228192         4096        1247.534   1869348864    233668608
      250944            1          18.494       501888        62736
      250944            2           1.463      1003776       125472
      250944            4           2.354      2007552       250944
      250944            8           3.717      4015104       501888
      250944           16           6.272      8030208      1003776
      250944           32          11.842     16060416      2007552
      250944           64          22.682     32120832      4015104
      250944          128          45.384     64241664      8030208
      250944          256          87.131    128483328     16060416
      250944          512         173.720    256966656     32120832
      250944         1024         356.669    513933312     64241664
      250944         2048         688.652   1027866624    128483328
      250944         4096        1382.372   2055733248    256966656
      276000            1          19.205       552000        69000
      276000            2           1.412      1104000       138000
      276000            4           2.564      2208000       276000
      276000            8           4.358      4416000       552000
      276000           16           7.033      8832000      1104000
      276000           32          12.904     17664000      2208000
      276000           64          24.896     35328000      4416000
      276000          128          48.540     70656000      8832000
      276000          256          95.737    141312000     17664000
      276000          512         190.361    282624000     35328000
      276000         1024         382.416    565248000     70656000
      276000         2048         760.013   1130496000    141312000
      303552            1          21.309       607104        75888
      303552            2           1.803      1214208       151776
      303552            4           2.725      2428416       303552
      303552            8           4.439      4856832       607104
      303552           16           7.634      9713664      1214208
      303552           32          14.166     19427328      2428416
      303552           64          27.060     38854656      4856832
      303552          128          53.048     77709312      9713664
      303552          256         104.753    155418624     19427328
      303552          512         209.197    310837248     38854656
      303552         1024         424.194    621674496     77709312
      303552         2048         836.996   1243348992    155418624
      333888            1          25.998       667776        83472
      333888            2           1.513      1335552       166944
      333888            4           3.015      2671104       333888
      333888            8           4.889      5342208       667776
      333888           16           8.416     10684416      1335552
      333888           32          15.469     21368832      2671104
      333888           64          30.125     42737664      5342208
      333888          128          58.528     85475328     10684416
      333888          256         115.493    170950656     21368832
      333888          512         230.165    341901312     42737664
      333888         1024         471.671    683802624     85475328
      333888         2048         921.502   1367605248    170950656
      367200            1          25.687       734400        91800
      367200            2           2.034      1468800       183600
      367200            4           3.306      2937600       367200
      367200            8           5.300      5875200       734400
      367200           16           9.258     11750400      1468800
      367200           32          17.212     23500800      2937600
      367200           64          32.710     47001600      5875200
      367200          128          64.168     94003200     11750400
      367200          256         127.175    188006400     23500800
      367200          512         261.353    376012800     47001600
      367200         1024         508.289    752025600     94003200
      367200         2048        1011.928   1504051200    188006400
      403872            1          28.192       807744       100968
      403872            2           2.334      1615488       201936
      403872            4           3.637      3230976       403872
      403872            8           5.731      6461952       807744
      403872           16          10.128     12923904      1615488
      403872           32          18.694     25847808      3230976
      403872           64          35.987     51695616      6461952
      403872          128          70.359    103391232     12923904
      403872          256         142.623    206782464     25847808
      403872          512         277.132    413564928     51695616
      403872         1024         555.606    827129856    103391232
      403872         2048        1112.384   1654259712    206782464
      444192            1          31.579       888384       111048
      444192            2           2.124      1776768       222096
      444192            4           3.987      3553536       444192
      444192            8           6.352      7107072       888384
      444192           16          11.411     14214144      1776768
      444192           32          20.598     28428288      3553536
      444192           64          39.723     56856576      7107072
      444192          128          89.015    113713152     14214144
      444192          256         153.834    227426304     28428288
      444192          512         306.626    454852608     56856576
      444192         1024         613.343    909705216    113713152
      444192         2048        1220.895   1819410432    227426304
      488544            1          35.065       977088       122136
      488544            2           2.765      1954176       244272
      488544            4           4.248      3908352       488544
      488544            8           6.823      7816704       977088
      488544           16          12.132     15633408      1954176
      488544           32          22.541     31266816      3908352
      488544           64          43.350     62533632      7816704
      488544          128          85.167    125067264     15633408
      488544          256         168.631    250134528     31266816
      488544          512         336.021    500269056     62533632
      488544         1024         674.777   1000538112    125067264
      488544         2048        1347.167   2001076224    250134528
      537312            1          39.203      1074624       134328
      537312            2           2.785      2149248       268656
      537312            4           4.318      4298496       537312
      537312            8           7.574      8596992      1074624
      537312           16          13.165     17193984      2149248
      537312           32          24.746     34387968      4298496
      537312           64          47.488     68775936      8596992
      537312          128          96.869    137551872     17193984
      537312          256         202.795    275103744     34387968
      537312          512         369.612    550207488     68775936
      537312         1024         740.998   1100414976    137551872
      590976            1          40.665      1181952       147744
      590976            2           2.996      2363904       295488
      590976            4           4.990      4727808       590976
      590976            8           8.356      9455616      1181952
      590976           16          14.687     18911232      2363904
      590976           32          27.371     37822464      4727808
      590976           64          52.356     75644928      9455616
      590976          128         102.860    151289856     18911232
      590976          256         218.082    302579712     37822464
      590976          512         407.452    605159424     75644928
      590976         1024         825.124   1210318848    151289856
      650016            1          48.410      1300032       162504
      650016            2           3.397      2600064       325008
      650016            4           5.570      5200128       650016
      650016            8           9.377     10400256      1300032
      650016           16          16.039     20800512      2600064
      650016           32          29.996     41601024      5200128
      650016           64          57.636     83202048     10400256
      650016          128         131.783    166404096     20800512
      650016          256         224.414    332808192     41601024
      650016          512         446.835    665616384     83202048
      650016         1024         897.587   1331232768    166404096
      715008            1          50.243      1430016       178752
      715008            2           3.867      2860032       357504
      715008            4           6.021      5720064       715008
      715008            8          10.019     11440128      1430016
      715008           16          17.512     22880256      2860032
      715008           32          33.071     45760512      5720064
      715008           64          82.762     91521024     11440128
      715008          128         124.159    183042048     22880256
      715008          256         249.491    366084096     45760512
      715008          512         491.177    732168192     91521024
      715008         1024         988.405   1464336384    183042048
      786432            1          54.922      1572864       196608
      786432            2           4.017      3145728       393216
      786432            4           6.582      6291456       786432
      786432            8          10.870     12582912      1572864
      786432           16          19.025     25165824      3145728
      786432           32          36.407     50331648      6291456
      786432           64          69.629    100663296     12582912
      786432          128         136.743    201326592     25165824
      786432          256         283.664    402653184     50331648
      786432          512         545.086    805306368    100663296
      786432         1024        1083.420   1610612736    201326592
      865056            1          60.973      1730112       216264
      865056            2           4.609      3460224       432528
      865056            4           7.283      6920448       865056
      865056            8          12.002     13840896      1730112
      865056           16          21.430     27681792      3460224
      865056           32          39.653     55363584      6920448
      865056           64          76.872    110727168     13840896
      865056          128         151.079    221454336     27681792
      865056          256         298.331    442908672     55363584
      865056          512         605.759    885817344    110727168
      865056         1024        1196.530   1771634688    221454336
      951552            1          71.552      1903104       237888
      951552            2           4.739      3806208       475776
      951552            4           7.864      7612416       951552
      951552            8          13.105     15224832      1903104
      951552           16          23.152     30449664      3806208
      951552           32          43.701     60899328      7612416
      951552           64          84.345    121798656     15224832
      951552          128         165.987    243597312     30449664
      951552          256         341.050    487194624     60899328
      951552          512         654.789    974389248    121798656
      951552         1024        1317.372   1948778496    243597312
     1046688            1          76.852      2093376       261672
     1046688            2           5.099      4186752       523344
     1046688            4           8.646      8373504      1046688
     1046688            8          14.406     16747008      2093376
     1046688           16          25.577     33494016      4186752
     1046688           32          48.259     66988032      8373504
     1046688           64          92.410    133976064     16747008
     1046688          128         200.681    267952128     33494016
     1046688          256         360.365    535904256     66988032
     1046688          512         721.773   1071808512    133976064
     1046688         1024        1436.453   2143617024    267952128
     1151328            1          86.119      2302656       287832
     1151328            2           6.141      4605312       575664
     1151328            4           9.298      9210624      1151328
     1151328            8          15.689     18421248      2302656
     1151328           16          28.362     36842496      4605312
     1151328           32          52.698     73684992      9210624
     1151328           64         101.878    147369984     18421248
     1151328          128         200.660    294739968     36842496
     1151328          256         406.391    589479936     73684992
     1151328          512         794.057   1178959872    147369984
     1266432            1          89.896      2532864       316608
     1266432            2           6.792      5065728       633216
     1266432            4          10.410     10131456      1266432
     1266432            8          17.542     20262912      2532864
     1266432           16          30.998     40525824      5065728
     1266432           32          58.138     81051648     10131456
     1266432           64         113.380    162103296     20262912
     1266432          128         234.012    324206592     40525824
     1266432          256         441.656    648413184     81051648
     1266432          512         876.268   1296826368    162103296
     1393056            1         102.990      2786112       348264
     1393056            2           7.114      5572224       696528
     1393056            4          11.492     11144448      1393056
     1393056            8          19.206     22288896      2786112
     1393056           16          34.103     44577792      5572224
     1393056           32          63.708     89155584     11144448
     1393056           64         143.736    178311168     22288896
     1393056          128         241.647    356622336     44577792
     1393056          256         483.824    713244672     89155584
     1393056          512         960.975   1426489344    178311168
     1532352            1         105.735      3064704       383088
     1532352            2           8.205      6129408       766176
     1532352            4          12.573     12258816      1532352
     1532352            8          20.969     24517632      3064704
     1532352           16          37.269     49035264      6129408
     1532352           32          70.009     98070528     12258816
     1532352           64         135.169    196141056     24517632
     1532352          128         267.464    392282112     49035264
     1532352          256         539.286    784564224     98070528
     1532352          512        1059.647   1569128448    196141056
     1685568            1         153.644      3371136       421392
     1685568            2           8.426      6742272       842784
     1685568            4          13.725     13484544      1685568
     1685568            8          22.722     26969088      3371136
     1685568           16          40.996     53938176      6742272
     1685568           32          77.063    107876352     13484544
     1685568           64         148.885    215752704     26969088
     1685568          128         293.011    431505408     53938176
     1685568          256         594.708    863010816    107876352
     1685568          512        1169.149   1726021632    215752704
     1854048            1         131.903      3708096       463512
     1854048            2          10.780      7416192       927024
     1854048            4          15.298     14832384      1854048
     1854048            8          25.227     29664768      3708096
     1854048           16          44.943     59329536      7416192
     1854048           32          84.556    118659072     14832384
     1854048           64         165.145    237318144     29664768
     1854048          128         323.678    474636288     59329536
     1854048          256         648.557    949272576    118659072
     1854048          512        1278.952   1898545152    237318144
     2039424            1         151.310      4078848       509856
     2039424            2          10.550      8157696      1019712
     2039424            4          16.681     16315392      2039424
     2039424            8          27.541     32630784      4078848
     2039424           16          49.091     65261568      8157696
     2039424           32          92.812    130523136     16315392
     2039424           64         200.340    261046272     32630784
     2039424          128         354.715    522092544     65261568
     2039424          256         706.294   1044185088    130523136
     2039424          512        1401.989   2088370176    261046272
     2243328            1         163.953      4486656       560832
     2243328            2          12.363      8973312      1121664
     2243328            4          18.414     17946624      2243328
     2243328            8          30.436     35893248      4486656
     2243328           16          54.420     71786496      8973312
     2243328           32         101.818    143572992     17946624
     2243328           64         198.908    287145984     35893248
     2243328          128         402.594    574291968     71786496
     2243328          256         780.251   1148583936    143572992
     2467584            1         178.089      4935168       616896
     2467584            2          13.254      9870336      1233792
     2467584            4          19.927     19740672      2467584
     2467584            8          33.452     39481344      4935168
     2467584           16          60.111     78962688      9870336
     2467584           32         112.588    157925376     19740672
     2467584           64         233.561    315850752     39481344
     2467584          128         432.940    631701504     78962688
     2467584          256         857.954   1263403008    157925376
     2714304            1         204.999      5428608       678576
     2714304            2          14.798     10857216      1357152
     2714304            4          22.001     21714432      2714304
     2714304            8          36.938     43428864      5428608
     2714304           16          65.752     86857728     10857216
     2714304           32         142.463    173715456     21714432
     2714304           64         240.524    347430912     43428864
     2714304          128         475.098    694861824     86857728
     2714304          256         949.824   1389723648    173715456
     2985696            1         480.908      5971392       746424
     2985696            2        1520.458     11942784      1492848
     2985696            4          24.676     23885568      2985696
     2985696            8          40.324     47771136      5971392
     2985696           16          72.675     95542272     11942784
     2985696           32         140.269    191084544     23885568
     2985696           64         273.174    382169088     47771136
     2985696          128         520.641    764338176     95542272
     2985696          256        1041.463   1528676352    191084544
     3284256            1         249.330      6568512       821064
     3284256            2          28.002     13137024      1642128
     3284256            4          27.681     26274048      3284256
     3284256            8          45.183     52548096      6568512
     3284256           16          81.580    105096192     13137024
     3284256           32         170.104    210192384     26274048
     3284256           64         296.648    420384768     52548096
     3284256          128         588.356    840769536    105096192
     3284256          256        1162.116   1681539072    210192384
     3612672            1         269.688      7225344       903168
     3612672            2          34.774     14450688      1806336
     3612672            4          29.946     28901376      3612672
     3612672            8          50.122     57802752      7225344
     3612672           16          99.775    115605504     14450688
     3612672           32         172.669    231211008     28901376
     3612672           64         329.899    462422016     57802752
     3612672          128         654.369    924844032    115605504
     3612672          256        1289.190   1849688064    231211008
     3973920            1         308.580      7947840       993480
     3973920            2          42.238     15895680      1986960
     3973920            4          39.964     31791360      3973920
     3973920            8          65.831     63582720      7947840
     3973920           16         117.627    127165440     15895680
     3973920           32         221.549    254330880     31791360
     3973920           64         417.842    508661760     63582720
     3973920          128         760.815   1017323520    127165440
     3973920          256        1483.449   2034647040    254330880
     4371264            1         354.435      8742528      1092816
     4371264            2          50.824     17485056      2185632
     4371264            4          36.527     34970112      4371264
     4371264            8          61.363     69940224      8742528
     4371264           16         124.270    139880448     17485056
     4371264           32         230.816    279760896     34970112
     4371264           64         446.274    559521792     69940224
     4371264          128         820.415   1119043584    139880448
     4808352            1         348.904      9616704      1202088
     4808352            2          53.288     19233408      2404176
     4808352            4          47.518     38466816      4808352
     4808352            8          77.623     76933632      9616704
     4808352           16         134.148    153867264     19233408
     4808352           32         252.436    307734528     38466816
     4808352           64         488.322    615469056     76933632
     4808352          128         901.815   1230938112    153867264
     5289120            1         402.213     10578240      1322280
     5289120            2          56.023     21156480      2644560
     5289120            4          69.449     42312960      5289120
     5289120            8          93.874     84625920     10578240
     5289120           16         168.210    169251840     21156480
     5289120           32         317.867    338503680     42312960
     5289120           64         555.085    677007360     84625920
     5289120          128        1067.401   1354014720    169251840
     5817984            1         439.321     11635968      1454496
     5817984            2          58.368     23271936      2908992
     5817984            4          59.009     46543872      5817984
     5817984            8         101.487     93087744     11635968
     5817984           16         171.146    186175488     23271936
     5817984           32         323.327    372350976     46543872
     5817984           64         607.933    744701952     93087744
     5817984          128        1189.035   1489403904    186175488
     6399744            1         476.460     12799488      1599936
     6399744            2          69.518     25598976      3199872
     6399744            4          73.776     51197952      6399744
     6399744            8         126.293    102395904     12799488
     6399744           16         227.510    204791808     25598976
     6399744           32         429.232    409583616     51197952
     6399744           64         664.156    819167232    102395904
     6399744          128        1193.704   1638334464    204791808
     7039680            1         556.077     14079360      1759920
     7039680            2          77.073     28158720      3519840
     7039680            4          96.718     56317440      7039680
     7039680            8         161.428    112634880     14079360
     7039680           16         290.296    225269760     28158720
     7039680           32         489.715    450539520     56317440
     7039680           64         797.202    901079040    112634880
     7039680          128        1400.085   1802158080    225269760
     7743648            1         595.499     15487296      1935912
     7743648            2          77.553     30974592      3871824
     7743648            4          86.480     61949184      7743648
     7743648            8         144.487    123898368     15487296
     7743648           16         258.648    247796736     30974592
     7743648           32         490.476    495593472     61949184
     7743648           64         762.959    991186944    123898368
     7743648          128        1435.380   1982373888    247796736
     8517984            1         664.016     17035968      2129496
     8517984            2          86.009     34071936      4258992
     8517984            4          88.684     68143872      8517984
     8517984            8         149.215    136287744     17035968
     8517984           16         247.738    272575488     34071936
     8517984           32         410.679    545150976     68143872
     8517984           64         772.015   1090301952    136287744
     9369696            1         718.587     18739392      2342424
     9369696            2         111.846     37478784      4684848
     9369696            4          97.440     74957568      9369696
     9369696            8         163.232    149915136     18739392
     9369696           16         263.397    299830272     37478784
     9369696           32         450.592    599660544     74957568
     9369696           64         865.889   1199321088    149915136
    10306656            1         789.477     20613312      2576664
    10306656            2         206.151     41226624      5153328
    10306656            4         186.485     82453248     10306656
    10306656            8         251.405    164906496     20613312
    10306656           16         424.674    329812992     41226624
    10306656           32         730.619    659625984     82453248
    10306656           64        1279.272   1319251968    164906496
    11337312            1         852.725     22674624      2834328
    11337312            2         578.679     45349248      5668656
    11337312            4         415.107     90698496     11337312
    11337312            8         437.918    181396992     22674624
    11337312           16         718.267    362793984     45349248
    11337312           32        1196.990    725587968     90698496
    11337312           64        2138.990   1451175936    181396992
    12470976            1         940.797     24941952      3117744
    12470976            2        1419.291     49883904      6235488
    12470976            4        1154.532     99767808     12470976
    12470976            8         671.339    199535616     24941952
    12470976           16        1017.338    399071232     49883904
    12470976           32        1699.579    798142464     99767808
    12470976           64        3098.502   1596284928    199535616
    13718016            1        1030.883     27436032      3429504
    13718016            2        1858.592     54872064      6859008
    13718016            4        2598.829    109744128     13718016
    13718016            8        4170.041    219488256     27436032
    13718016           16        1780.528    438976512     54872064
    13718016           32        2442.280    877953024    109744128
    13718016           64        3897.186   1755906048    219488256
    15089760            1        1158.219     30179520      3772440
    15089760            2        2163.675     60359040      7544880
    15089760            4        3198.346    120718080     15089760
    15089760            8        5280.010    241436160     30179520
    15089760           16        7255.758    482872320     60359040
    15089760           32        5694.726    965744640    120718080
    15089760           64       11096.120   1931489280    241436160
    16598688            1        1246.662     33197376      4149672
    16598688            2        2481.252     66394752      8299344
    16598688            4        3727.213    132789504     16598688
    16598688            8        6110.884    265579008     33197376
    16598688           16       11022.334    531158016     66394752
    16598688           32       20616.781   1062316032    132789504
    16598688           64       27769.370   2124632064    265579008
    18258528            1        1382.934     36517056      4564632
    18258528            2        2726.805     73034112      9129264
    18258528            4        4107.315    146068224     18258528
    18258528            8        6816.528    292136448     36517056
    18258528           16       12266.121    584272896     73034112
    18258528           32       23014.529   1168545792    146068224
    20084352            1        1522.882     40168704      5021088
    20084352            2        3009.217     80337408     10042176
    20084352            4        4525.897    160674816     20084352
    20084352            8        7536.126    321349632     40168704
    20084352           16       13365.010    642699264     80337408
    20084352           32       25297.595   1285398528    160674816
    22092768            1        1657.521     44185536      5523192
    22092768            2        3357.921     88371072     11046384
    22092768            4        4954.038    176742144     22092768
    22092768            8        8192.077    353484288     44185536
    22092768           16       14733.937    706968576     88371072
    22092768           32       27736.338   1413937152    176742144
    24302016            1        1843.033     48604032      6075504
    24302016            2        3665.469     97208064     12151008
    24302016            4        5452.790    194416128     24302016
    24302016            8        9066.022    388832256     48604032
    24302016           16       16344.242    777664512     97208064
    24302016           32       30627.277   1555329024    194416128
    26732160            1        2018.407     53464320      6683040
    26732160            2        4052.142    106928640     13366080
    26732160            4        5988.097    213857280     26732160
    26732160            8        9980.680    427714560     53464320
    26732160           16       17830.416    855429120    106928640
    26732160           32       33575.020   1710858240    213857280
    29405376            1        2224.748     58810752      7351344
    29405376            2        4384.657    117621504     14702688
    29405376            4        6610.968    235243008     29405376
    29405376            8       10970.979    470486016     58810752
    29405376           16       19741.185    940972032    117621504
    29405376           32       37001.948   1881944064    235243008
    32345856            1        2445.426     64691712      8086464
    32345856            2        4902.293    129383424     16172928
    32345856            4        7278.129    258766848     32345856
    32345856            8       12047.367    517533696     64691712
    32345856           16       21681.848   1035067392    129383424
    32345856           32       40734.241   2070134784    258766848
    35580384            1        2667.425     71160768      8895096
    35580384            2        5412.174    142321536     17790192
    35580384            4        7980.386    284643072     35580384
    35580384            8       13230.211    569286144     71160768
    35580384           16       23728.146   1138572288    142321536
    39138336            1        2940.630     78276672      9784584
    39138336            2        5921.855    156553344     19569168
    39138336            4        8787.547    313106688     39138336
    39138336            8       14643.711    626213376     78276672
    39138336           16       26216.080   1252426752    156553344
    43052160            1        3231.387     86104320     10763040
    43052160            2        6483.453    172208640     21526080
    43052160            4        9653.486    344417280     43052160
    43052160            8       15909.448    688834560     86104320
    43052160           16       28643.443   1377669120    172208640
    47357376            1        3562.709     94714752     11839344
    47357376            2        7179.658    189429504     23678688
    47357376            4       10640.939    378859008     47357376
    47357376            8       17656.114    757718016     94714752
    47357376           16       31731.856   1515436032    189429504
    52093056            1        3881.638    104186112     13023264
    52093056            2        7914.145    208372224     26046528
    52093056            4       11740.751    416744448     52093056
    52093056            8       19362.485    833488896    104186112
    52093056           16       34591.588   1666977792    208372224
    57302304            1        4307.674    114604608     14325576
    57302304            2        8708.972    229209216     28651152
    57302304            4       12886.557    458418432     57302304
    57302304            8       21415.556    916836864    114604608
    57302304           16       38293.103   1833673728    229209216
    63032448            1        4773.765    126064896     15758112
    63032448            2        9496.396    252129792     31516224
    63032448            4       14161.480    504259584     63032448
    63032448            8       23440.135   1008519168    126064896
    63032448           16       41937.762   2017038336    252129792
    69335616            1        5199.281    138671232     17333904
    69335616            2       10483.749    277342464     34667808
    69335616            4       15626.316    554684928     69335616
    69335616            8       25776.109   1109369856    138671232
    76269120            1        5723.269    152538240     19067280
    76269120            2       11540.290    305076480     38134560
    76269120            4       17192.268    610152960     76269120
    76269120            8       28235.359   1220305920    152538240
    83896032            1        5725.764    167792064     20974008
    83896032            2       12639.911    335584128     41948016
    83896032            4       18862.903    671168256     83896032
    83896032            8       31134.193   1342336512    167792064
    92285568            1        7021.656    184571136     23071392
    92285568            2       13937.707    369142272     46142784
    92285568            4       20707.498    738284544     92285568
    92285568            8       34300.329   1476569088    184571136
   101514048            1        7657.290    203028096     25378512
   101514048            2       15323.757    406056192     50757024
   101514048            4       22870.873    812112384    101514048
   101514048            8       37787.819   1624224768    203028096
   111665376            1        8419.517    223330752     27916344
   111665376            2       16933.981    446661504     55832688
   111665376            4       25146.776    893323008    111665376
   111665376            8       41532.624   1786646016    223330752
   122831904            1        9360.035    245663808     30707976
   122831904            2       18553.251    491327616     61415952
   122831904            4       27594.025    982655232    122831904
   122831904            8       45861.658   1965310464    245663808
   135115008            1       10192.502    270230016     33778752
   135115008            2       20439.023    540460032     67557504
   135115008            4       30347.099   1080920064    135115008
   148626432            1       11185.225    297252864     37156608
   148626432            2       22455.045    594505728     74313216
   148626432            4       33446.974   1189011456    148626432
   163489056            1       12352.510    326978112     40872264
   163489056            2       24768.919    653956224     81744528
   163489056            4       36697.275   1307912448    163489056
   179837952            1       13583.944    359675904     44959488
   179837952            2       27242.356    719351808     89918976
   179837952            4       40347.386   1438703616    179837952
   197821728            1       14986.043    395643456     49455432
   197821728            2       29895.576    791286912     98910864
   197821728            4       44491.849   1582573824    197821728
   217603872            1       16446.671    435207744     54400968
   217603872            2       32898.100    870415488    108801936
   217603872            4       48853.964   1740830976    217603872
   239364192            1       18088.553    478728384     59841048
   239364192            2       36143.382    957456768    119682096
   239364192            4       53803.545   1914913536    239364192
   263300544            1       19891.803    526601088     65825136
   263300544            2       39847.021   1053202176    131650272
   263300544            4       59372.789   2106404352    263300544
   289630560            1       21888.529    579261120     72407640
   289630560            2       43654.713   1158522240    144815280
   318593568            1       24033.280    637187136     79648392
   318593568            2       48130.347   1274374272    159296784
   350452896            1       26457.767    700905792     87613224
   350452896            2       52847.829   1401811584    175226448
   385498176            1       29095.548    770996352     96374544
   385498176            2       58434.165   1541992704    192749088
   424047936            1       32062.647    848095872    106011984
   424047936            2       64042.912   1696191744    212023968
   466452672            1       35259.220    932905344    116613168
   466452672            2       70482.855   1865810688    233226336
   513097920            1       38846.835   1026195840    128274480
   513097920            2       77631.575   2052391680    256548960
   564407712            1       42613.461   1128815424    141101928
   620848416            1       47032.511   1241696832    155212104
   682933248            1       51505.851   1365866496    170733312
   751226496            1       56688.682   1502452992    187806624
   826349088            1       62542.251   1652698176    206587272
   908983968            1       68596.531   1817967936    227245992
   999882336            1       75568.285   1999764672    249970584

META_DATA
FLOPS          2
OPENMP_THREADS 12
ERT_VERSION  1.1.0
HOSTNAME  ('cachyos-laptop', [], ['127.0.1.1'])
UNAME  uname_result(system='Linux', node='cachyos-laptop', release='6.18.0-2-cachyos', version='#1 SMP PREEMPT_DYNAMIC Sat, 06 Dec 2025 07:42:36 +0000', machine='x86_64')
TIMESTAMP_DATA  1765907932.1813526
CONFIG  {'ERT_MPI': ['False'], 'ERT_OPENMP': ['True'], 'ERT_OPENMP_CFLAGS': ['-fopenmp'], 'ERT_OPENMP_LDFLAGS': ['-fopenmp'], 'ERT_PRECISION': ['FP64'], 'ERT_TRIALS_MIN': ['1'], 'ERT_TRIALS': ['3', '#', 'Run', 'each', 'test', '3', 'times', 'to', 'filter', 'out', 'background', 'noise'], 'ERT_RESULTS': ['Results/5500U'], 'ERT_GNUPLOT': ['gnuplot'], 'ERT_DRIVER': ['driver1'], 'ERT_KERNEL': ['kernel1'], 'ERT_CC': ['g++'], 'ERT_LD': ['g++'], 'ERT_CFLAGS': ['-O3', '-march=native', '-fopenmp', '-fstrict-aliasing', '-funroll-loops', '-Wno-all'], 'ERT_LDFLAGS': ['-O3', '-march=native', '-fopenmp'], 'ERT_LDLIBS': ['-lm'], 'ERT_RUN': ['export', 'OMP_NUM_THREADS=ERT_OPENMP_THREADS;', './ERT_CODE'], 'ERT_WORKING_SET_MIN': ['128'], 'ERT_MEMORY_MAX': ['1073741824'], 'ERT_ALIGN': ['64'], 'ERT_MIN_PROCS': ['1'], 'ERT_MAX_PROCS': ['1'], 'ERT_OPENMP_THREADS': ['1,2,4,8,12', '#', 'Logical', 'Threads'], 'ERT_NUM_EXPERIMENTS': ['5'], 'ERT_FLOPS': ['1,2,4,8'], 'ERT_GPU': [False], 'ERT_HIP': [False], 'ERT_OCL': [False], 'ERT_SYCL': [False], 'ERT_WSS_MULT': [1.1]}
