fp64
       12288            1           1.140        24576         6144
       12288            2           0.710        49152        12288
       12288            4           0.670        98304        24576
       12288            8           0.840       196608        49152
       12288           16           1.490       393216        98304
       12288           32           1.810       786432       196608
       12288           64           3.190      1572864       393216
       12288          128           5.880      3145728       786432
       12288          256          11.260      6291456      1572864
       12288          512          21.950     12582912      3145728
       12288         1024          43.420     25165824      6291456
       12288         2048          86.290     50331648     12582912
       12288         4096         172.160    100663296     25165824
       12288         8192         361.400    201326592     50331648
       12288        16384         692.381    402653184    100663296
       12288        32768        1381.031    805306368    201326592
       12288        65536        2758.162   1610612736    402653184
       13440            1          20.880        26880         6720
       13440            2           0.710        53760        13440
       13440            4           0.790       107520        26880
       13440            8           0.870       215040        53760
       13440           16           1.220       430080       107520
       13440           32           2.020       860160       215040
       13440           64           3.470      1720320       430080
       13440          128           6.360      3440640       860160
       13440          256          12.280      6881280      1720320
       13440          512          24.110     13762560      3440640
       13440         1024          47.740     27525120      6881280
       13440         2048          95.010     55050240     13762560
       13440         4096         189.530    110100480     27525120
       13440         8192         389.131    220200960     55050240
       13440        16384         756.450    440401920    110100480
       13440        32768        1520.251    880803840    220200960
       13440        65536        3032.553   1761607680    440401920
       14784            1          19.560        29568         7392
       14784            2           0.830        59136        14784
       14784            4           0.770       118272        29568
       14784            8           1.240       236544        59136
       14784           16           1.240       473088       118272
       14784           32           2.100       946176       236544
       14784           64           3.720      1892352       473088
       14784          128           6.980      3784704       946176
       14784          256          13.430      7569408      1892352
       14784          512          26.420     15138816      3784704
       14784         1024          52.320     30277632      7569408
       14784         2048         104.230     60555264     15138816
       14784         4096         208.050    121110528     30277632
       14784         8192         428.970    242221056     60555264
       14784        16384         833.641    484442112    121110528
       14784        32768        1663.651    968884224    242221056
       14784        65536        3332.403   1937768448    484442112
       16224            1          20.950        32448         8112
       16224            2           0.890        64896        16224
       16224            4           0.840       129792        32448
       16224            8           1.130       259584        64896
       16224           16           1.410       519168       129792
       16224           32           2.320      1038336       259584
       16224           64           4.050      2076672       519168
       16224          128           7.670      4153344      1038336
       16224          256          14.830      8306688      2076672
       16224          512          29.130     16613376      4153344
       16224         1024          57.620     33226752      8306688
       16224         2048         115.000     66453504     16613376
       16224         4096         229.370    132907008     33226752
       16224         8192         472.631    265814016     66453504
       16224        16384         920.010    531628032    132907008
       16224        32768        1839.922   1063256064    265814016
       16224        65536        3673.533   2126512128    531628032
       17760            1         128.550        35520         8880
       17760            2           0.760        71040        17760
       17760            4           0.800       142080        35520
       17760            8           0.990       284160        71040
       17760           16           1.510       568320       142080
       17760           32           2.500      1136640       284160
       17760           64           4.680      2273280       568320
       17760          128           8.340      4546560      1136640
       17760          256          16.130      9093120      2273280
       17760          512          31.800     18186240      4546560
       17760         1024          63.150     36372480      9093120
       17760         2048         125.640     72744960     18186240
       17760         4096         250.880    145489920     36372480
       17760         8192         505.531    290979840     72744960
       17760        16384        1005.601    581959680    145489920
       17760        32768        2013.221   1163919360    290979840
       19488            1          15.100        38976         9744
       19488            2           0.780        77952        19488
       19488            4           1.030       155904        38976
       19488            8           1.140       311808        77952
       19488           16           1.600       623616       155904
       19488           32           2.660      1247232       311808
       19488           64           4.810      2494464       623616
       19488          128           9.080      4988928      1247232
       19488          256          17.630      9977856      2494464
       19488          512          34.820     19955712      4988928
       19488         1024          69.120     39911424      9977856
       19488         2048         137.990     79822848     19955712
       19488         4096         275.430    159645696     39911424
       19488         8192         559.191    319291392     79822848
       19488        16384        1105.701    638582784    159645696
       19488        32768        2205.842   1277165568    319291392
       21408            1          13.700        42816        10704
       21408            2           0.730        85632        21408
       21408            4           0.870       171264        42816
       21408            8           1.130       342528        85632
       21408           16           1.690       685056       171264
       21408           32           2.860      1370112       342528
       21408           64           5.220      2740224       685056
       21408          128           9.900      5480448      1370112
       21408          256          19.350     10960896      2740224
       21408          512          38.321     21921792      5480448
       21408         1024          94.970     43843584     10960896
       21408         2048         151.440     87687168     21921792
       21408         4096         302.700    175374336     43843584
       21408         8192         607.380    350748672     87687168
       21408        16384        1212.771    701497344    175374336
       21408        32768        2425.982   1402994688    350748672
       23520            1          12.370        47040        11760
       23520            2           0.960        94080        23520
       23520            4           1.300       188160        47040
       23520            8           1.170       376320        94080
       23520           16           1.790       752640       188160
       23520           32           3.150      1505280       376320
       23520           64           5.660      3010560       752640
       23520          128          10.810      6021120      1505280
       23520          256          21.150     12042240      3010560
       23520          512          41.810     24084480      6021120
       23520         1024          83.210     48168960     12042240
       23520         2048         165.691     96337920     24084480
       23520         4096         331.330    192675840     48168960
       23520         8192         664.570    385351680     96337920
       23520        16384        1325.431    770703360    192675840
       23520        32768        2656.683   1541406720    385351680
       25824            1         274.961        51648        12912
       25824            2           0.670       103296        25824
       25824            4           0.860       206592        51648
       25824            8           1.170       413184       103296
       25824           16           1.950       826368       206592
       25824           32           3.670      1652736       413184
       25824           64           6.120      3305472       826368
       25824          128          11.810      6610944      1652736
       25824          256          23.370     13221888      3305472
       25824          512          46.040     26443776      6610944
       25824         1024          91.350     52887552     13221888
       25824         2048         182.340    105775104     26443776
       25824         4096         364.080    211550208     52887552
       25824         8192         732.811    423100416    105775104
       25824        16384        1464.531    846200832    211550208
       25824        32768        2921.762   1692401664    423100416
       28320            1          21.060        56640        14160
       28320            2           0.840       113280        28320
       28320            4           0.850       226560        56640
       28320            8           1.280       453120       113280
       28320           16           2.090       906240       226560
       28320           32           3.610      1812480       453120
       28320           64           6.740      3624960       906240
       28320          128          12.940      7249920      1812480
       28320          256          25.690     14499840      3624960
       28320          512          50.160     28999680      7249920
       28320         1024         100.021     57999360     14499840
       28320         2048         199.370    115998720     28999680
       28320         4096         398.530    231997440     57999360
       28320         8192         801.541    463994880    115998720
       28320        16384        1599.421    927989760    231997440
       28320        32768        3193.662   1855979520    463994880
       31104            1          13.900        62208        15552
       31104            2           0.880       124416        31104
       31104            4           0.970       248832        62208
       31104            8           1.410       497664       124416
       31104           16           2.240       995328       248832
       31104           32           3.920      1990656       497664
       31104           64           7.330      3981312       995328
       31104          128          14.080      7962624      1990656
       31104          256          27.680     15925248      3981312
       31104          512          55.031     31850496      7962624
       31104         1024         109.120     63700992     15925248
       31104         2048         231.680    127401984     31850496
       31104         4096         435.800    254803968     63700992
       31104         8192         873.981    509607936    127401984
       31104        16384        1748.171   1019215872    254803968
       31104        32768        3490.333   2038431744    509607936
       34176            1          19.850        68352        17088
       34176            2          72.670       136704        34176
       34176            4           0.990       273408        68352
       34176            8           1.480       546816       136704
       34176           16           2.790      1093632       273408
       34176           32           4.290      2187264       546816
       34176           64           7.980      4374528      1093632
       34176          128          15.610      8749056      2187264
       34176          256          30.350     17498112      4374528
       34176          512          98.580     34996224      8749056
       34176         1024         119.960     69992448     17498112
       34176         2048         239.530    139984896     34996224
       34176         4096         486.581    279969792     69992448
       34176         8192         961.990    559939584    139984896
       34176        16384        1920.162   1119879168    279969792
       37536            1         287.920        75072        18768
       37536            2         248.080       150144        37536
       37536            4         141.020       300288        75072
       37536            8           1.690       600576       150144
       37536           16           2.500      1201152       300288
       37536           32           4.620      2402304       600576
       37536           64           8.670      4804608      1201152
       37536          128          17.030      9609216      2402304
       37536          256          33.430     19218432      4804608
       37536          512          66.340     38436864      9609216
       37536         1024         132.280     76873728     19218432
       37536         2048         263.980    153747456     38436864
       37536         4096         532.431    307494912     76873728
       37536         8192        1058.491    614989824    153747456
       37536        16384        2115.451   1229979648    307494912
       41280            1          13.660        82560        20640
       41280            2           0.990       165120        41280
       41280            4           1.190       330240        82560
       41280            8           1.680       660480       165120
       41280           16           3.430      1320960       330240
       41280           32           5.240      2641920       660480
       41280           64           9.610      5283840      1320960
       41280          128          18.790     10567680      2641920
       41280          256          36.650     21135360      5283840
       41280          512          72.800     42270720     10567680
       41280         1024         145.270     84541440     21135360
       41280         2048         289.520    169082880     42270720
       41280         4096         604.221    338165760     84541440
       41280         8192        1160.731    676331520    169082880
       41280        16384        2324.072   1352663040    338165760
       45408            1          14.900        90816        22704
       45408            2           0.850       181632        45408
       45408            4           1.190       363264        90816
       45408            8           1.790       726528       181632
       45408           16           3.000      1453056       363264
       45408           32           5.700      2906112       726528
       45408           64          10.580      5812224      1453056
       45408          128          20.440     11624448      2906112
       45408          256          40.400     23248896      5812224
       45408          512          80.190     46497792     11624448
       45408         1024         159.970     92995584     23248896
       45408         2048         319.250    185991168     46497792
       45408         4096         645.561    371982336     92995584
       45408         8192        1279.021    743964672    185991168
       45408        16384        2561.492   1487929344    371982336
       49920            1          22.900        99840        24960
       49920            2           0.930       199680        49920
       49920            4           1.250       399360        99840
       49920            8           1.940       798720       199680
       49920           16           3.450      1597440       399360
       49920           32           6.230      3194880       798720
       49920           64          11.470      6389760      1597440
       49920          128          22.360     12779520      3194880
       49920          256          44.190     25559040      6389760
       49920          512          87.890     51118080     12779520
       49920         1024         175.250    102236160     25559040
       49920         2048         362.330    204472320     51118080
       49920         4096         699.311    408944640    102236160
       49920         8192        1404.901    817889280    204472320
       49920        16384        2809.692   1635778560    408944640
       54912            1         512.230       109824        27456
       54912            2         487.080       219648        54912
       54912            4         495.000       439296       109824
       54912            8         488.821       878592       219648
       54912           16         492.991      1757184       439296
       54912           32         504.560      3514368       878592
       54912           64         523.240      7028736      1757184
       54912          128         542.760     14057472      3514368
       54912          256         581.871     28114944      7028736
       54912          512         664.711     56229888     14057472
       54912         1024         803.661    112459776     28114944
       54912         2048        1102.981    224919552     56229888
       54912         4096         884.300    449839104    112459776
       54912         8192        1543.292    899678208    224919552
       54912        16384        3094.012   1799356416    449839104
       60384            1          26.210       120768        30192
       60384            2           1.210       241536        60384
       60384            4           1.530       483072       120768
       60384            8           2.280       966144       241536
       60384           16           5.150      1932288       483072
       60384           32           7.190      3864576       966144
       60384           64          14.010      7729152      1932288
       60384          128          27.050     15458304      3864576
       60384          256          53.400     30916608      7729152
       60384          512         106.300     61833216     15458304
       60384         1024         212.020    123666432     30916608
       60384         2048         432.321    247332864     61833216
       60384         4096         850.560    494665728    123666432
       60384         8192        1696.802    989331456    247332864
       60384        16384        3399.523   1978662912    494665728
       66336            1          22.560       132672        33168
       66336            2           1.210       265344        66336
       66336            4           1.440       530688       132672
       66336            8           2.400      1061376       265344
       66336           16           4.240      2122752       530688
       66336           32           7.840      4245504      1061376
       66336           64          15.090      8491008      2122752
       66336          128          29.541     16982016      4245504
       66336          256          58.680     33964032      8491008
       66336          512         116.770     67928064     16982016
       66336         1024         232.780    135856128     33964032
       66336         2048         475.770    271712256     67928064
       66336         4096         937.111    543424512    135856128
       66336         8192        1866.081   1086849024    271712256
       72960            1          20.320       145920        36480
       72960            2           1.260       291840        72960
       72960            4           1.910       583680       145920
       72960            8           2.810      1167360       291840
       72960           16           4.560      2334720       583680
       72960           32           8.540      4669440      1167360
       72960           64          16.510      9338880      2334720
       72960          128          32.490     18677760      4669440
       72960          256          64.370     37355520      9338880
       72960          512         132.541     74711040     18677760
       72960         1024         255.840    149422080     37355520
       72960         2048         534.640    298844160     74711040
       72960         4096        1024.811    597688320    149422080
       72960         8192        2049.692   1195376640    298844160
       80256            1         425.701       160512        40128
       80256            2           1.290       321024        80256
       80256            4           1.520       642048       160512
       80256            8           2.730      1284096       321024
       80256           16           5.210      2568192       642048
       80256           32           9.380      5136384      1284096
       80256           64          18.510     10272768      2568192
       80256          128          35.630     20545536      5136384
       80256          256          70.590     41091072     10272768
       80256          512         140.900     82182144     20545536
       80256         1024         280.920    164364288     41091072
       80256         2048         567.301    328728576     82182144
       80256         4096        1128.191    657457152    164364288
       80256         8192        2253.521   1314914304    328728576
       88224            1          20.430       176448        44112
       88224            2           1.400       352896        88224
       88224            4           1.780       705792       176448
       88224            8           3.070      1411584       352896
       88224           16           5.420      2823168       705792
       88224           32          10.290      5646336      1411584
       88224           64          19.900     11292672      2823168
       88224          128          39.230     22585344      5646336
       88224          256          77.880     45170688     11292672
       88224          512         155.090     90341376     22585344
       88224         1024         321.861    180682752     45170688
       88224         2048         618.330    361365504     90341376
       88224         4096        1243.481    722731008    180682752
       88224         8192        2480.782   1445462016    361365504
       96960            1          22.580       193920        48480
       96960            2           1.380       387840        96960
       96960            4           2.280       775680       193920
       96960            8           3.270      1551360       387840
       96960           16           6.010      3102720       775680
       96960           32          11.200      6205440      1551360
       96960           64          21.770     12410880      3102720
       96960          128          42.940     24821760      6205440
       96960          256          85.370     49643520     12410880
       96960          512         185.600     99287040     24821760
       96960         1024         339.401    198574080     49643520
       96960         2048         682.370    397148160     99287040
       96960         4096        1359.501    794296320    198574080
       96960         8192        2722.112   1588592640    397148160
      106656            1          25.550       213312        53328
      106656            2           1.590       426624       106656
      106656            4           2.600       853248       213312
      106656            8           3.560      1706496       426624
      106656           16           6.450      3412992       853248
      106656           32          12.320      6825984      1706496
      106656           64          23.850     13651968      3412992
      106656          128          47.310     27303936      6825984
      106656          256          93.920     54607872     13651968
      106656          512         187.281    109215744     27303936
      106656         1024         386.480    218431488     54607872
      106656         2048         747.420    436862976    109215744
      106656         4096        1501.422    873725952    218431488
      106656         8192        2998.072   1747451904    436862976
      117312            1         467.090       234624        58656
      117312            2           2.020       469248       117312
      117312            4           2.130       938496       234624
      117312            8           3.930      1876992       469248
      117312           16           7.060      3753984       938496
      117312           32          13.810      7507968      1876992
      117312           64          26.240     15015936      3753984
      117312          128          52.040     30031872      7507968
      117312          256         103.231     60063744     15015936
      117312          512         205.680    120127488     30031872
      117312         1024         410.750    240254976     60063744
      117312         2048         826.161    480509952    120127488
      117312         4096        1650.771    961019904    240254976
      117312         8192        3298.393   1922039808    480509952
      129024            1          25.290       258048        64512
      129024            2           1.620       516096       129024
      129024            4           2.430      1032192       258048
      129024            8           4.241      2064384       516096
      129024           16           7.720      4128768      1032192
      129024           32          14.730      8257536      2064384
      129024           64          28.860     16515072      4128768
      129024          128          57.000     33030144      8257536
      129024          256         130.510     66060288     16515072
      129024          512         226.170    132120576     33030144
      129024         1024         451.820    264241152     66060288
      129024         2048         912.211    528482304    132120576
      129024         4096        1812.011   1056964608    264241152
      129024         8192        3623.963   2113929216    528482304
      141888            1          27.380       283776        70944
      141888            2           1.730       567552       141888
      141888            4           2.490      1135104       283776
      141888            8           4.580      2270208       567552
      141888           16           8.430      4540416      1135104
      141888           32          16.160      9080832      2270208
      141888           64          31.670     18161664      4540416
      141888          128          62.600     36323328      9080832
      141888          256         124.790     72646656     18161664
      141888          512         248.691    145293312     36323328
      141888         1024         505.100    290586624     72646656
      141888         2048        1001.131    581173248    145293312
      141888         4096        2000.111   1162346496    290586624
      156000            1          27.330       312000        78000
      156000            2           2.060       624000       156000
      156000            4           2.800      1248000       312000
      156000            8           5.010      2496000       624000
      156000           16           9.190      4992000      1248000
      156000           32          17.750      9984000      2496000
      156000           64          34.860     19968000      4992000
      156000          128          69.010     39936000      9984000
      156000          256         137.071     79872000     19968000
      156000          512         296.730    159744000     39936000
      156000         1024         546.520    319488000     79872000
      156000         2048        1097.171    638976000    159744000
      156000         4096        2191.672   1277952000    319488000
      171552            1         515.070       343104        85776
      171552            2         513.111       686208       171552
      171552            4         516.781      1372416       343104
      171552            8         525.791      2744832       686208
      171552           16         519.500      5489664      1372416
      171552           32         549.700     10979328      2744832
      171552           64         565.050     21958656      5489664
      171552          128         626.840     43917312     10979328
      171552          256         745.931     87834624     21958656
      171552          512         960.301    175669248     43917312
      171552         1024         868.350    351338496     87834624
      171552         2048        1435.582    702676992    175669248
      171552         4096        2414.152   1405353984    351338496
      188640            1          29.150       377280        94320
      188640            2           1.840       754560       188640
      188640            4           3.250      1509120       377280
      188640            8           5.930      3018240       754560
      188640           16          10.990      6036480      1509120
      188640           32          21.540     12072960      3018240
      188640           64          41.980     24145920      6036480
      188640          128          83.230     48291840     12072960
      188640          256         165.580     96583680     24145920
      188640          512         330.670    193167360     48291840
      188640         1024         670.161    386334720     96583680
      188640         2048        1326.441    772669440    193167360
      188640         4096        2651.752   1545338880    386334720
      207456            1          14.810       414912       103728
      207456            2         507.740       829824       207456
      207456            4           2.810      1659648       414912
      207456            8           6.800      3319296       829824
      207456           16          12.100      6638592      1659648
      207456           32          23.660     13277184      3319296
      207456           64          46.200     26554368      6638592
      207456          128          91.481     53108736     13277184
      207456          256         182.270    106217472     26554368
      207456          512         363.990    212434944     53108736
      207456         1024         732.921    424869888    106217472
      207456         2048        1456.941    849739776    212434944
      207456         4096        2920.252   1699479552    424869888
      228192            1          16.170       456384       114096
      228192            2           2.410       912768       228192
      228192            4           3.970      1825536       456384
      228192            8           7.050      3651072       912768
      228192           16          13.180      7302144      1825536
      228192           32          25.760     14604288      3651072
      228192           64          50.850     29208576      7302144
      228192          128         114.140     58417152     14604288
      228192          256         200.650    116834304     29208576
      228192          512         400.630    233668608     58417152
      228192         1024         803.701    467337216    116834304
      228192         2048        1608.741    934674432    233668608
      228192         4096        3206.313   1869348864    467337216
      250944            1          32.850       501888       125472
      250944            2           2.470      1003776       250944
      250944            4           4.330      2007552       501888
      250944            8           7.840      4015104      1003776
      250944           16          14.720      8030208      2007552
      250944           32          28.440     16060416      4015104
      250944           64          55.930     32120832      8030208
      250944          128         110.690     64241664     16060416
      250944          256         220.490    128483328     32120832
      250944          512         453.941    256966656     64241664
      250944         1024         883.490    513933312    128483328
      250944         2048        1765.392   1027866624    256966656
      250944         4096        3523.283   2055733248    513933312
      276000            1          33.820       552000       138000
      276000            2           2.630      1104000       276000
      276000            4           4.930      2208000       552000
      276000            8           8.480      4416000      1104000
      276000           16          16.200      8832000      2208000
      276000           32          31.240     17664000      4416000
      276000           64          61.190     35328000      8832000
      276000          128         121.881     70656000     17664000
      276000          256         255.930    141312000     35328000
      276000          512         484.040    282624000     70656000
      276000         1024         970.901    565248000    141312000
      276000         2048        1942.472   1130496000    282624000
      303552            1        1025.641       607104       151776
      303552            2        1026.891      1214208       303552
      303552            4         504.920      2428416       607104
      303552            8         523.120      4856832      1214208
      303552           16         546.220      9713664      2428416
      303552           32         566.390     19427328      4856832
      303552           64         613.801     38854656      9713664
      303552          128         712.181     77709312     19427328
      303552          256         915.741    155418624     38854656
      303552          512         811.241    310837248     77709312
      303552         1024        1354.981    621674496    155418624
      303552         2048        2450.902   1243348992    310837248
      333888            1          33.720       667776       166944
      333888            2           3.250      1335552       333888
      333888            4           5.790      2671104       667776
      333888            8          10.500      5342208      1335552
      333888           16          19.700     10684416      2671104
      333888           32          37.920     21368832      5342208
      333888           64          88.100     42737664     10684416
      333888          128         147.071     85475328     21368832
      333888          256         293.380    170950656     42737664
      333888          512         594.370    341901312     85475328
      333888         1024        1172.801    683802624    170950656
      333888         2048        2343.942   1367605248    341901312
      367200            1          19.540       734400       183600
      367200            2           4.090      1468800       367200
      367200            4           6.260      2937600       734400
      367200            8          11.320      5875200      1468800
      367200           16          21.300     11750400      2937600
      367200           32          41.410     23500800      5875200
      367200           64          81.270     47001600     11750400
      367200          128         174.620     94003200     23500800
      367200          256         322.120    188006400     47001600
      367200          512         647.421    376012800     94003200
      367200         1024        1289.421    752025600    188006400
      367200         2048        2577.672   1504051200    376012800
      403872            1        1017.841       807744       201936
      403872            2        1005.941      1615488       403872
      403872            4         515.490      3230976       807744
      403872            8          18.380      6461952      1615488
      403872           16         542.681     12923904      3230976
      403872           32         573.431     25847808      6461952
      403872           64         641.281     51695616     12923904
      403872          128         774.361    103391232     25847808
      403872          256        1059.601    206782464     51695616
      403872          512         974.671    413564928    103391232
      403872         1024        1732.761    827129856    206782464
      403872         2048        2835.483   1654259712    413564928
      444192            1           6.830       888384       222096
      444192            2           4.950      1776768       444192
      444192            4           7.410      3553536       888384
      444192            8          27.480      7107072      1776768
      444192           16          25.551     14214144      3553536
      444192           32          49.890     28428288      7107072
      444192           64          98.480     56856576     14214144
      444192          128         195.630    113713152     28428288
      444192          256         390.000    227426304     56856576
      444192          512         783.261    454852608    113713152
      444192         1024        1563.831    909705216    227426304
      444192         2048        3119.233   1819410432    454852608
      488544            1           8.830       977088       244272
      488544            2           5.320      1954176       488544
      488544            4           8.250      3908352       977088
      488544            8          14.710      7816704      1954176
      488544           16          28.140     15633408      3908352
      488544           32          54.880     31266816      7816704
      488544           64         108.381     62533632     15633408
      488544          128         215.250    125067264     31266816
      488544          256         439.380    250134528     62533632
      488544          512         859.591    500269056    125067264
      488544         1024        1713.711   1000538112    250134528
      488544         2048        3432.263   2001076224    500269056
      537312            1          10.060      1074624       268656
      537312            2           6.380      2149248       537312
      537312            4          11.680      4298496      1074624
      537312            8          16.240      8596992      2149248
      537312           16          30.970     17193984      4298496
      537312           32          60.200     34387968      8596992
      537312           64         119.080     68775936     17193984
      537312          128         236.620    137551872     34387968
      537312          256         485.540    275103744     68775936
      537312          512         945.271    550207488    137551872
      537312         1024        1888.592   1100414976    275103744
      590976            1          11.430      1181952       295488
      590976            2           3.580      2363904       590976
      590976            4           5.570      4727808      1181952
      590976            8         188.700      9455616      2363904
      590976           16          33.660     18911232      4727808
      590976           32          66.320     37822464      9455616
      590976           64         130.750     75644928     18911232
      590976          128         260.020    151289856     37822464
      590976          256         523.301    302579712     75644928
      590976          512        1040.041    605159424    151289856
      590976         1024        2080.431   1210318848    302579712
      650016            1          42.430      1300032       325008
      650016            2           6.000      2600064       650016
      650016            4          10.550      5200128      1300032
      650016            8          19.450     10400256      2600064
      650016           16          37.130     20800512      5200128
      650016           32          72.720     41601024     10400256
      650016           64         143.880     83202048     20800512
      650016          128         285.901    166404096     41601024
      650016          256         581.340    332808192     83202048
      650016          512        1143.791    665616384    166404096
      650016         1024        2281.712   1331232768    332808192
      715008            1          51.610      1430016       357504
      715008            2           8.030      2860032       715008
      715008            4          11.790      5720064      1430016
      715008            8          21.310     11440128      2860032
      715008           16          41.070     22880256      5720064
      715008           32          80.030     45760512     11440128
      715008           64         158.220     91521024     22880256
      715008          128         314.690    183042048     45760512
      715008          256         632.721    366084096     91521024
      715008          512        1255.681    732168192    183042048
      715008         1024        2514.382   1464336384    366084096
      786432            1          52.640      1572864       393216
      786432            2           8.660      3145728       786432
      786432            4          12.721      6291456      1572864
      786432            8          23.640     12582912      3145728
      786432           16          45.050     25165824      6291456
      786432           32          87.910     50331648     12582912
      786432           64         173.770    100663296     25165824
      786432          128         346.020    201326592     50331648
      786432          256         699.231    402653184    100663296
      786432          512        1384.671    805306368    201326592
      786432         1024        2759.062   1610612736    402653184
      865056            1         536.320      1730112       432528
      865056            2         500.731      3460224       865056
      865056            4         130.480      6920448      1730112
      865056            8          25.770     13840896      3460224
      865056           16          49.360     27681792      6920448
      865056           32          96.770     55363584     13840896
      865056           64         191.330    110727168     27681792
      865056          128         380.490    221454336     55363584
      865056          256         763.151    442908672    110727168
      865056          512        1523.601    885817344    221454336
      865056         1024        3039.903   1771634688    442908672
      951552            1          60.281      1903104       475776
      951552            2          10.760      3806208       951552
      951552            4          15.110      7612416      1903104
      951552            8          28.330     15224832      3806208
      951552           16          54.160     30449664      7612416
      951552           32         106.280     60899328     15224832
      951552           64         210.130    121798656     30449664
      951552          128         432.440    243597312     60899328
      951552          256         837.641    487194624    121798656
      951552          512        1670.221    974389248    243597312
      951552         1024        3342.113   1948778496    487194624
     1046688            1          66.900      2093376       523344
     1046688            2          11.330      4186752      1046688
     1046688            4          16.870      8373504      2093376
     1046688            8          31.060     16747008      4186752
     1046688           16          59.770     33494016      8373504
     1046688           32         116.760     66988032     16747008
     1046688           64         231.310    133976064     33494016
     1046688          128         470.811    267952128     66988032
     1046688          256         921.950    535904256    133976064
     1046688          512        1837.142   1071808512    267952128
     1046688         1024        3679.263   2143617024    535904256
     1151328            1         274.360      2302656       575664
     1151328            2         257.781      4605312      1151328
     1151328            4         265.390      9210624      2302656
     1151328            8         280.750     18421248      4605312
     1151328           16         313.650     36842496      9210624
     1151328           32         298.110     73684992     18421248
     1151328           64         254.030    147369984     36842496
     1151328          128         505.991    294739968     73684992
     1151328          256        1014.831    589479936    147369984
     1151328          512        2913.862   1178959872    294739968
     1266432            1          84.021      2532864       633216
     1266432            2          11.080      5065728      1266432
     1266432            4          20.440     10131456      2532864
     1266432            8          37.660     20262912      5065728
     1266432           16          72.190     40525824     10131456
     1266432           32         141.270     81051648     20262912
     1266432           64         297.970    162103296     40525824
     1266432          128         556.530    324206592     81051648
     1266432          256        1113.591    648413184    162103296
     1266432          512        2227.122   1296826368    324206592
     1393056            1          83.280      2786112       696528
     1393056            2          16.020      5572224      1393056
     1393056            4          22.200     11144448      2786112
     1393056            8          41.340     22288896      5572224
     1393056           16          79.750     44577792     11144448
     1393056           32         155.460     89155584     22288896
     1393056           64         308.031    178311168     44577792
     1393056          128         628.700    356622336     89155584
     1393056          256        1224.491    713244672    178311168
     1393056          512        2450.812   1426489344    356622336
     1532352            1          89.750      3064704       766176
     1532352            2          16.840      6129408      1532352
     1532352            4          24.600     12258816      3064704
     1532352            8          45.500     24517632      6129408
     1532352           16          87.060     49035264     12258816
     1532352           32         170.970     98070528     24517632
     1532352           64         351.960    196141056     49035264
     1532352          128         673.501    392282112     98070528
     1532352          256        1357.571    784564224    196141056
     1532352          512        2690.252   1569128448    392282112
     1685568            1         337.360      3371136       842784
     1685568            2         292.891      6742272      1685568
     1685568            4         278.840     13484544      3371136
     1685568            8         295.661     26969088      6742272
     1685568           16         347.910     53938176     13484544
     1685568           32         442.151    107876352     26969088
     1685568           64         629.780    215752704     53938176
     1685568          128         740.891    431505408    107876352
     1685568          256        1488.551    863010816    215752704
     1685568          512        2964.292   1726021632    431505408
     1854048            1         553.391      3708096       927024
     1854048            2         522.990      7416192      1854048
     1854048            4         521.041     14832384      3708096
     1854048            8         552.010     29664768      7416192
     1854048           16         603.641     59329536     14832384
     1854048           32         705.720    118659072     29664768
     1854048           64         720.651    237318144     59329536
     1854048          128         871.650    474636288    118659072
     1854048          256        1634.622    949272576    237318144
     1854048          512        3272.202   1898545152    474636288
     2039424            1         113.910      4078848      1019712
     2039424            2          22.030      8157696      2039424
     2039424            4          32.260     16315392      4078848
     2039424            8          60.640     32630784      8157696
     2039424           16         116.200     65261568     16315392
     2039424           32         227.920    130523136     32630784
     2039424           64         463.311    261046272     65261568
     2039424          128         903.610    522092544    130523136
     2039424          256        1798.422   1044185088    261046272
     2039424          512        3600.263   2088370176    522092544
     2243328            1         134.000      4486656      1121664
     2243328            2          22.500      8973312      2243328
     2243328            4          35.510     17946624      4486656
     2243328            8          66.380     35893248      8973312
     2243328           16         127.550     71786496     17946624
     2243328           32         266.690    143572992     35893248
     2243328           64         497.251    287145984     71786496
     2243328          128         993.330    574291968    143572992
     2243328          256        1982.332   1148583936    287145984
     2467584            1         145.690      4935168      1233792
     2467584            2          26.720      9870336      2467584
     2467584            4          38.920     19740672      4935168
     2467584            8          72.680     39481344      9870336
     2467584           16         140.120     78962688     19740672
     2467584           32         291.550    157925376     39481344
     2467584           64         545.811    315850752     78962688
     2467584          128        1092.720    631701504    157925376
     2467584          256        2181.852   1263403008    315850752
     2714304            1         151.910      5428608      1357152
     2714304            2          31.660     10857216      2714304
     2714304            4          42.940     21714432      5428608
     2714304            8          79.970     43428864     10857216
     2714304           16         154.520     86857728     21714432
     2714304           32         303.030    173715456     43428864
     2714304           64         607.821    347430912     86857728
     2714304          128        1204.011    694861824    173715456
     2714304          256        2396.772   1389723648    347430912
     2985696            1         190.401      5971392      1492848
     2985696            2          38.260     11942784      2985696
     2985696            4          48.390     23885568      5971392
     2985696            8          88.420     47771136     11942784
     2985696           16         170.420     95542272     23885568
     2985696           32         334.920    191084544     47771136
     2985696           64         665.051    382169088     95542272
     2985696          128        1323.031    764338176    191084544
     2985696          256        2644.282   1528676352    382169088
     3284256            1        1060.541      6568512      1642128
     3284256            2         571.480     13137024      3284256
     3284256            4         424.700     26274048      6568512
     3284256            8         624.421     52548096     13137024
     3284256           16        1145.431    105096192     26274048
     3284256           32        1247.761    210192384     52548096
     3284256           64        1768.862    420384768    105096192
     3284256          128         843.330    840769536    210192384
     3284256          256        3780.683   1681539072    420384768
     3612672            1         712.070      7225344      1806336
     3612672            2         524.660     14450688      3612672
     3612672            4         571.030     28901376      7225344
     3612672            8         632.900     57802752     14450688
     3612672           16         736.781    115605504     28901376
     3612672           32         944.761    231211008     57802752
     3612672           64        1415.641    462422016    115605504
     3612672          128        2233.422    924844032    231211008
     3612672          256        4138.364   1849688064    462422016
     3973920            1         726.970      7947840      1986960
     3973920            2         599.810     15895680      3973920
     3973920            4         618.470     31791360      7947840
     3973920            8         609.440     63582720     15895680
     3973920           16         854.701    127165440     31791360
     3973920           32         948.130    254330880     63582720
     3973920           64        1450.591    508661760    127165440
     3973920          128        2557.852   1017323520    254330880
     3973920          256        4537.883   2034647040    508661760
     4371264            1         714.431      8742528      2185632
     4371264            2         576.491     17485056      4371264
     4371264            4         616.580     34970112      8742528
     4371264            8        1203.821     69940224     17485056
     4371264           16         893.041    139880448     34970112
     4371264           32         759.581    279760896     69940224
     4371264           64        1248.761    559521792    139880448
     4371264          128        2240.622   1119043584    279760896
     4808352            1         283.041      9616704      2404176
     4808352            2          85.310     19233408      4808352
     4808352            4          76.120     38466816      9616704
     4808352            8         142.180     76933632     19233408
     4808352           16         273.010    153867264     38466816
     4808352           32         540.911    307734528     76933632
     4808352           64        1069.050    615469056    153867264
     4808352          128        2131.492   1230938112    307734528
     5289120            1         298.510     10578240      2644560
     5289120            2          86.710     21156480      5289120
     5289120            4          83.720     42312960     10578240
     5289120            8         156.290     84625920     21156480
     5289120           16         301.190    169251840     42312960
     5289120           32         595.801    338503680     84625920
     5289120           64        1176.121    677007360    169251840
     5289120          128        2344.882   1354014720    338503680
     5817984            1         358.740     11635968      2908992
     5817984            2          91.940     23271936      5817984
     5817984            4          92.090     46543872     11635968
     5817984            8         171.731     93087744     23271936
     5817984           16         332.490    186175488     46543872
     5817984           32         653.550    372350976     93087744
     5817984           64        1298.201    744701952    186175488
     5817984          128        2579.113   1489403904    372350976
     6399744            1        1382.571     12799488      3199872
     6399744            2        1126.351     25598976      6399744
     6399744            4        1151.531     51197952     12799488
     6399744            8         824.081    102395904     25598976
     6399744           16        1082.191    204791808     51197952
     6399744           32         987.871    409583616    102395904
     6399744           64        1724.252    819167232    204791808
     6399744          128        2969.672   1638334464    409583616
     7039680            1         415.440     14079360      3519840
     7039680            2         113.380     28158720      7039680
     7039680            4         111.030     56317440     14079360
     7039680            8         207.401    112634880     28158720
     7039680           16         399.460    225269760     56317440
     7039680           32         793.490    450539520    112634880
     7039680           64        1569.132    901079040    225269760
     7039680          128        3117.102   1802158080    450539520
     7743648            1         459.420     15487296      3871824
     7743648            2         111.690     30974592      7743648
     7743648            4         122.340     61949184     15487296
     7743648            8         235.310    123898368     30974592
     7743648           16         444.461    247796736     61949184
     7743648           32         873.501    495593472    123898368
     7743648           64        1721.201    991186944    247796736
     7743648          128        3434.813   1982373888    495593472
     8517984            1         504.990     17035968      4258992
     8517984            2         119.691     34071936      8517984
     8517984            4         134.190     68143872     17035968
     8517984            8         250.870    136287744     34071936
     8517984           16         489.010    272575488     68143872
     8517984           32         958.171    545150976    136287744
     8517984           64        1900.411   1090301952    272575488
     9369696            1         784.660     18739392      4684848
     9369696            2         256.300     37478784      9369696
     9369696            4         152.000     74957568     18739392
     9369696            8         275.590    149915136     37478784
     9369696           16         537.141    299830272     74957568
     9369696           32        1052.370    599660544    149915136
     9369696           64        2083.032   1199321088    299830272
    10306656            1         606.571     20613312      5153328
    10306656            2         135.090     41226624     10306656
    10306656            4         161.780     82453248     20613312
    10306656            8         303.211    164906496     41226624
    10306656           16         591.640    329812992     82453248
    10306656           32        1156.201    659625984    164906496
    10306656           64        2293.382   1319251968    329812992
    11337312            1         685.351     22674624      5668656
    11337312            2         144.530     45349248     11337312
    11337312            4         177.990     90698496     22674624
    11337312            8         333.680    181396992     45349248
    11337312           16         649.911    362793984     90698496
    11337312           32        1272.241    725587968    181396992
    11337312           64        2525.292   1451175936    362793984
    12470976            1         736.860     24941952      6235488
    12470976            2         167.941     49883904     12470976
    12470976            4         195.280     99767808     24941952
    12470976            8         372.700    199535616     49883904
    12470976           16         708.971    399071232     99767808
    12470976           32        1408.941    798142464    199535616
    12470976           64        2778.572   1596284928    399071232
    13718016            1         861.151     27436032      6859008
    13718016            2         431.561     54872064     13718016
    13718016            4         223.610    109744128     27436032
    13718016            8         404.970    219488256     54872064
    13718016           16         791.521    438976512    109744128
    13718016           32        1556.681    877953024    219488256
    13718016           64        3081.712   1755906048    438976512
    15089760            1         896.810     30179520      7544880
    15089760            2         236.211     60359040     15089760
    15089760            4         249.480    120718080     30179520
    15089760            8         475.090    241436160     60359040
    15089760           16         897.641    482872320    120718080
    15089760           32        1745.691    965744640    241436160
    15089760           64        3504.023   1931489280    482872320
    16598688            1         978.461     33197376      8299344
    16598688            2         349.430     66394752     16598688
    16598688            4         356.851    132789504     33197376
    16598688            8         617.540    265579008     66394752
    16598688           16        1187.881    531158016    132789504
    16598688           32        2287.882   1062316032    265579008
    16598688           64        4513.573   2124632064    531158016
    18258528            1        1075.560     36517056      9129264
    18258528            2         650.211     73034112     18258528
    18258528            4         702.471    146068224     36517056
    18258528            8        1045.240    292136448     73034112
    18258528           16        1857.952    584272896    146068224
    18258528           32        3396.493   1168545792    292136448
    20084352            1        1179.511     40168704     10042176
    20084352            2        1212.601     80337408     20084352
    20084352            4        1083.401    160674816     40168704
    20084352            8        1931.012    321349632     80337408
    20084352           16        4192.033    642699264    160674816
    20084352           32        6075.045   1285398528    321349632
    22092768            1        1319.801     44185536     11046384
    22092768            2        2024.712     88371072     22092768
    22092768            4        2689.512    176742144     44185536
    22092768            8        4389.293    353484288     88371072
    22092768           16        7790.697    706968576    176742144
    22092768           32       14391.311   1413937152    353484288
    24302016            1        1432.651     48604032     12151008
    24302016            2        2607.462     97208064     24302016
    24302016            4        3654.453    194416128     48604032
    24302016            8        5988.995    388832256     97208064
    24302016           16       10621.728    777664512    194416128
    24302016           32       20104.197   1555329024    388832256
    26732160            1        1587.912     53464320     13366080
    26732160            2        3064.622    106928640     26732160
    26732160            4        4455.094    213857280     53464320
    26732160            8        7400.616    427714560    106928640
    26732160           16       13280.140    855429120    213857280
    26732160           32       25054.421   1710858240    427714560
    29405376            1        1740.712     58810752     14702688
    29405376            2        3458.312    117621504     29405376
    29405376            4        5149.494    235243008     58810752
    29405376            8        8553.397    470486016    117621504
    29405376           16       15426.022    940972032    235243008
    29405376           32       28864.773   1881944064    470486016
    32345856            1        1911.642     64691712     16172928
    32345856            2        3832.913    129383424     32345856
    32345856            4        5784.975    258766848     64691712
    32345856            8        9610.357    517533696    129383424
    32345856           16       17364.144   1035067392    258766848
    32345856           32       32495.567   2070134784    517533696
    35580384            1        2094.192     71160768     17790192
    35580384            2        4268.403    142321536     35580384
    35580384            4        6370.416    284643072     71160768
    35580384            8       10677.938    569286144    142321536
    35580384           16       19156.336   1138572288    284643072
    39138336            1        2301.962     78276672     19569168
    39138336            2        4685.163    156553344     39138336
    39138336            4        7047.966    313106688     78276672
    39138336            8       11736.179    626213376    156553344
    39138336           16       21188.648   1252426752    313106688
    43052160            1        2564.922     86104320     21526080
    43052160            2        5163.764    172208640     43052160
    43052160            4        7738.556    344417280     86104320
    43052160            8       12918.960    688834560    172208640
    43052160           16       23308.659   1377669120    344417280
    47357376            1        2801.302     94714752     23678688
    47357376            2        5664.665    189429504     47357376
    47357376            4        8495.747    378859008     94714752
    47357376            8       14197.601    757718016    189429504
    47357376           16       25569.291   1515436032    378859008
    52093056            1        3102.812    104186112     26046528
    52093056            2        6260.855    208372224     52093056
    52093056            4        9336.378    416744448    104186112
    52093056            8       15631.273    833488896    208372224
    52093056           16       28135.102   1666977792    416744448
    57302304            1        3395.123    114604608     28651152
    57302304            2        6868.746    229209216     57302304
    57302304            4       10321.838    458418432    114604608
    57302304            8       17157.564    916836864    229209216
    57302304           16       31008.165   1833673728    458418432
    63032448            1        3729.583    126064896     31516224
    63032448            2        7561.456    252129792     63032448
    63032448            4       11386.029    504259584    126064896
    63032448            8       18934.655   1008519168    252129792
    63032448           16       34042.658   2017038336    504259584
    69335616            1        4120.463    138671232     34667808
    69335616            2        8299.057    277342464     69335616
    69335616            4       12497.660    554684928    138671232
    69335616            8       20820.447   1109369856    277342464
    76269120            1        4617.494    152538240     38134560
    76269120            2        9007.457    305076480     76269120
    76269120            4       13712.631    610152960    152538240
    76269120            8       23228.109   1220305920    305076480
    83896032            1        5000.424    167792064     41948016
    83896032            2       10059.619    335584128     83896032
    83896032            4       15086.232    671168256    167792064
    83896032            8       25182.900   1342336512    335584128
    92285568            1        5394.665    184571136     46142784
    92285568            2       11064.229    369142272     92285568
    92285568            4       16629.333    738284544    184571136
    92285568            8       27797.363   1476569088    369142272
   101514048            1        6054.995    203028096     50757024
   101514048            2       12209.770    406056192    101514048
   101514048            4       18662.285    812112384    203028096
   101514048            8       30434.054   1624224768    406056192
   111665376            1        7334.756    223330752     55832688
   111665376            2       13608.101    446661504    111665376
   111665376            4       20593.277    893323008    223330752
   111665376            8       33800.037   1786646016    446661504
   122831904            1        7344.125    245663808     61415952
   122831904            2       15235.072    491327616    122831904
   122831904            4       22577.199    982655232    245663808
   122831904            8       37307.110   1965310464    491327616
   135115008            1        8081.676    270230016     67557504
   135115008            2       16194.913    540460032    135115008
   135115008            4       24462.780   1080920064    270230016
   148626432            1        8831.257    297252864     74313216
   148626432            2       17903.595    594505728    148626432
   148626432            4       26851.081   1189011456    297252864
   163489056            1        9728.058    326978112     81744528
   163489056            2       19671.786    653956224    163489056
   163489056            4       29563.374   1307912448    326978112
   179837952            1       10706.018    359675904     89918976
   179837952            2       21645.158    719351808    179837952
   179837952            4       32495.236   1438703616    359675904
   197821728            1       11883.110    395643456     98910864
   197821728            2       23713.209    791286912    197821728
   197821728            4       35724.309   1582573824    395643456
   217603872            1       13005.001    435207744    108801936
   217603872            2       26222.801    870415488    217603872
   217603872            4       39215.392   1740830976    435207744
   239364192            1       14285.471    478728384    119682096
   239364192            2       28901.544    957456768    239364192
   239364192            4       43038.615   1914913536    478728384
   263300544            1       15713.153    526601088    131650272
   263300544            2       31635.866   1053202176    263300544
   263300544            4       47509.518   2106404352    526601088
   289630560            1       17254.184    579261120    144815280
   289630560            2       34843.758   1158522240    289630560
   318593568            1       19034.385    637187136    159296784
   318593568            2       38299.211   1274374272    318593568
   350452896            1       20962.717    700905792    175226448
   350452896            2       42088.034   1401811584    350452896
   385498176            1       23057.458    770996352    192749088
   385498176            2       46352.098   1541992704    385498176
   424047936            1       25363.130    848095872    212023968
   424047936            2       50860.101   1696191744    424047936
   466452672            1       27884.243    932905344    233226336
   466452672            2       55981.585   1865810688    466452672
   513097920            1       30694.395   1026195840    256548960
   513097920            2       61464.659   2052391680    513097920
   564407712            1       33781.557   1128815424    282203856
   620848416            1       37095.120   1241696832    310424208
   682933248            1       40874.493   1365866496    341466624
   751226496            1       45353.627   1502452992    375613248
   826349088            1       49443.660   1652698176    413174544
   908983968            1       54270.274   1817967936    454491984
   999882336            1       59807.969   1999764672    499941168

META_DATA
FLOPS          4
OPENMP_THREADS 12
ERT_VERSION  1.1.0
HOSTNAME  ('pve.fritz.box', ['pve'], ['192.168.188.21'])
UNAME  uname_result(system='Linux', node='pve', release='6.14.8-2-pve', version='#1 SMP PREEMPT_DYNAMIC PMX 6.14.8-2 (2025-07-22T10:04Z)', machine='x86_64')
TIMESTAMP_DATA  1765907179.637882
CONFIG  {'ERT_MPI': ['False'], 'ERT_OPENMP': ['True'], 'ERT_OPENMP_CFLAGS': ['-fopenmp'], 'ERT_OPENMP_LDFLAGS': ['-fopenmp'], 'ERT_PRECISION': ['FP64'], 'ERT_TRIALS_MIN': ['1'], 'ERT_TRIALS': ['3', '#', 'Run', 'each', 'test', '3', 'times', 'to', 'filter', 'out', 'background', 'noise'], 'ERT_RESULTS': ['Results/1600X'], 'ERT_GNUPLOT': ['gnuplot'], 'ERT_DRIVER': ['driver1'], 'ERT_KERNEL': ['kernel1'], 'ERT_CC': ['g++'], 'ERT_LD': ['g++'], 'ERT_CFLAGS': ['-O3', '-march=native', '-fopenmp', '-fstrict-aliasing', '-funroll-loops', '-Wno-all'], 'ERT_LDFLAGS': ['-O3', '-march=native', '-fopenmp'], 'ERT_LDLIBS': ['-lm'], 'ERT_RUN': ['export', 'OMP_NUM_THREADS=ERT_OPENMP_THREADS;', './ERT_CODE'], 'ERT_WORKING_SET_MIN': ['128'], 'ERT_MEMORY_MAX': ['1073741824'], 'ERT_ALIGN': ['64'], 'ERT_MIN_PROCS': ['1'], 'ERT_MAX_PROCS': ['1'], 'ERT_OPENMP_THREADS': ['1,2,4,8,12', '#', 'Logical', 'Threads'], 'ERT_NUM_EXPERIMENTS': ['5'], 'ERT_FLOPS': ['1,2,4,8'], 'ERT_GPU': [False], 'ERT_HIP': [False], 'ERT_OCL': [False], 'ERT_SYCL': [False], 'ERT_WSS_MULT': [1.1]}
