fp64
        8192            1           0.825        16384        16384
        8192            2           3.667        32768        32768
        8192            4           0.642        65536        65536
        8192            8           0.550       131072       131072
        8192           16           0.916       262144       262144
        8192           32           2.200       524288       524288
        8192           64           3.941      1048576      1048576
        8192          128           8.250      2097152      2097152
        8192          256          16.316      4194304      4194304
        8192          512          33.275      8388608      8388608
        8192         1024          66.092     16777216     16777216
        8192         2048         154.458     33554432     33554432
        8192         4096         284.900     67108864     67108864
        8192         8192         514.709    134217728    134217728
        8192        16384         740.392    268435456    268435456
        8192        32768        1467.400    536870912    536870912
        8192        65536        2902.533   1073741824   1073741824
        8192       131072        5746.125   2147483648   2147483648
        8960            1          99.642        17920        17920
        8960            2           0.825        35840        35840
        8960            4           0.458        71680        71680
        8960            8           0.642       143360       143360
        8960           16           0.917       286720       286720
        8960           32           2.108       573440       573440
        8960           64           3.850      1146880      1146880
        8960          128           7.700      2293760      2293760
        8960          256          16.866      4587520      4587520
        8960          512          30.342      9175040      9175040
        8960         1024          62.242     18350080     18350080
        8960         2048         127.875     36700160     36700160
        8960         4096         260.150     73400320     73400320
        8960         8192         489.500    146800640    146800640
        8960        16384         815.650    293601280    293601280
        8960        32768        1613.700    587202560    587202560
        8960        65536        3266.541   1174405120   1174405120
        9856            1          58.208        19712        19712
        9856            2           0.550        39424        39424
        9856            4           5.041        78848        78848
        9856            8           7.517       157696       157696
        9856           16           1.375       315392       315392
        9856           32           2.292       630784       630784
        9856           64           4.491      1261568      1261568
        9856          128          12.650      2523136      2523136
        9856          256          17.600      5046272      5046272
        9856          512          34.742     10092544     10092544
        9856         1024          65.816     20185088     20185088
        9856         2048         138.691     40370176     40370176
        9856         4096         292.325     80740352     80740352
        9856         8192         506.733    161480704    161480704
        9856        16384         931.608    322961408    322961408
        9856        32768        1826.275    645922816    645922816
        9856        65536        3645.491   1291845632   1291845632
       10816            1          52.250        21632        21632
       10816            2           3.117        43264        43264
       10816            4           0.550        86528        86528
       10816            8           0.458       173056       173056
       10816           16           1.375       346112       346112
       10816           32           2.384       692224       692224
       10816           64           4.675      1384448      1384448
       10816          128           9.533      2768896      2768896
       10816          256          23.650      5537792      5537792
       10816          512          37.125     11075584     11075584
       10816         1024          74.708     22151168     22151168
       10816         2048         181.775     44302336     44302336
       10816         4096         303.600     88604672     88604672
       10816         8192         602.250    177209344    177209344
       10816        16384        1012.459    354418688    354418688
       10816        32768        2038.759    708837376    708837376
       10816        65536        3877.592   1417674752   1417674752
       11840            1           1.100        23680        23680
       11840            2           4.950        47360        47360
       11840            4           0.825        94720        94720
       11840            8           0.641       189440       189440
       11840           16           1.558       378880       378880
       11840           32           2.567       757760       757760
       11840           64           5.408      1515520      1515520
       11840          128          10.267      3031040      3031040
       11840          256          20.625      6062080      6062080
       11840          512          41.892     12124160     12124160
       11840         1024          83.050     24248320     24248320
       11840         2048         164.909     48496640     48496640
       11840         4096         326.059     96993280     96993280
       11840         8192         638.458    193986560    193986560
       11840        16384        1119.892    387973120    387973120
       11840        32768        2179.925    775946240    775946240
       11840        65536        4271.209   1551892480   1551892480
       12992            1          13.475        25984        25984
       12992            2           7.150        51968        51968
       12992            4           3.300       103936       103936
       12992            8           0.916       207872       207872
       12992           16           1.466       415744       415744
       12992           32           3.025       831488       831488
       12992           64           5.958      1662976      1662976
       12992          128          11.733      3325952      3325952
       12992          256          23.375      6651904      6651904
       12992          512          46.567     13303808     13303808
       12992         1024          80.942     26607616     26607616
       12992         2048         150.792     53215232     53215232
       12992         4096         299.108    106430464    106430464
       12992         8192         632.958    212860928    212860928
       12992        16384        1210.091    425721856    425721856
       12992        32768        2425.408    851443712    851443712
       12992        65536        4857.050   1702887424   1702887424
       14272            1          11.917        28544        28544
       14272            2           5.500        57088        57088
       14272            4           0.550       114176       114176
       14272            8           1.008       228352       228352
       14272           16           1.833       456704       456704
       14272           32           3.483       913408       913408
       14272           64           9.992      1826816      1826816
       14272          128          13.108      3653632      3653632
       14272          256          25.575      7307264      7307264
       14272          512          51.150     14614528     14614528
       14272         1024         101.841     29229056     29229056
       14272         2048         206.891     58458112     58458112
       14272         4096         352.275    116916224    116916224
       14272         8192         666.692    233832448    233832448
       14272        16384        1347.133    467664896    467664896
       14272        32768        2652.100    935329792    935329792
       14272        65536        5286.967   1870659584   1870659584
       15680            1          37.767        31360        31360
       15680            2           4.125        62720        62720
       15680            4           1.191       125440       125440
       15680            8           0.917       250880       250880
       15680           16           1.558       501760       501760
       15680           32           2.933      1003520      1003520
       15680           64           5.592      2007040      2007040
       15680          128          11.092      4014080      4014080
       15680          256          22.000      8028160      8028160
       15680          512          43.634     16056320     16056320
       15680         1024          87.083     32112640     32112640
       15680         2048         174.350     64225280     64225280
       15680         4096         354.108    128450560    128450560
       15680         8192         772.017    256901120    256901120
       15680        16384        1410.292    513802240    513802240
       15680        32768        2833.050   1027604480   1027604480
       15680        65536        5613.850   2055208960   2055208960
       17216            1          49.409        34432        34432
       17216            2           0.550        68864        68864
       17216            4           0.642       137728       137728
       17216            8           0.825       275456       275456
       17216           16           2.016       550912       550912
       17216           32           7.792      1101824      1101824
       17216           64          12.375      2203648      2203648
       17216          128          14.758      4407296      4407296
       17216          256          29.425      8814592      8814592
       17216          512          60.042     17629184     17629184
       17216         1024         121.642     35258368     35258368
       17216         2048         238.791     70516736     70516736
       17216         4096         475.934    141033472    141033472
       17216         8192         821.242    282066944    282066944
       17216        16384        1571.533    564133888    564133888
       17216        32768        3120.975   1128267776   1128267776
       18880            1          59.675        37760        37760
       18880            2           3.850        75520        75520
       18880            4           0.641       151040       151040
       18880            8           1.284       302080       302080
       18880           16           1.925       604160       604160
       18880           32           4.308      1208320      1208320
       18880           64           8.434      2416640      2416640
       18880          128          16.408      4833280      4833280
       18880          256          32.908      9666560      9666560
       18880          512          70.217     19333120     19333120
       18880         1024         132.092     38666240     38666240
       18880         2048         265.100     77332480     77332480
       18880         4096         527.175    154664960    154664960
       18880         8192         915.108    309329920    309329920
       18880        16384        1782.641    618659840    618659840
       18880        32768        3480.675   1237319680   1237319680
       20736            1           1.100        41472        41472
       20736            2           0.550        82944        82944
       20736            4           0.550       165888       165888
       20736            8           1.283       331776       331776
       20736           16           2.383       663552       663552
       20736           32          25.941      1327104      1327104
       20736           64           8.800      2654208      2654208
       20736          128          17.600      5308416      5308416
       20736          256          56.834     10616832     10616832
       20736          512          70.217     21233664     21233664
       20736         1024         141.442     42467328     42467328
       20736         2048         282.609     84934656     84934656
       20736         4096         526.258    169869312    169869312
       20736         8192         919.325    339738624    339738624
       20736        16384        1856.342    679477248    679477248
       20736        32768        3654.016   1358954496   1358954496
       22784            1          11.458        45568        45568
       22784            2           1.192        91136        91136
       22784            4           0.733       182272       182272
       22784            8           1.192       364544       364544
       22784           16           2.567       729088       729088
       22784           32           4.767      1458176      1458176
       22784           64           9.717      2916352      2916352
       22784          128          19.342      5832704      5832704
       22784          256          43.633     11665408     11665408
       22784          512          77.092     23330816     23330816
       22784         1024         160.783     46661632     46661632
       22784         2048         325.050     93323264     93323264
       22784         4096         507.375    186646528    186646528
       22784         8192        1041.242    373293056    373293056
       22784        16384        2114.567    746586112    746586112
       22784        32768        4458.300   1493172224   1493172224
       25024            1          50.600        50048        50048
       25024            2           1.100       100096       100096
       25024            4           0.916       200192       200192
       25024            8           1.650       400384       400384
       25024           16           2.933       800768       800768
       25024           32           5.775      1601536      1601536
       25024           64          11.275      3203072      3203072
       25024          128          22.000      6406144      6406144
       25024          256          43.633     12812288     12812288
       25024          512          87.542     25624576     25624576
       25024         1024         177.008     51249152     51249152
       25024         2048         354.200    102498304    102498304
       25024         4096         612.608    204996608    204996608
       25024         8192        1131.992    409993216    409993216
       25024        16384        2278.008    819986432    819986432
       25024        32768        4578.017   1639972864   1639972864
       27520            1          26.767        55040        55040
       27520            2           0.459       110080       110080
       27520            4           4.950       220160       220160
       27520            8           9.716       440320       440320
       27520           16           6.416       880640       880640
       27520           32           6.050      1761280      1761280
       27520           64          12.009      3522560      3522560
       27520          128          23.741      7045120      7045120
       27520          256          49.775     14090240     14090240
       27520          512          95.425     28180480     28180480
       27520         1024         189.384     56360960     56360960
       27520         2048         398.383    112721920    112721920
       27520         4096         774.767    225443840    225443840
       27520         8192        1263.350    450887680    450887680
       27520        16384        2446.951    901775360    901775360
       27520        32768        4995.283   1803550720   1803550720
       30272            1          45.741        60544        60544
       30272            2           3.391       121088       121088
       30272            4           1.100       242176       242176
       30272            8           2.016       484352       484352
       30272           16           7.700       968704       968704
       30272           32           5.958      1937408      1937408
       30272           64          19.983      3874816      3874816
       30272          128          33.917      7749632      7749632
       30272          256          61.783     15499264     15499264
       30272          512         125.584     30998528     30998528
       30272         1024         249.884     61997056     61997056
       30272         2048         449.166    123994112    123994112
       30272         4096         769.266    247988224    247988224
       30272         8192        1397.917    495976448    495976448
       30272        16384        2721.492    991952896    991952896
       30272        32768        5395.958   1983905792   1983905792
       33280            1          79.383        66560        66560
       33280            2           0.733       133120       133120
       33280            4           1.100       266240       266240
       33280            8           1.925       532480       532480
       33280           16           3.758      1064960      1064960
       33280           32           7.242      2129920      2129920
       33280           64          14.759      4259840      4259840
       33280          128          28.417      8519680      8519680
       33280          256          56.742     17039360     17039360
       33280          512         112.567     34078720     34078720
       33280         1024         225.775     68157440     68157440
       33280         2048         441.467    136314880    136314880
       33280         4096         747.266    272629760    272629760
       33280         8192        1489.125    545259520    545259520
       33280        16384        2950.200   1090519040   1090519040
       36608            1          76.175        73216        73216
       36608            2          37.125       146432       146432
       36608            4           9.075       292864       292864
       36608            8           4.583       585728       585728
       36608           16           3.758      1171456      1171456
       36608           32           6.509      2342912      2342912
       36608           64          15.950      4685824      4685824
       36608          128          25.392      9371648      9371648
       36608          256          50.417     18743296     18743296
       36608          512         100.925     37486592     37486592
       36608         1024         224.400     74973184     74973184
       36608         2048         488.033    149946368    149946368
       36608         4096         810.791    299892736    299892736
       36608         8192        1719.575    599785472    599785472
       36608        16384        3479.025   1199570944   1199570944
       40256            1          76.725        80512        80512
       40256            2           1.100       161024       161024
       40256            4           1.191       322048       322048
       40256            8           2.383       644096       644096
       40256           16           4.491      1288192      1288192
       40256           32           8.800      2576384      2576384
       40256           64          17.233      5152768      5152768
       40256          128          34.283     10305536     10305536
       40256          256          68.200     20611072     20611072
       40256          512         140.067     41222144     41222144
       40256         1024         277.659     82444288     82444288
       40256         2048         561.092    164888576    164888576
       40256         4096        1084.600    329777152    329777152
       40256         8192        1807.300    659554304    659554304
       40256        16384        3614.509   1319108608   1319108608
       44224            1          10.175        88448        88448
       44224            2           0.641       176896       176896
       44224            4           1.100       353792       353792
       44224            8           2.108       707584       707584
       44224           16           4.125      1415168      1415168
       44224           32          12.284      2830336      2830336
       44224           64          15.583      5660672      5660672
       44224          128          30.616     11321344     11321344
       44224          256          62.700     22642688     22642688
       44224          512         122.192     45285376     45285376
       44224         1024         258.959     90570752     90570752
       44224         2048         491.517    181141504    181141504
       44224         4096         988.350    362283008    362283008
       44224         8192        1976.517    724566016    724566016
       44224        16384        4014.359   1449132032   1449132032
       48640            1           1.100        97280        97280
       48640            2           3.025       194560       194560
       48640            4           1.284       389120       389120
       48640            8           2.475       778240       778240
       48640           16           4.217      1556480      1556480
       48640           32           8.616      3112960      3112960
       48640           64          16.775      6225920      6225920
       48640          128          33.367     12451840     12451840
       48640          256          66.550     24903680     24903680
       48640          512         172.884     49807360     49807360
       48640         1024         345.400     99614720     99614720
       48640         2048         609.309    199229440    199229440
       48640         4096        1099.633    398458880    398458880
       48640         8192        2155.083    796917760    796917760
       48640        16384        4289.359   1593835520   1593835520
       53504            1          66.734       107008       107008
       53504            2           0.916       214016       214016
       53504            4           1.650       428032       428032
       53504            8           7.608       856064       856064
       53504           16           5.958      1712128      1712128
       53504           32           7.059      3424256      3424256
       53504           64          22.550      6848512      6848512
       53504          128          45.283     13697024     13697024
       53504          256          90.658     27394048     27394048
       53504          512         169.950     54788096     54788096
       53504         1024         366.484    109576192    109576192
       53504         2048         679.250    219152384    219152384
       53504         4096        1173.609    438304768    438304768
       53504         8192        2373.525    876609536    876609536
       53504        16384        4744.025   1753219072   1753219072
       58816            1          61.141       117632       117632
       58816            2           3.484       235264       235264
       58816            4           1.650       470528       470528
       58816            8           2.842       941056       941056
       58816           16           6.508      1882112      1882112
       58816           32          12.650      3764224      3764224
       58816           64          25.300      7528448      7528448
       58816          128          50.509     15056896     15056896
       58816          256         100.192     30113792     30113792
       58816          512         200.933     60227584     60227584
       58816         1024         403.609    120455168    120455168
       58816         2048         780.541    240910336    240910336
       58816         4096        1344.108    481820672    481820672
       58816         8192        2600.401    963641344    963641344
       58816        16384        5277.800   1927282688   1927282688
       64640            1          53.075       129280       129280
       64640            2           4.858       258560       258560
       64640            4           2.658       517120       517120
       64640            8           3.666      1034240      1034240
       64640           16           7.150      2068480      2068480
       64640           32          14.025      4136960      4136960
       64640           64          27.867      8273920      8273920
       64640          128          55.367     16547840     16547840
       64640          256         136.583     33095680     33095680
       64640          512         220.825     66191360     66191360
       64640         1024         419.191    132382720    132382720
       64640         2048         752.767    264765440    264765440
       64640         4096        1490.683    529530880    529530880
       64640         8192        2876.866   1059061760   1059061760
       64640        16384        5809.192   2118123520   2118123520
       71104            1           9.808       142208       142208
       71104            2           1.008       284416       284416
       71104            4           6.692       568832       568832
       71104            8           4.034      1137664      1137664
       71104           16           7.792      2275328      2275328
       71104           32          16.317      4550656      4550656
       71104           64          30.617      9101312      9101312
       71104          128          61.050     18202624     18202624
       71104          256         122.008     36405248     36405248
       71104          512         243.558     72810496     72810496
       71104         1024         487.575    145620992    145620992
       71104         2048         945.633    291241984    291241984
       71104         4096        1627.358    582483968    582483968
       71104         8192        3172.125   1164967936   1164967936
       78208            1          41.159       156416       156416
       78208            2           0.917       312832       312832
       78208            4           1.742       625664       625664
       78208            8           3.392      1251328      1251328
       78208           16           6.784      2502656      2502656
       78208           32          13.658      5005312      5005312
       78208           64          26.950     10010624     10010624
       78208          128          53.717     20021248     20021248
       78208          256         107.433     40042496     40042496
       78208          512         214.592     80084992     80084992
       78208         1024         437.525    160169984    160169984
       78208         2048         880.091    320339968    320339968
       78208         4096        1744.325    640679936    640679936
       78208         8192        3480.033   1281359872   1281359872
       86016            1          44.642       172032       172032
       86016            2           1.283       344064       344064
       86016            4           7.150       688128       688128
       86016            8           3.941      1376256      1376256
       86016           16           7.608      2752512      2752512
       86016           32          14.941      5505024      5505024
       86016           64          29.608     11010048     11010048
       86016          128          58.942     22020096     22020096
       86016          256         117.609     44040192     44040192
       86016          512         259.691     88080384     88080384
       86016         1024         569.525    176160768    176160768
       86016         2048         984.042    352321536    352321536
       86016         4096        1911.617    704643072    704643072
       86016         8192        3834.966   1409286144   1409286144
       94592            1          66.642       189184       189184
       94592            2           1.283       378368       378368
       94592            4           2.750       756736       756736
       94592            8           5.316      1513472      1513472
       94592           16          13.841      3026944      3026944
       94592           32          20.442      6053888      6053888
       94592           64          40.517     12107776     12107776
       94592          128          80.942     24215552     24215552
       94592          256         161.333     48431104     48431104
       94592          512         323.675     96862208     96862208
       94592         1024         576.033    193724416    193724416
       94592         2048        1044.908    387448832    387448832
       94592         4096        2103.658    774897664    774897664
       94592         8192        4224.183   1549795328   1549795328
      104000            1           2.108       208000       208000
      104000            2           5.867       416000       416000
      104000            4           2.934       832000       832000
      104000            8           5.684      1664000      1664000
      104000           16          10.908      3328000      3328000
      104000           32          22.000      6656000      6656000
      104000           64          44.458     13312000     13312000
      104000          128          97.716     26624000     26624000
      104000          256         160.142     53248000     53248000
      104000          512         353.833    106496000    106496000
      104000         1024         682.275    212992000    212992000
      104000         2048        1202.209    425984000    425984000
      104000         4096        2324.575    851968000    851968000
      104000         8192        4584.800   1703936000   1703936000
      114368            1          12.742       228736       228736
      114368            2           5.959       457472       457472
      114368            4           3.575       914944       914944
      114368            8           6.508      1829888      1829888
      114368           16          12.375      3659776      3659776
      114368           32          24.750      7319552      7319552
      114368           64          49.225     14639104     14639104
      114368          128          97.808     29278208     29278208
      114368          256         196.441     58556416     58556416
      114368          512         366.208    117112832    117112832
      114368         1024         663.941    234225664    234225664
      114368         2048        1294.700    468451328    468451328
      114368         4096        2534.217    936902656    936902656
      114368         8192        5087.500   1873805312   1873805312
      125760            1          74.892       251520       251520
      125760            2           1.559       503040       503040
      125760            4           3.483      1006080      1006080
      125760            8           7.883      2012160      2012160
      125760           16          13.475      4024320      4024320
      125760           32          26.675      8048640      8048640
      125760           64          46.567     16097280     16097280
      125760          128         106.334     32194560     32194560
      125760          256         212.759     64389120     64389120
      125760          512         425.150    128778240    128778240
      125760         1024         743.050    257556480    257556480
      125760         2048        1413.775    515112960    515112960
      125760         4096        2786.941   1030225920   1030225920
      125760         8192        5635.850   2060451840   2060451840
      138304            1          15.308       276608       276608
      138304            2           1.741       553216       553216
      138304            4           4.125      1106432      1106432
      138304            8           7.517      2212864      2212864
      138304           16          15.033      4425728      4425728
      138304           32          29.609      8851456      8851456
      138304           64          58.300     17702912     17702912
      138304          128         117.058     35405824     35405824
      138304          256         233.566     70811648     70811648
      138304          512         403.792    141623296    141623296
      138304         1024         780.817    283246592    283246592
      138304         2048        1552.375    566493184    566493184
      138304         4096        3074.133   1132986368   1132986368
      152128            1          71.316       304256       304256
      152128            2           1.650       608512       608512
      152128            4           4.033      1217024      1217024
      152128            8           8.341      2434048      2434048
      152128           16          16.500      4868096      4868096
      152128           32          32.175      9736192      9736192
      152128           64          64.350     19472384     19472384
      152128          128         128.242     38944768     38944768
      152128          256         255.658     77889536     77889536
      152128          512         565.950    155779072    155779072
      152128         1024         975.517    311558144    311558144
      152128         2048        1739.559    623116288    623116288
      152128         4096        3417.333   1246232576   1246232576
      167296            1          44.917       334592       334592
      167296            2           2.475       669184       669184
      167296            4           4.950      1338368      1338368
      167296            8           9.075      2676736      2676736
      167296           16          18.058      5353472      5353472
      167296           32          36.025     10706944     10706944
      167296           64          71.041     21413888     21413888
      167296          128         141.900     42827776     42827776
      167296          256         283.525     85655552     85655552
      167296          512         504.442    171311104    171311104
      167296         1024         994.309    342622208    342622208
      167296         2048        1915.925    685244416    685244416
      167296         4096        3705.900   1370488832   1370488832
      184000            1          39.325       368000       368000
      184000            2           6.875       736000       736000
      184000            4           5.959      1472000      1472000
      184000            8           8.342      2944000      2944000
      184000           16          16.409      5888000      5888000
      184000           32          32.175     11776000     11776000
      184000           64          69.850     23552000     23552000
      184000          128         126.867     47104000     47104000
      184000          256         274.725     94208000     94208000
      184000          512         641.483    188416000    188416000
      184000         1024        1126.583    376832000    376832000
      184000         2048        2124.925    753664000    753664000
      184000         4096        4160.109   1507328000   1507328000
      202368            1          48.033       404736       404736
      202368            2           2.384       809472       809472
      202368            4           4.950      1618944      1618944
      202368            8           9.258      3237888      3237888
      202368           16          17.966      6475776      6475776
      202368           32          35.200     12951552     12951552
      202368           64          69.850     25903104     25903104
      202368          128         169.583     51806208     51806208
      202368          256         342.192    103612416    103612416
      202368          512         653.767    207224832    207224832
      202368         1024        1149.500    414449664    414449664
      202368         2048        2282.867    828899328    828899328
      202368         4096        4484.608   1657798656   1657798656
      222592            1          75.809       445184       445184
      222592            2          13.016       890368       890368
      222592            4           6.050      1780736      1780736
      222592            8          12.375      3561472      3561472
      222592           16          24.108      7122944      7122944
      222592           32          47.758     14245888     14245888
      222592           64          86.992     28491776     28491776
      222592          128         153.267     56983552     56983552
      222592          256         346.408    113967104    113967104
      222592          512         754.967    227934208    227934208
      222592         1024        1274.533    455868416    455868416
      222592         2048        2498.559    911736832    911736832
      222592         4096        4944.041   1823473664   1823473664
      244800            1          92.125       489600       489600
      244800            2           6.142       979200       979200
      244800            4           6.875      1958400      1958400
      244800            8          13.200      3916800      3916800
      244800           16          26.308      7833600      7833600
      244800           32          51.975     15667200     15667200
      244800           64         104.133     31334400     31334400
      244800          128         207.900     62668800     62668800
      244800          256         410.116    125337600    125337600
      244800          512         685.850    250675200    250675200
      244800         1024        1388.933    501350400    501350400
      244800         2048        2720.484   1002700800   1002700800
      244800         4096        5480.475   2005401600   2005401600
      269248            1          90.566       538496       538496
      269248            2           7.059      1076992      1076992
      269248            4           7.700      2153984      2153984
      269248            8          14.758      4307968      4307968
      269248           16          28.508      8615936      8615936
      269248           32          57.475     17231872     17231872
      269248           64         114.033     34463744     34463744
      269248          128         228.066     68927488     68927488
      269248          256         423.592    137854976    137854976
      269248          512         789.067    275709952    275709952
      269248         1024        1503.884    551419904    551419904
      269248         2048        2995.850   1102839808   1102839808
      296128            1          10.909       592256       592256
      296128            2           7.792      1184512      1184512
      296128            4           8.617      2369024      2369024
      296128            8          16.591      4738048      4738048
      296128           16          31.992      9476096      9476096
      296128           32          63.525     18952192     18952192
      296128           64         127.325     37904384     37904384
      296128          128         240.350     75808768     75808768
      296128          256         442.934    151617536    151617536
      296128          512         866.709    303235072    303235072
      296128         1024        1643.217    606470144    606470144
      296128         2048        2921.050   1212940288   1212940288
      325696            1          46.108       651392       651392
      325696            2           4.308      1302784      1302784
      325696            4           9.350      2605568      2605568
      325696            8          17.600      5211136      5211136
      325696           16          35.566     10422272     10422272
      325696           32          69.575     20844544     20844544
      325696           64         139.425     41689088     41689088
      325696          128         249.792     83378176     83378176
      325696          256         511.408    166756352    166756352
      325696          512         932.433    333512704    333512704
      325696         1024        1840.758    667025408    667025408
      325696         2048        3652.916   1334050816   1334050816
      358208            1          15.033       716416       716416
      358208            2           4.675      1432832      1432832
      358208            4          13.292      2865664      2865664
      358208            8          16.317      5731328      5731328
      358208           16          34.650     11462656     11462656
      358208           32          75.717     22925312     22925312
      358208           64         150.242     45850624     45850624
      358208          128         299.291     91701248     91701248
      358208          256         562.833    183402496    183402496
      358208          512        1003.842    366804992    366804992
      358208         1024        2086.333    733609984    733609984
      358208         2048        4071.100   1467219968   1467219968
      393984            1          17.691       787968       787968
      393984            2           5.959      1575936      1575936
      393984            4          10.817      3151872      3151872
      393984            8          21.450      6303744      6303744
      393984           16          44.000     12607488     12607488
      393984           32          83.967     25214976     25214976
      393984           64         167.475     50429952     50429952
      393984          128         334.217    100859904    100859904
      393984          256         668.983    201719808    201719808
      393984          512        1133.916    403439616    403439616
      393984         1024        2204.217    806879232    806879232
      393984         2048        4391.658   1613758464   1613758464
      433344            1          67.558       866688       866688
      433344            2           6.142      1733376      1733376
      433344            4          14.025      3466752      3466752
      433344            8          27.408      6933504      6933504
      433344           16          55.917     13867008     13867008
      433344           32         110.550     27734016     27734016
      433344           64         222.384     55468032     55468032
      433344          128         386.833    110936064    110936064
      433344          256         728.017    221872128    221872128
      433344          512        1261.792    443744256    443744256
      433344         1024        2415.967    887488512    887488512
      433344         2048        4823.959   1774977024   1774977024
      476672            1           3.758       953344       953344
      476672            2           8.067      1906688      1906688
      476672            4          11.917      3813376      3813376
      476672            8          22.092      7626752      7626752
      476672           16          44.825     15253504     15253504
      476672           32         103.767     30507008     30507008
      476672           64         167.658     61014016     61014016
      476672          128         405.533    122028032    122028032
      476672          256         785.858    244056064    244056064
      476672          512        1352.083    488112128    488112128
      476672         1024        2681.708    976224256    976224256
      476672         2048        5273.675   1952448512   1952448512
      524288            1          61.325      1048576      1048576
      524288            2           6.325      2097152      2097152
      524288            4          12.742      4194304      4194304
      524288            8          24.291      8388608      8388608
      524288           16          53.533     16777216     16777216
      524288           32          99.550     33554432     33554432
      524288           64         183.791     67108864     67108864
      524288          128         366.483    134217728    134217728
      524288          256         748.092    268435456    268435456
      524288          512        1494.991    536870912    536870912
      524288         1024        2930.308   1073741824   1073741824
      524288         2048        5839.717   2147483648   2147483648
      576704            1           3.942      1153408      1153408
      576704            2           8.709      2306816      2306816
      576704            4          18.516      4613632      4613632
      576704            8          31.442      9227264      9227264
      576704           16          62.150     18454528     18454528
      576704           32         123.567     36909056     36909056
      576704           64         236.959     73818112     73818112
      576704          128         405.717    147636224    147636224
      576704          256         824.267    295272448    295272448
      576704          512        1658.708    590544896    590544896
      576704         1024        3225.200   1181089792   1181089792
      634368            1          83.692      1268736      1268736
      634368            2           9.075      2537472      2537472
      634368            4          17.692      5074944      5074944
      634368            8          35.200     10149888     10149888
      634368           16          71.316     20299776     20299776
      634368           32         133.741     40599552     40599552
      634368           64         266.475     81199104     81199104
      634368          128         524.242    162398208    162398208
      634368          256         889.350    324796416    324796416
      634368          512        1833.333    649592832    649592832
      634368         1024        3527.242   1299185664   1299185664
      697792            1          50.416      1395584      1395584
      697792            2           9.166      2791168      2791168
      697792            4          16.592      5582336      5582336
      697792            8          37.492     11164672     11164672
      697792           16          75.258     22329344     22329344
      697792           32         186.817     44658688     44658688
      697792           64         299.567     89317376     89317376
      697792          128         543.216    178634752    178634752
      697792          256         975.975    357269504    357269504
      697792          512        1982.292    714539008    714539008
      697792         1024        3857.975   1429078016   1429078016
      767552            1          22.642      1535104      1535104
      767552            2          12.375      3070208      3070208
      767552            4          18.334      6140416      6140416
      767552            8          34.283     12280832     12280832
      767552           16          67.375     24561664     24561664
      767552           32         203.408     49123328     49123328
      767552           64         279.400     98246656     98246656
      767552          128         537.808    196493312    196493312
      767552          256        1131.809    392986624    392986624
      767552          512        2137.116    785973248    785973248
      767552         1024        4260.391   1571946496   1571946496
      844288            1          93.133      1688576      1688576
      844288            2          23.742      3377152      3377152
      844288            4          23.100      6754304      6754304
      844288            8          47.666     13508608     13508608
      844288           16          90.567     27017216     27017216
      844288           32         179.484     54034432     54034432
      844288           64         312.308    108068864    108068864
      844288          128         597.300    216137728    216137728
      844288          256        1243.183    432275456    432275456
      844288          512        2381.867    864550912    864550912
      844288         1024        4725.234   1729101824   1729101824
      928704            1          26.400      1857408      1857408
      928704            2          12.650      3714816      3714816
      928704            4          28.416      7429632      7429632
      928704            8          42.808     14859264     14859264
      928704           16          78.650     29718528     29718528
      928704           32         163.625     59437056     59437056
      928704           64         324.317    118874112    118874112
      928704          128         683.192    237748224    237748224
      928704          256        1308.358    475496448    475496448
      928704          512        2579.775    950992896    950992896
      928704         1024        5156.709   1901985792   1901985792
     1021568            1          62.517      2043136      2043136
     1021568            2          14.391      4086272      4086272
     1021568            4          28.967      8172544      8172544
     1021568            8          55.917     16345088     16345088
     1021568           16         110.367     32690176     32690176
     1021568           32         218.075     65380352     65380352
     1021568           64         393.983    130760704    130760704
     1021568          128         712.983    261521408    261521408
     1021568          256        1446.958    523042816    523042816
     1021568          512        2866.875   1046085632   1046085632
     1021568         1024        5668.209   2092171264   2092171264
     1123712            1          73.058      2247424      2247424
     1123712            2          18.608      4494848      4494848
     1123712            4          37.034      8989696      8989696
     1123712            8          80.392     17979392     17979392
     1123712           16         143.184     35958784     35958784
     1123712           32         239.158     71917568     71917568
     1123712           64         477.584    143835136    143835136
     1123712          128         843.425    287670272    287670272
     1123712          256        1581.525    575340544    575340544
     1123712          512        3199.259   1150681088   1150681088
     1236032            1          81.950      2472064      2472064
     1236032            2          17.875      4944128      4944128
     1236032            4          36.667      9888256      9888256
     1236032            8          80.575     19776512     19776512
     1236032           16         157.942     39553024     39553024
     1236032           32         315.058     79106048     79106048
     1236032           64         544.133    158212096    158212096
     1236032          128         920.884    316424192    316424192
     1236032          256        1770.541    632848384    632848384
     1236032          512        3459.133   1265696768   1265696768
     1359616            1          19.250      2719232      2719232
     1359616            2          24.017      5438464      5438464
     1359616            4          39.050     10876928     10876928
     1359616            8          73.517     21753856     21753856
     1359616           16         144.009     43507712     43507712
     1359616           32         287.100     87015424     87015424
     1359616           64         547.983    174030848    174030848
     1359616          128         982.575    348061696    348061696
     1359616          256        1926.192    696123392    696123392
     1359616          512        3777.950   1392246784   1392246784
     1495552            1          54.358      2991104      2991104
     1495552            2          21.542      5982208      5982208
     1495552            4          35.383     11964416     11964416
     1495552            8          67.375     23928832     23928832
     1495552           16         149.325     47857664     47857664
     1495552           32         366.666     95715328     95715328
     1495552           64         538.633    191430656    191430656
     1495552          128        1045.275    382861312    382861312
     1495552          256        2106.133    765722624    765722624
     1495552          512        4174.958   1531445248   1531445248
     1645056            1          19.159      3290112      3290112
     1645056            2          22.733      6580224      6580224
     1645056            4          44.642     13160448     13160448
     1645056            8          88.092     26320896     26320896
     1645056           16         175.084     52641792     52641792
     1645056           32         400.858    105283584    105283584
     1645056           64         698.959    210567168    210567168
     1645056          128        1236.033    421134336    421134336
     1645056          256        2284.517    842268672    842268672
     1645056          512        4581.592   1684537344   1684537344
     1809536            1          84.609      3619072      3619072
     1809536            2          23.100      7238144      7238144
     1809536            4          45.742     14476288     14476288
     1809536            8          78.558     28952576     28952576
     1809536           16         197.450     57905152     57905152
     1809536           32         342.466    115810304    115810304
     1809536           64         788.333    231620608    231620608
     1809536          128        1258.584    463241216    463241216
     1809536          256        2520.192    926482432    926482432
     1809536          512        5042.767   1852964864   1852964864
     1990464            1          57.200      3980928      3980928
     1990464            2          34.742      7961856      7961856
     1990464            4          55.183     15923712     15923712
     1990464            8          91.117     31847424     31847424
     1990464           16         180.584     63694848     63694848
     1990464           32         351.817    127389696    127389696
     1990464           64         724.075    254779392    254779392
     1990464          128        1389.483    509558784    509558784
     1990464          256        2760.908   1019117568   1019117568
     1990464          512        5578.650   2038235136   2038235136
     2189504            1          57.291      4379008      4379008
     2189504            2          34.284      8758016      8758016
     2189504            4          60.225     17516032     17516032
     2189504            8         122.009     35032064     35032064
     2189504           16         234.483     70064128     70064128
     2189504           32         462.642    140128256    140128256
     2189504           64         851.125    280256512    280256512
     2189504          128        1611.959    560513024    560513024
     2189504          256        3047.092   1121026048   1121026048
     2408448            1          79.108      4816896      4816896
     2408448            2          35.016      9633792      9633792
     2408448            4          67.100     19267584     19267584
     2408448            8         131.358     38535168     38535168
     2408448           16         258.592     77070336     77070336
     2408448           32         496.558    154140672    154140672
     2408448           64         864.417    308281344    308281344
     2408448          128        1725.350    616562688    616562688
     2408448          256        3319.801   1233125376   1233125376
     2649280            1          29.517      5298560      5298560
     2649280            2          65.084     10597120     10597120
     2649280            4          76.175     21194240     21194240
     2649280            8         147.583     42388480     42388480
     2649280           16         286.367     84776960     84776960
     2649280           32         510.217    169553920    169553920
     2649280           64         967.542    339107840    339107840
     2649280          128        1861.933    678215680    678215680
     2649280          256        3671.892   1356431360   1356431360
     2914176            1          53.533      5828352      5828352
     2914176            2          42.534     11656704     11656704
     2914176            4          70.950     23313408     23313408
     2914176            8         144.375     46626816     46626816
     2914176           16         324.408     93253632     93253632
     2914176           32         595.284    186507264    186507264
     2914176           64        1080.842    373014528    373014528
     2914176          128        1931.325    746029056    746029056
     2914176          256        4051.575   1492058112   1492058112
     3205568            1          62.058      6411136      6411136
     3205568            2          55.092     12822272     12822272
     3205568            4          82.225     25644544     25644544
     3205568            8         154.642     51289088     51289088
     3205568           16         299.567    102578176    102578176
     3205568           32         581.167    205156352    205156352
     3205568           64        1173.517    410312704    410312704
     3205568          128        2287.359    820625408    820625408
     3205568          256        4605.517   1641250816   1641250816
     3526080            1          55.642      7052160      7052160
     3526080            2          52.617     14104320     14104320
     3526080            4         102.666     28208640     28208640
     3526080            8         192.041     56417280     56417280
     3526080           16         394.809    112834560    112834560
     3526080           32         643.683    225669120    225669120
     3526080           64        1264.634    451338240    451338240
     3526080          128        2472.616    902676480    902676480
     3526080          256        4919.292   1805352960   1805352960
     3878656            1         112.750      7757312      7757312
     3878656            2          55.275     15514624     15514624
     3878656            4          96.892     31029248     31029248
     3878656            8         175.450     62058496     62058496
     3878656           16         341.917    124116992    124116992
     3878656           32         704.550    248233984    248233984
     3878656           64        1361.341    496467968    496467968
     3878656          128        2748.350    992935936    992935936
     3878656          256        5456.825   1985871872   1985871872
     4266496            1          29.792      8532992      8532992
     4266496            2          59.583     17065984     17065984
     4266496            4         105.509     34131968     34131968
     4266496            8         207.625     68263936     68263936
     4266496           16         401.775    136527872    136527872
     4266496           32         872.300    273055744    273055744
     4266496           64        1522.400    546111488    546111488
     4266496          128        3003.183   1092222976   1092222976
     4693120            1          36.667      9386240      9386240
     4693120            2          66.275     18772480     18772480
     4693120            4         124.575     37544960     37544960
     4693120            8         255.200     75089920     75089920
     4693120           16         504.716    150179840    150179840
     4693120           32         895.766    300359680    300359680
     4693120           64        1681.351    600719360    600719360
     4693120          128        3288.175   1201438720   1201438720
     5162432            1          29.425     10324864     10324864
     5162432            2          86.350     20649728     20649728
     5162432            4         152.900     41299456     41299456
     5162432            8         303.875     82598912     82598912
     5162432           16         514.250    165197824    165197824
     5162432           32         924.092    330395648    330395648
     5162432           64        1836.817    660791296    660791296
     5162432          128        3596.083   1321582592   1321582592
     5678656            1         120.633     11357312     11357312
     5678656            2          87.541     22714624     22714624
     5678656            4         162.800     45429248     45429248
     5678656            8         313.866     90858496     90858496
     5678656           16         583.184    181716992    181716992
     5678656           32        1039.683    363433984    363433984
     5678656           64        2020.700    726867968    726867968
     5678656          128        3998.316   1453735936   1453735936
     6246464            1         157.941     12492928     12492928
     6246464            2          87.175     24985856     24985856
     6246464            4         164.817     49971712     49971712
     6246464            8         344.117     99943424     99943424
     6246464           16         665.133    199886848    199886848
     6246464           32        1141.800    399773696    399773696
     6246464           64        2230.342    799547392    799547392
     6246464          128        4346.009   1599094784   1599094784
     6871104            1          82.225     13742208     13742208
     6871104            2         125.584     27484416     27484416
     6871104            4         204.416     54968832     54968832
     6871104            8         346.409    109937664    109937664
     6871104           16         637.450    219875328    219875328
     6871104           32        1222.742    439750656    439750656
     6871104           64        2424.216    879501312    879501312
     6871104          128        4911.408   1759002624   1759002624
     7558208            1         116.875     15116416     15116416
     7558208            2         218.075     30232832     30232832
     7558208            4         208.725     60465664     60465664
     7558208            8         360.617    120931328    120931328
     7558208           16         701.617    241862656    241862656
     7558208           32        1327.058    483725312    483725312
     7558208           64        2648.433    967450624    967450624
     7558208          128        5290.725   1934901248   1934901248
     8313984            1         177.650     16627968     16627968
     8313984            2         128.700     33255936     33255936
     8313984            4         232.192     66511872     66511872
     8313984            8         473.642    133023744    133023744
     8313984           16         758.083    266047488    266047488
     8313984           32        1488.208    532094976    532094976
     8313984           64        2954.600   1064189952   1064189952
     8313984          128        5861.533   2128379904   2128379904
     9145344            1         109.083     18290688     18290688
     9145344            2         147.583     36581376     36581376
     9145344            4         221.375     73162752     73162752
     9145344            8         435.142    146325504    146325504
     9145344           16         833.708    292651008    292651008
     9145344           32        1603.250    585302016    585302016
     9145344           64        3254.166   1170604032   1170604032
    10059840            1         244.658     20119680     20119680
    10059840            2         188.925     40239360     40239360
    10059840            4         253.367     80478720     80478720
    10059840            8         475.292    160957440    160957440
    10059840           16         913.275    321914880    321914880
    10059840           32        1781.725    643829760    643829760
    10059840           64        3559.692   1287659520   1287659520
    11065792            1         299.383     22131584     22131584
    11065792            2         219.267     44263168     44263168
    11065792            4         268.858     88526336     88526336
    11065792            8         513.884    177052672    177052672
    11065792           16         997.059    354105344    354105344
    11065792           32        2009.884    708210688    708210688
    11065792           64        3864.392   1416421376   1416421376
    12172352            1         260.333     24344704     24344704
    12172352            2         362.909     48689408     48689408
    12172352            4         357.133     97378816     97378816
    12172352            8         587.858    194757632    194757632
    12172352           16        1123.467    389515264    389515264
    12172352           32        2206.417    779030528    779030528
    12172352           64        4238.117   1558061056   1558061056
    13389568            1         167.384     26779136     26779136
    13389568            2         256.575     53558272     53558272
    13389568            4         341.091    107116544    107116544
    13389568            8         608.575    214233088    214233088
    13389568           16        1195.700    428466176    428466176
    13389568           32        2376.550    856932352    856932352
    13389568           64        4740.359   1713864704   1713864704
    14728512            1         378.400     29457024     29457024
    14728512            2         364.100     58914048     58914048
    14728512            4         382.433    117828096    117828096
    14728512            8         714.267    235656192    235656192
    14728512           16        1315.508    471312384    471312384
    14728512           32        2644.400    942624768    942624768
    14728512           64        5185.950   1885249536   1885249536
    16201344            1         191.034     32402688     32402688
    16201344            2         256.483     64805376     64805376
    16201344            4         455.950    129610752    129610752
    16201344            8         760.467    259221504    259221504
    16201344           16        1451.908    518443008    518443008
    16201344           32        2922.242   1036886016   1036886016
    16201344           64        5686.267   2073772032   2073772032
    17821440            1         395.633     35642880     35642880
    17821440            2         406.908     71285760     71285760
    17821440            4         459.250    142571520    142571520
    17821440            8         839.208    285143040    285143040
    17821440           16        1591.425    570286080    570286080
    17821440           32        3168.642   1140572160   1140572160
    19603584            1         437.158     39207168     39207168
    19603584            2         774.308     78414336     78414336
    19603584            4         612.058    156828672    156828672
    19603584            8         949.942    313657344    313657344
    19603584           16        1770.359    627314688    627314688
    19603584           32        3496.625   1254629376   1254629376
    21563904            1         587.675     43127808     43127808
    21563904            2         757.808     86255616     86255616
    21563904            4         652.117    172511232    172511232
    21563904            8        1035.558    345022464    345022464
    21563904           16        1976.516    690044928    690044928
    21563904           32        3800.867   1380089856   1380089856
    23720256            1         553.941     47440512     47440512
    23720256            2         660.000     94881024     94881024
    23720256            4         642.675    189762048    189762048
    23720256            8        1125.209    379524096    379524096
    23720256           16        1847.816    759048192    759048192
    23720256           32        4163.500   1518096384   1518096384
    26092224            1         537.075     52184448     52184448
    26092224            2         855.525    104368896    104368896
    26092224            4         795.942    208737792    208737792
    26092224            8        1211.100    417475584    417475584
    26092224           16        2026.750    834951168    834951168
    26092224           32        4645.484   1669902336   1669902336
    28701440            1         781.091     57402880     57402880
    28701440            2        1108.341    114805760    114805760
    28701440            4         974.417    229611520    229611520
    28701440            8        1481.608    459223040    459223040
    28701440           16        2586.375    918446080    918446080
    28701440           32        5072.284   1836892160   1836892160
    31571584            1         349.708     63143168     63143168
    31571584            2         537.625    126286336    126286336
    31571584            4         874.775    252572672    252572672
    31571584            8        1462.359    505145344    505145344
    31571584           16        2853.767   1010290688   1010290688
    31571584           32        5572.966   2020581376   2020581376
    34728704            1        1088.633     69457408     69457408
    34728704            2        1553.384    138914816    138914816
    34728704            4        1561.450    277829632    277829632
    34728704            8        1652.842    555659264    555659264
    34728704           16        3130.050   1111318528   1111318528
    38201536            1        1023.275     76403072     76403072
    38201536            2        1423.767    152806144    152806144
    38201536            4        1431.283    305612288    305612288
    38201536            8        1893.100    611224576    611224576
    38201536           16        3433.834   1222449152   1222449152
    42021632            1        1289.842     84043264     84043264
    42021632            2        1737.909    168086528    168086528
    42021632            4        1600.317    336173056    336173056
    42021632            8        2049.208    672346112    672346112
    42021632           16        3744.400   1344692224   1344692224
    46223744            1        1313.400     92447488     92447488
    46223744            2        1826.092    184894976    184894976
    46223744            4        1677.959    369789952    369789952
    46223744            8        2191.200    739579904    739579904
    46223744           16        4154.792   1479159808   1479159808
    50846080            1        1601.691    101692160    101692160
    50846080            2        2446.125    203384320    203384320
    50846080            4        2558.600    406768640    406768640
    50846080            8        2744.225    813537280    813537280
    50846080           16        4628.067   1627074560   1627074560
    55930688            1        1692.442    111861376    111861376
    55930688            2        2568.591    223722752    223722752
    55930688            4        2778.325    447445504    447445504
    55930688            8        2966.609    894891008    894891008
    55930688           16        4830.558   1789782016   1789782016
    61523712            1        2009.883    123047424    123047424
    61523712            2        3000.708    246094848    246094848
    61523712            4        3356.742    492189696    492189696
    61523712            8        3089.717    984379392    984379392
    61523712           16        5520.442   1968758784   1968758784
    67676032            1        2117.592    135352064    135352064
    67676032            2        3298.167    270704128    270704128
    67676032            4        3095.675    541408256    541408256
    67676032            8        2912.434   1082816512   1082816512
    74443584            1        2471.425    148887168    148887168
    74443584            2        3788.309    297774336    297774336
    74443584            4        4293.391    595548672    595548672
    74443584            8        3832.950   1191097344   1191097344
    81887936            1        2713.700    163775872    163775872
    81887936            2        4284.592    327551744    327551744
    81887936            4        2649.442    655103488    655103488
    81887936            8        3950.559   1310206976   1310206976
    90076672            1        2905.925    180153344    180153344
    90076672            2        4527.325    360306688    360306688
    90076672            4        2586.100    720613376    720613376
    90076672            8        4296.050   1441226752   1441226752
    99084288            1        3183.950    198168576    198168576
    99084288            2        5276.609    396337152    396337152
    99084288            4        3457.392    792674304    792674304
    99084288            8        4723.309   1585348608   1585348608
   108992704            1        3605.892    217985408    217985408
   108992704            2        5199.333    435970816    435970816
   108992704            4        3857.792    871941632    871941632
   108992704            8        5771.425   1743883264   1743883264
   119891968            1        3713.691    239783936    239783936
   119891968            2        5956.684    479567872    479567872
   119891968            4        5351.500    959135744    959135744
   119891968            8        6754.092   1918271488   1918271488
   131881152            1        4421.541    263762304    263762304
   131881152            2        6639.692    527524608    527524608
   131881152            4        6047.250   1055049216   1055049216
   131881152            8        8628.767   2110098432   2110098432
   145069248            1        4944.775    290138496    290138496
   145069248            2        5473.967    580276992    580276992
   145069248            4        6885.084   1160553984   1160553984
   159576128            1        5209.141    319152256    319152256
   159576128            2        8261.092    638304512    638304512
   159576128            4        8652.875   1276609024   1276609024
   175533696            1        5607.067    351067392    351067392
   175533696            2        8764.159    702134784    702134784
   175533696            4       10858.650   1404269568   1404269568
   193087040            1        6265.417    386174080    386174080
   193087040            2       10511.141    772348160    772348160
   193087040            4       12198.909   1544696320   1544696320
   212395712            1        6875.000    424791424    424791424
   212395712            2       10844.442    849582848    849582848
   212395712            4       13822.325   1699165696   1699165696
   233635264            1        7433.983    467270528    467270528
   233635264            2       12337.876    934541056    934541056
   233635264            4       15939.458   1869082112   1869082112
   256998784            1        8459.550    513997568    513997568
   256998784            2       13110.717   1027995136   1027995136
   256998784            4       17979.317   2055990272   2055990272
   282698624            1        9402.617    565397248    565397248
   282698624            2       15049.192   1130794496   1130794496
   310968448            1       10499.225    621936896    621936896
   310968448            2       17930.551   1243873792   1243873792
   342065280            1       11427.808    684130560    684130560
   342065280            2       18923.209   1368261120   1368261120
   376271808            1       12391.867    752543616    752543616
   376271808            2       20988.092   1505087232   1505087232
   413898944            1       13655.583    827797888    827797888
   413898944            2       24464.551   1655595776   1655595776
   455288832            1       14969.900    910577664    910577664
   455288832            2       26707.175   1821155328   1821155328
   500817664            1       16614.951   1001635328   1001635328
   500817664            2       31171.159   2003270656   2003270656
   550899392            1       18468.909   1101798784   1101798784
   605989312            1       20323.509   1211978624   1211978624
   666588224            1       22531.759   1333176448   1333176448
   733247040            1       24668.142   1466494080   1466494080
   806571712            1       27055.692   1613143424   1613143424
   887228864            1       29551.409   1774457728   1774457728
   975951744            1       32408.109   1951903488   1951903488
  1073546880            1       35982.376   2147093760   2147093760

META_DATA
FLOPS          16
OPENMP_THREADS 8
ERT_VERSION  1.1.0
HOSTNAME  ('DESKTOP-1DMF7BU.localdomain', ['DESKTOP-1DMF7BU'], ['127.0.1.1'])
UNAME  uname_result(system='Linux', node='DESKTOP-1DMF7BU', release='6.6.87.2-microsoft-standard-WSL2', version='#1 SMP PREEMPT_DYNAMIC Thu Jun  5 18:30:46 UTC 2025', machine='x86_64')
TIMESTAMP_DATA  1765960140.041402
CONFIG  {'ERT_MPI': ['False'], 'ERT_OPENMP': ['True'], 'ERT_OPENMP_CFLAGS': ['-fopenmp'], 'ERT_OPENMP_LDFLAGS': ['-fopenmp'], 'ERT_PRECISION': ['FP64'], 'ERT_TRIALS_MIN': ['1'], 'ERT_TRIALS': ['3', '#', 'Run', 'each', 'test', '3', 'times', 'to', 'filter', 'out', 'background', 'noise'], 'ERT_RESULTS': ['Results/7800X3D'], 'ERT_GNUPLOT': ['gnuplot'], 'ERT_DRIVER': ['driver1'], 'ERT_KERNEL': ['kernel1'], 'ERT_CC': ['g++'], 'ERT_LD': ['g++'], 'ERT_CFLAGS': ['-O3', '-march=native', '-fopenmp', '-fstrict-aliasing', '-funroll-loops', '-Wno-all'], 'ERT_LDFLAGS': ['-O3', '-march=native', '-fopenmp'], 'ERT_LDLIBS': ['-lm'], 'ERT_RUN': ['export', 'OMP_NUM_THREADS=ERT_OPENMP_THREADS;', './ERT_CODE'], 'ERT_WORKING_SET_MIN': ['128'], 'ERT_MEMORY_MAX': ['1073741824'], 'ERT_ALIGN': ['64'], 'ERT_MIN_PROCS': ['1'], 'ERT_MAX_PROCS': ['1'], 'ERT_OPENMP_THREADS': ['1,2,4,8,16', '#', 'Logical', 'Threads'], 'ERT_NUM_EXPERIMENTS': ['5'], 'ERT_FLOPS': ['1,2,4,8,16', '#', '16', 'for', 'AVX-51'], 'ERT_GPU': [False], 'ERT_HIP': [False], 'ERT_OCL': [False], 'ERT_SYCL': [False], 'ERT_WSS_MULT': [1.1]}
