fp64
        4096            1           6.802         8192         1024
        4096            2           0.601        16384         2048
        4096            4           0.501        32768         4096
        4096            8           0.511        65536         8192
        4096           16           0.571       131072        16384
        4096           32           0.762       262144        32768
        4096           64           1.152       524288        65536
        4096          128           2.154      1048576       131072
        4096          256           4.638      2097152       262144
        4096          512           8.245      4194304       524288
        4096         1024          16.330      8388608      1048576
        4096         2048          32.580     16777216      2097152
        4096         4096          65.010     33554432      4194304
        4096         8192         137.714     67108864      8388608
        4096        16384         259.539    134217728     16777216
        4096        32768         518.938    268435456     33554432
        4096        65536         793.475    536870912     67108864
        4096       131072        1279.192   1073741824    134217728
        4096       262144        2088.096   2147483648    268435456
        4480            1           2.775         8960         1120
        4480            2           0.471        17920         2240
        4480            4           0.501        35840         4480
        4480            8           0.501        71680         8960
        4480           16           0.561       143360        17920
        4480           32           0.702       286720        35840
        4480           64           0.982       573440        71680
        4480          128           1.533      1146880       143360
        4480          256           2.635      2293760       286720
        4480          512           4.849      4587520       573440
        4480         1024           9.288      9175040      1146880
        4480         2048          18.154     18350080      2293760
        4480         4096          35.886     36700160      4587520
        4480         8192          71.352     73400320      9175040
        4480        16384         142.283    146800640     18350080
        4480        32768         291.228    293601280     36700160
        4480        65536         571.305    587202560     73400320
        4480       131072        1141.478   1174405120    146800640
        4928            1           3.296         9856         1232
        4928            2           0.622        19712         2464
        4928            4           0.531        39424         4928
        4928            8           0.601        78848         9856
        4928           16           0.591       157696        19712
        4928           32           0.731       315392        39424
        4928           64           1.042       630784        78848
        4928          128           1.653      1261568       157696
        4928          256           2.865      2523136       315392
        4928          512           5.299      5046272       630784
        4928         1024          10.178     10092544      1261568
        4928         2048          36.508     20185088      2523136
        4928         4096          39.674     40370176      5046272
        4928         8192          78.445     80740352     10092544
        4928        16384         159.014    161480704     20185088
        4928        32768         313.269    322961408     40370176
        4928        65536         626.697    645922816     80740352
        4928       131072        1259.806   1291845632    161480704
        5408            1           2.335        10816         1352
        5408            2           0.581        21632         2704
        5408            4           0.571        43264         5408
        5408            8           0.531        86528        10816
        5408           16           0.601       173056        21632
        5408           32           0.762       346112        43264
        5408           64           1.102       692224        86528
        5408          128           1.773      1384448       173056
        5408          256           3.116      2768896       346112
        5408          512           5.801      5537792       692224
        5408         1024          11.191     11075584      1384448
        5408         2048          21.951     22151168      2768896
        5408         4096          43.480     44302336      5537792
        5408         8192          86.821     88604672     11075584
        5408        16384         186.986    177209344     22151168
        5408        32768         344.927    354418688     44302336
        5408        65536         695.083    708837376     88604672
        5408       131072        1434.609   1417674752    177209344
        5920            1           2.414        11840         1480
        5920            2           0.471        23680         2960
        5920            4           0.471        47360         5920
        5920            8           0.662        94720        11840
        5920           16           0.601       189440        23680
        5920           32           0.792       378880        47360
        5920           64           1.172       757760        94720
        5920          128           1.904      1515520       189440
        5920          256           3.366      3031040       378880
        5920          512           6.311      6062080       757760
        5920         1024          12.203     12124160      1515520
        5920         2048          23.984     24248320      3031040
        5920         4096          47.548     48496640      6062080
        5920         8192          94.936     96993280     12124160
        5920        16384         188.889    193986560     24248320
        5920        32768         385.622    387973120     48496640
        5920        65536         760.324    775946240     96993280
        5920       131072        1513.384   1551892480    193986560
        6496            1           3.506        12992         1624
        6496            2           0.611        25984         3248
        6496            4           0.541        51968         6496
        6496            8           0.551       103936        12992
        6496           16           0.641       207872        25984
        6496           32           0.932       415744        51968
        6496           64           1.232       831488       103936
        6496          128           2.044      1662976       207872
        6496          256           3.657      3325952       415744
        6496          512           6.883      6651904       831488
        6496         1024          13.344     13303808      1662976
        6496         2048          26.259     26607616      3325952
        6496         4096          52.106     53215232      6651904
        6496         8192         103.782    106430464     13303808
        6496        16384         221.409    212860928     26607616
        6496        32768         414.025    425721856     53215232
        6496        65536         833.049    851443712    106430464
        6496       131072        1662.500   1702887424    212860928
        7136            1           2.023        14272         1784
        7136            2           0.501        28544         3568
        7136            4           0.531        57088         7136
        7136            8           0.581       114176        14272
        7136           16           0.651       228352        28544
        7136           32           0.881       456704        57088
        7136           64           1.323       913408       114176
        7136          128           2.214      1826816       228352
        7136          256           3.968      3653632       456704
        7136          512           7.514      7307264       913408
        7136         1024          14.617     14614528      1826816
        7136         2048          28.804     29229056      3653632
        7136         4096          57.176     58458112      7307264
        7136         8192         113.911    116916224     14614528
        7136        16384         227.399    233832448     29229056
        7136        32768         459.248    467664896     58458112
        7136        65536         914.108    935329792    116916224
        7136       131072        1825.051   1870659584    233832448
        7840            1           2.434        15680         1960
        7840            2           0.802        31360         3920
        7840            4           0.601        62720         7840
        7840            8           0.562       125440        15680
        7840           16           0.671       250880        31360
        7840           32           1.011       501760        62720
        7840           64           1.402      1003520       125440
        7840          128          18.103      2007040       250880
        7840          256           4.338      4014080       501760
        7840          512           8.225      8028160      1003520
        7840         1024          16.020     16056320      2007040
        7840         2048          31.589     32112640      4014080
        7840         4096          62.746     64225280      8028160
        7840         8192         125.060    128450560     16056320
        7840        16384         249.771    256901120     32112640
        7840        32768         503.139    513802240     64225280
        7840        65536        1003.823   1027604480    128450560
        7840       131072        2005.954   2055208960    256901120
        8608            1           3.146        17216         2152
        8608            2           0.652        34432         4304
        8608            4           0.531        68864         8608
        8608            8           0.681       137728        17216
        8608           16           0.702       275456        34432
        8608           32           0.972       550912        68864
        8608           64           1.493      1101824       137728
        8608          128           2.565      2203648       275456
        8608          256           4.709      4407296       550912
        8608          512           8.987      8814592      1101824
        8608         1024          17.532     17629184      2203648
        8608         2048          34.624     35258368      4407296
        8608         4096          68.827     70516736      8814592
        8608         8192         137.213    141033472     17629184
        8608        16384         274.006    282066944     35258368
        8608        32768         554.213    564133888     70516736
        8608        65536        1101.454   1128267776    141033472
        9440            1           2.745        18880         2360
        9440            2           0.611        37760         4720
        9440            4           0.621        75520         9440
        9440            8           0.682       151040        18880
        9440           16           0.731       302080        37760
        9440           32           1.022       604160        75520
        9440           64           1.603      1208320       151040
        9440          128           2.785      2416640       302080
        9440          256           5.119      4833280       604160
        9440          512           9.818      9666560      1208320
        9440         1024          19.175     19333120      2416640
        9440         2048          37.920     38666240      4833280
        9440         4096          75.419     77332480      9666560
        9440         8192         150.397    154664960     19333120
        9440        16384         310.884    309329920     38666240
        9440        32768         603.946    618659840     77332480
        9440        65536        1205.637   1237319680    154664960
       10368            1           2.525        20736         2592
       10368            2           0.480        41472         5184
       10368            4           0.541        82944        10368
       10368            8           0.622       165888        20736
       10368           16           0.761       331776        41472
       10368           32           1.082       663552        82944
       10368           64           1.723      1327104       165888
       10368          128           3.006      2654208       331776
       10368          256           5.570      5308416       663552
       10368          512          10.699     10616832      1327104
       10368         1024          20.959     21233664      2654208
       10368         2048          41.476     42467328      5308416
       10368         4096          82.512     84934656     10616832
       10368         8192         164.584    169869312     21233664
       10368        16384         331.883    339738624     42467328
       10368        32768         661.572    679477248     84934656
       10368        65536        1324.115   1358954496    169869312
       11392            1           2.976        22784         2848
       11392            2           0.481        45568         5696
       11392            4           0.531        91136        11392
       11392            8           0.621       182272        22784
       11392           16           0.802       364544        45568
       11392           32           1.152       729088        91136
       11392           64           1.853      1458176       182272
       11392          128           3.256      2916352       364544
       11392          256           6.081      5832704       729088
       11392          512          11.722     11665408      1458176
       11392         1024          22.982     23330816      2916352
       11392         2048          45.534     46661632      5832704
       11392         4096         106.297     93323264     11665408
       11392         8192         180.804    186646528     23330816
       11392        16384         361.157    373293056     46661632
       11392        32768         725.319    746586112     93323264
       11392        65536        1452.542   1493172224    186646528
       12512            1           2.605        25024         3128
       12512            2           0.621        50048         6256
       12512            4           0.541       100096        12512
       12512            8           0.641       200192        25024
       12512           16           0.842       400384        50048
       12512           32           1.232       800768       100096
       12512           64           2.003      1601536       200192
       12512          128           3.556      3203072       400384
       12512          256           6.663      6406144       800768
       12512          512          12.864     12812288      1601536
       12512         1024          25.277     25624576      3203072
       12512         2048          50.102     51249152      6406144
       12512         4096         113.519    102498304     12812288
       12512         8192         199.048    204996608     25624576
       12512        16384         397.635    409993216     51249152
       12512        32768         798.304    819986432    102498304
       12512        65536        1601.708   1639972864    204996608
       13760            1           2.956        27520         3440
       13760            2           0.621        55040         6880
       13760            4           0.581       110080        13760
       13760            8           0.681       220160        27520
       13760           16           0.881       440320        55040
       13760           32           1.302       880640       110080
       13760           64           2.154      1761280       220160
       13760          128           3.857      3522560       440320
       13760          256           7.263      7045120       880640
       13760          512          14.066     14090240      1761280
       13760         1024          27.681     28180480      3522560
       13760         2048          54.932     56360960      7045120
       13760         4096         109.382    112721920     14090240
       13760         8192         218.293    225443840     28180480
       13760        16384         444.130    450887680     56360960
       13760        32768         878.132    901775360    112721920
       13760        65536        1749.821   1803550720    225443840
       15136            1           3.977        30272         3784
       15136            2           0.531        60544         7568
       15136            4           0.631       121088        15136
       15136            8           0.712       242176        30272
       15136           16           0.942       484352        60544
       15136           32           1.413       968704       121088
       15136           64           2.856      1937408       242176
       15136          128           4.929      3874816       484352
       15136          256           8.907      7749632       968704
       15136          512          15.829     15499264      1937408
       15136         1024          30.476     30998528      3874816
       15136         2048          76.531     61997056      7749632
       15136         4096         120.823    123994112     15499264
       15136         8192         247.817    247988224     30998528
       15136        16384         482.461    495976448     61997056
       15136        32768         968.799    991952896    123994112
       15136        65536        1930.695   1983905792    247988224
       16640            1           3.266        33280         4160
       16640            2           0.661        66560         8320
       16640            4           0.611       133120        16640
       16640            8           0.742       266240        33280
       16640           16           1.012       532480        66560
       16640           32           1.573      1064960       133120
       16640           64           2.674      2129920       266240
       16640          128           4.889      4259840       532480
       16640          256           9.337      8519680      1064960
       16640          512          18.194     17039360      2129920
       16640         1024          36.237     34078720      4259840
       16640         2048          74.749     68157440      8519680
       16640         4096         142.313    136314880     17039360
       16640         8192         284.165    272629760     34078720
       16640        16384         576.123    545259520     68157440
       16640        32768        1140.937   1090519040    136314880
       18304            1           3.136        36608         4576
       18304            2           0.651        73216         9152
       18304            4           0.641       146432        18304
       18304            8           0.781       292864        36608
       18304           16           1.072       585728        73216
       18304           32           1.683      1171456       146432
       18304           64           2.885      2342912       292864
       18304          128           5.300      4685824       585728
       18304          256          10.129      9371648      1171456
       18304          512          19.787     18743296      2342912
       18304         1024          39.092     37486592      4685824
       18304         2048          77.723     74973184      9371648
       18304         4096         154.986    149946368     18743296
       18304         8192         316.644    299892736     37486592
       18304        16384         618.542    599785472     74973184
       18304        32768        1244.539   1199570944    149946368
       20128            1           2.845        40256         5032
       20128            2           0.571        80512        10064
       20128            4           0.681       161024        20128
       20128            8           0.822       322048        40256
       20128           16           1.142       644096        80512
       20128           32           1.803      1288192       161024
       20128           64           3.135      2576384       322048
       20128          128           5.760      5152768       644096
       20128          256          11.060     10305536      1288192
       20128          512          21.630     20611072      2576384
       20128         1024          42.789     41222144      5152768
       20128         2048          85.387     82444288     10305536
       20128         4096         169.934    164888576     20611072
       20128         8192         338.886    329777152     41222144
       20128        16384         685.065    659554304     82444288
       20128        32768        1360.522   1319108608    164888576
       22112            1           3.216        44224         5528
       22112            2           0.591        88448        11056
       22112            4           0.671       176896        22112
       22112            8           0.852       353792        44224
       22112           16           1.213       707584        88448
       22112           32           1.934      1415168       176896
       22112           64           3.386      2830336       353792
       22112          128           6.282      5660672       707584
       22112          256          12.072     11321344      1415168
       22112          512          23.673     22642688      2830336
       22112         1024          46.846     45285376      5660672
       22112         2048          93.202     90570752     11321344
       22112         4096         189.530    181141504     22642688
       22112         8192         371.326    362283008     45285376
       22112        16384         748.843    724566016     90570752
       22112        32768        1492.757   1449132032    181141504
       24320            1           4.158        48640         6080
       24320            2           0.612        97280        12160
       24320            4           0.721       194560        24320
       24320            8           0.892       389120        48640
       24320           16           1.283       778240        97280
       24320           32           2.084      1556480       194560
       24320           64           3.657      3112960       389120
       24320          128           6.812      6225920       778240
       24320          256          13.134     12451840      1556480
       24320          512          25.767     24903680      3112960
       24320         1024          51.034     49807360      6225920
       24320         2048         101.567     99614720     12451840
       24320         4096         202.754    199229440     24903680
       24320         8192         409.506    398458880     49807360
       24320        16384         812.671    796917760     99614720
       24320        32768        1625.882   1593835520    199229440
       26752            1           3.446        53504         6688
       26752            2           0.712       107008        13376
       26752            4           0.741       214016        26752
       26752            8           0.951       428032        53504
       26752           16           1.373       856064       107008
       26752           32           2.235      1712128       214016
       26752           64           3.967      3424256       428032
       26752          128           7.424      6848512       856064
       26752          256          14.347     13697024      1712128
       26752          512          28.182     27394048      3424256
       26752         1024          56.054     54788096      6848512
       26752         2048         111.206    109576192     13697024
       26752         4096         233.942    219152384     27394048
       26752         8192         443.299    438304768     54788096
       26752        16384         892.378    876609536    109576192
       26752        32768        1833.746   1753219072    219152384
       29408            1           4.629        58816         7352
       29408            2           0.791       117632        14704
       29408            4           0.891       235264        29408
       29408            8           0.992       470528        58816
       29408           16           1.453       941056       117632
       29408           32           2.404      1882112       235264
       29408           64           4.318      3764224       470528
       29408          128           8.105      7528448       941056
       29408          256          15.689     15056896      1882112
       29408          512          30.857     30113792      3764224
       29408         1024          61.183     60227584      7528448
       29408         2048         121.855    120455168     15056896
       29408         4096         255.381    240910336     30113792
       29408         8192         485.847    481820672     60227584
       29408        16384         976.893    963641344    120455168
       29408        32768        1949.921   1927282688    240910336
       32320            1           4.098        64640         8080
       32320            2           0.811       129280        16160
       32320            4           0.872       258560        32320
       32320            8           1.062       517120        64640
       32320           16           1.573      1034240       129280
       32320           32           2.604      2068480       258560
       32320           64           4.688      4136960       517120
       32320          128           8.846      8273920      1034240
       32320          256          17.162     16547840      2068480
       32320          512          48.309     33095680      4136960
       32320         1024          67.184     66191360      8273920
       32320         2048         136.602    132382720     16547840
       32320         4096         266.502    264765440     33095680
       32320         8192         540.388    529530880     66191360
       32320        16384        1070.286   1059061760    132382720
       32320        32768        2144.170   2118123520    264765440
       35552            1           4.388        71104         8888
       35552            2           0.821       142208        17776
       35552            4           0.851       284416        35552
       35552            8           1.143       568832        71104
       35552           16           1.713      1137664       142208
       35552           32           2.895      2275328       284416
       35552           64           5.240      4550656       568832
       35552          128           9.948      9101312      1137664
       35552          256          19.346     18202624      2275328
       35552          512          53.429     36405248      4550656
       35552         1024          75.780     72810496      9101312
       35552         2048         154.675    145620992     18202624
       35552         4096         301.476    291241984     36405248
       35552         8192         605.498    582483968     72810496
       35552        16384        1210.004   1164967936    145620992
       39104            1           5.049        78208         9776
       39104            2           0.872       156416        19552
       39104            4           0.982       312832        39104
       39104            8           1.202       625664        78208
       39104           16           1.853      1251328       156416
       39104           32           3.126      2502656       312832
       39104           64           5.701      5005312       625664
       39104          128          10.830     10010624      1251328
       39104          256          21.109     20021248      2502656
       39104          512          41.656     40042496      5005312
       39104         1024          96.488     80084992     10010624
       39104         2048         164.944    160169984     20021248
       39104         4096         332.965    320339968     40042496
       39104         8192         661.291    640679936     80084992
       39104        16384        1321.760   1281359872    160169984
       43008            1           5.090        86016        10752
       43008            2           1.102       172032        21504
       43008            4           0.942       344064        43008
       43008            8           1.283       688128        86016
       43008           16           1.984      1376256       172032
       43008           32           3.386      2752512       344064
       43008           64           6.212      5505024       688128
       43008          128          11.852     11010048      1376256
       43008          256          23.122     22020096      2752512
       43008          512          45.704     44040192      5505024
       43008         1024         106.005     88080384     11010048
       43008         2048         180.934    176160768     22020096
       43008         4096         361.378    352321536     44040192
       43008         8192         725.650    704643072     88080384
       43008        16384        1450.298   1409286144    176160768
       47296            1           5.080        94592        11824
       47296            2           0.892       189184        23648
       47296            4           1.022       378368        47296
       47296            8           1.493       756736        94592
       47296           16           2.124      1513472       189184
       47296           32           3.676      3026944       378368
       47296           64           6.742      6053888       756736
       47296          128          12.894     12107776      1513472
       47296          256          25.187     24215552      3026944
       47296          512          49.792     48431104      6053888
       47296         1024         113.510     96862208     12107776
       47296         2048         197.414    193724416     24215552
       47296         4096         394.558    387448832     48431104
       47296         8192         792.493    774897664     96862208
       47296        16384        1583.023   1549795328    193724416
       52000            1           5.661       104000        13000
       52000            2           0.942       208000        26000
       52000            4           1.062       416000        52000
       52000            8           1.483       832000       104000
       52000           16           2.334      1664000       208000
       52000           32           4.057      3328000       416000
       52000           64           7.504      6656000       832000
       52000          128          14.387     13312000      1664000
       52000          256          28.162     26624000      3328000
       52000          512          55.703     53248000      6656000
       52000         1024         110.805    106496000     13312000
       52000         2048         220.988    212992000     26624000
       52000         4096         449.820    425984000     53248000
       52000         8192         888.130    851968000    106496000
       52000        16384        1771.812   1703936000    212992000
       57184            1           5.130       114368        14296
       57184            2           0.932       228736        28592
       57184            4           1.152       457472        57184
       57184            8           1.603       914944       114368
       57184           16           2.524      1829888       228736
       57184           32           4.398      3659776       457472
       57184           64           8.165      7319552       914944
       57184          128          15.689     14639104      1829888
       57184          256          30.757     29278208      3659776
       57184          512          60.982     58556416      7319552
       57184         1024         121.083    117112832     14639104
       57184         2048         241.536    234225664     29278208
       57184         4096         488.663    468451328     58556416
       57184         8192         970.993    936902656    117112832
       57184        16384        1937.077   1873805312    234225664
       62880            1           5.300       125760        15720
       62880            2           1.042       251520        31440
       62880            4           1.192       503040        62880
       62880            8           1.804      1006080       125760
       62880           16           2.725      2012160       251520
       62880           32           4.779      4024320       503040
       62880           64           8.907      8048640      1006080
       62880          128          17.131     16097280      2012160
       62880          256          33.592     32194560      4024320
       62880          512          66.533     64389120      8048640
       62880         1024         132.384    128778240     16097280
       62880         2048         264.108    257556480     32194560
       62880         4096         535.199    515112960     64389120
       62880         8192        1060.779   1030225920    128778240
       62880        16384        2117.590   2060451840    257556480
       69152            1           6.312       138304        17288
       69152            2           1.062       276608        34576
       69152            4           1.272       553216        69152
       69152            8           1.834      1106432       138304
       69152           16           2.975      2212864       276608
       69152           32           5.270      4425728       553216
       69152           64           9.858      8851456      1106432
       69152          128          19.045     17702912      2212864
       69152          256          37.409     35405824      4425728
       69152          512          74.137     70811648      8851456
       69152         1024         161.438    141623296     17702912
       69152         2048         298.141    283246592     35405824
       69152         4096         588.607    566493184     70811648
       69152         8192        1185.709   1132986368    141623296
       76064            1           5.620       152128        19016
       76064            2           1.222       304256        38032
       76064            4           1.473       608512        76064
       76064            8           1.994      1217024       152128
       76064           16           3.567      2434048       304256
       76064           32           6.712      4868096       608512
       76064           64          10.720      9736192      1217024
       76064          128          20.738     19472384      2434048
       76064          256          40.765     38944768      4868096
       76064          512          80.819     77889536      9736192
       76064         1024         160.938    155779072     19472384
       76064         2048         321.153    311558144     38944768
       76064         4096         648.017    623116288     77889536
       76064         8192        1288.329   1246232576    155779072
       83648            1           6.532       167296        20912
       83648            2           1.142       334592        41824
       83648            4           1.503       669184        83648
       83648            8           2.164      1338368       167296
       83648           16           3.546      2676736       334592
       83648           32           6.292      5353472       669184
       83648           64          11.852     10706944      1338368
       83648          128          22.963     21413888      2676736
       83648          256          45.163     42827776      5353472
       83648          512          89.575     85655552     10706944
       83648         1024         181.816    171311104     21413888
       83648         2048         356.067    342622208     42827776
       83648         4096         717.365    685244416     85655552
       83648         8192        1428.929   1370488832    171311104
       92000            1           8.105       184000        23000
       92000            2           1.182       368000        46000
       92000            4           1.643       736000        92000
       92000            8           2.434      1472000       184000
       92000           16           3.837      2944000       368000
       92000           32           6.853      5888000       736000
       92000           64          12.924     11776000      1472000
       92000          128          25.056     23552000      2944000
       92000          256          49.332     47104000      5888000
       92000          512          97.871     94208000     11776000
       92000         1024         194.950    188416000     23552000
       92000         2048         389.109    376832000     47104000
       92000         4096         784.599    753664000     94208000
       92000         8192        1562.465   1507328000    188416000
      101184            1           7.604       202368        25296
      101184            2           1.282       404736        50592
      101184            4           1.824       809472       101184
      101184            8           2.515      1618944       202368
      101184           16           4.188      3237888       404736
      101184           32           7.534      6475776       809472
      101184           64          14.257     12951552      1618944
      101184          128          27.671     25903104      3237888
      101184          256          54.571     51806208      6475776
      101184          512         108.169    103612416     12951552
      101184         1024         215.699    207224832     25903104
      101184         2048         437.638    414449664     51806208
      101184         4096         866.490    828899328    103612416
      101184         8192        1727.710   1657798656    207224832
      111296            1           9.037       222592        27824
      111296            2           1.462       445184        55648
      111296            4           1.823       890368       111296
      111296            8           2.715      1780736       222592
      111296           16           4.558      3561472       445184
      111296           32           8.225      7122944       890368
      111296           64          15.559     14245888      1780736
      111296          128          30.226     28491776      3561472
      111296          256          59.580     56983552      7122944
      111296          512         118.278    113967104     14245888
      111296         1024         235.695    227934208     28491776
      111296         2048         477.912    455868416     56983552
      111296         4096         946.488    911736832    113967104
      111296         8192        1891.683   1823473664    227934208
      122400            1          10.729       244800        30600
      122400            2           1.573       489600        61200
      122400            4           1.993       979200       122400
      122400            8           2.975      1958400       244800
      122400           16           5.010      3916800       489600
      122400           32           9.077      7833600       979200
      122400           64          17.212     15667200      1958400
      122400          128          33.472     31334400      3916800
      122400          256          66.042     62668800      7833600
      122400          512         131.142    125337600     15667200
      122400         1024         268.957    250675200     31334400
      122400         2048         521.994    501350400     62668800
      122400         4096        1051.762   1002700800    125337600
      122400         8192        2098.505   2005401600    250675200
      134624            1           9.828       269248        33656
      134624            2           1.613       538496        67312
      134624            4           2.224      1076992       134624
      134624            8           3.567      2153984       269248
      134624           16           5.550      4307968       538496
      134624           32          11.641      8615936      1076992
      134624           64          20.648     17231872      2153984
      134624          128          37.049     34463744      4307968
      134624          256          73.165     68927488      8615936
      134624          512         145.349    137854976     17231872
      134624         1024         289.695    275709952     34463744
      134624         2048         584.810    551419904     68927488
      134624         4096        1163.128   1102839808    137854976
      148064            1          11.121       296128        37016
      148064            2           1.843       592256        74032
      148064            4           2.425      1184512       148064
      148064            8           3.676      2369024       296128
      148064           16           6.301      4738048       592256
      148064           32          11.521      9476096      1184512
      148064           64          21.569     18952192      2369024
      148064          128          42.017     37904384      4738048
      148064          256          82.783     75808768      9476096
      148064          512         177.698    151617536     18952192
      148064         1024         331.311    303235072     37904384
      148064         2048         665.038    606470144     75808768
      148064         4096        1317.052   1212940288    151617536
      162848            1          10.971       325696        40712
      162848            2           1.844       651392        81424
      162848            4           2.555      1302784       162848
      162848            8           3.948      2605568       325696
      162848           16           6.692      5211136       651392
      162848           32          12.232     10422272      1302784
      162848           64          23.623     20844544      2605568
      162848          128          45.894     41689088      5211136
      162848          256          90.146     83378176     10422272
      162848          512         195.882    166756352     20844544
      162848         1024         360.595    333512704     41689088
      162848         2048         724.157    667025408     83378176
      162848         4096        1449.266   1334050816    166756352
      179104            1          12.553       358208        44776
      179104            2           3.046       716416        89552
      179104            4           3.166      1432832       179104
      179104            8           4.669      2865664       358208
      179104           16           7.674      5731328       716416
      179104           32          13.585     11462656      1432832
      179104           64          25.738     22925312      2865664
      179104          128          50.904     45850624      5731328
      179104          256         100.035     91701248     11462656
      179104          512         200.260    183402496     22925312
      179104         1024         394.939    366804992     45850624
      179104         2048         793.255    733609984     91701248
      179104         4096        1585.728   1467219968    183402496
      196992            1          14.937       393984        49248
      196992            2           2.254       787968        98496
      196992            4           3.075      1575936       196992
      196992            8           4.739      3151872       393984
      196992           16           8.145      6303744       787968
      196992           32          15.038     12607488      1575936
      196992           64          28.602     25214976      3151872
      196992          128          55.873     50429952      6303744
      196992          256         114.481    100859904     12607488
      196992          512         219.696    201719808     25214976
      196992         1024         446.224    403439616     50429952
      196992         2048         881.077    806879232    100859904
      196992         4096        1800.866   1613758464    201719808
      216672            1          16.079       433344        54168
      216672            2           2.465       866688       108336
      216672            4           3.436      1733376       216672
      216672            8          16.220      3466752       433344
      216672           16           9.598      6933504       866688
      216672           32          16.250     13867008      1733376
      216672           64          31.418     27734016      3466752
      216672          128          60.903     55468032      6933504
      216672          256         120.693    110936064     13867008
      216672          512         239.433    221872128     27734016
      216672         1024         479.055    443744256     55468032
      216672         2048         970.793    887488512    110936064
      216672         4096        1922.440   1774977024    221872128
      238336            1          16.941       476672        59584
      238336            2           2.545       953344       119168
      238336            4           3.597      1906688       238336
      238336            8           5.601      3813376       476672
      238336           16           9.608      7626752       953344
      238336           32          17.683     15253504      1906688
      238336           64          33.843     30507008      3813376
      238336          128          66.353     61014016      7626752
      238336          256         131.764    122028032     15253504
      238336          512         261.543    244056064     30507008
      238336         1024         529.177    488112128     61014016
      238336         2048        1046.062    976224256    122028032
      238336         4096        2094.909   1952448512    244056064
      262144            1          17.342       524288        65536
      262144            2           3.056      1048576       131072
      262144            4           3.858      2097152       262144
      262144            8           6.081      4194304       524288
      262144           16          10.549      8388608      1048576
      262144           32          19.426     16777216      2097152
      262144           64          37.840     33554432      4194304
      262144          128          73.666     67108864      8388608
      262144          256         145.459    134217728     16777216
      262144          512         290.106    268435456     33554432
      262144         1024         584.590    536870912     67108864
      262144         2048        1173.457   1073741824    134217728
      262144         4096        2319.122   2147483648    268435456
      288352            1          19.166       576704        72088
      288352            2           3.086      1153408       144176
      288352            4           4.268      2306816       288352
      288352            8           6.732      4613632       576704
      288352           16          11.662      9227264      1153408
      288352           32          21.730     18454528      2306816
      288352           64          41.557     36909056      4613632
      288352          128          81.140     73818112      9227264
      288352          256         160.596    147636224     18454528
      288352          512         332.704    295272448     36909056
      288352         1024         640.202    590544896     73818112
      288352         2048        1282.328   1181089792    147636224
      317184            1          21.409       634368        79296
      317184            2           3.376      1268736       158592
      317184            4           4.719      2537472       317184
      317184            8           7.303      5074944       634368
      317184           16          12.803     10149888      1268736
      317184           32          23.714     20299776      2537472
      317184           64          45.123     40599552      5074944
      317184          128          88.243     81199104     10149888
      317184          256         174.973    162398208     20299776
      317184          512         359.164    324796416     40599552
      317184         1024         699.081    649592832     81199104
      317184         2048        1391.980   1299185664    162398208
      348896            1          22.913       697792        87224
      348896            2           3.397      1395584       174448
      348896            4           4.849      2791168       348896
      348896            8           7.944      5582336       697792
      348896           16          13.905     11164672      1395584
      348896           32          25.858     22329344      2791168
      348896           64          50.033     44658688      5582336
      348896          128         118.920     89317376     11164672
      348896          256         194.359    178634752     22329344
      348896          512         387.957    357269504     44658688
      348896         1024         772.507    714539008     89317376
      348896         2048        1547.328   1429078016    178634752
      383776            1          23.473       767552        95944
      383776            2           4.167      1535104       191888
      383776            4           5.460      3070208       383776
      383776            8           8.906      6140416       767552
      383776           16          15.308     12280832      1535104
      383776           32          28.383     24561664      3070208
      383776           64          54.691     49123328      6140416
      383776          128         107.348     98246656     12280832
      383776          256         212.192    196493312     24561664
      383776          512         426.587    392986624     49123328
      383776         1024         846.082    785973248     98246656
      383776         2048        1693.056   1571946496    196493312
      422144            1          27.921       844288       105536
      422144            2           4.258      1688576       211072
      422144            4           6.031      3377152       422144
      422144            8           9.647      6754304       844288
      422144           16          16.711     13508608      1688576
      422144           32          31.789     27017216      3377152
      422144           64          77.863     54034432      6754304
      422144          128         120.162    108068864     13508608
      422144          256         234.683    216137728     27017216
      422144          512         468.515    432275456     54034432
      422144         1024         937.491    864550912    108068864
      422144         2048        1863.461   1729101824    216137728
      464352            1          32.901       928704       116088
      464352            2           4.558      1857408       232176
      464352            4           6.372      3714816       464352
      464352            8          10.359      7429632       928704
      464352           16          19.747     14859264      1857408
      464352           32          36.057     29718528      3714816
      464352           64          84.395     59437056      7429632
      464352          128         129.740    118874112     14859264
      464352          256         258.528    237748224     29718528
      464352          512         514.671    475496448     59437056
      464352         1024        1030.643    950992896    118874112
      464352         2048        2056.928   1901985792    237748224
      510784            1          34.804      1021568       127696
      510784            2           5.019      2043136       255392
      510784            4           7.233      4086272       510784
      510784            8          11.642      8172544      1021568
      510784           16          20.007     16345088      2043136
      510784           32          37.789     32690176      4086272
      510784           64          72.714     65380352      8172544
      510784          128         141.761    130760704     16345088
      510784          256         293.292    261521408     32690176
      510784          512         560.225    523042816     65380352
      510784         1024        1172.435   1046085632    130760704
      510784         2048        2246.799   2092171264    261521408
      561856            1          37.450      1123712       140464
      561856            2           5.380      2247424       280928
      561856            4           8.084      4494848       561856
      561856            8          12.783      8989696      1123712
      561856           16          22.181     17979392      2247424
      561856           32          41.517     35958784      4494848
      561856           64          94.004     71917568      8989696
      561856          128         158.613    143835136     17979392
      561856          256         314.721    287670272     35958784
      561856          512         624.232    575340544     71917568
      561856         1024        1245.900   1150681088    143835136
      618016            1          42.569      1236032       154504
      618016            2           5.961      2472064       309008
      618016            4           8.536      4944128       618016
      618016            8          14.046      9888256      1236032
      618016           16          24.325     19776512      2472064
      618016           32          45.504     39553024      4944128
      618016           64          88.182     79106048      9888256
      618016          128         187.897    158212096     19776512
      618016          256         344.296    316424192     39553024
      618016          512         708.769    632848384     79106048
      618016         1024        1384.367   1265696768    158212096
      679808            1          41.797      1359616       169952
      679808            2           6.382      2719232       339904
      679808            4           9.397      5438464       679808
      679808            8          14.968     10876928      1359616
      679808           16          26.960     21753856      2719232
      679808           32          50.052     43507712      5438464
      679808           64          96.989     87015424     10876928
      679808          128         202.113    174030848     21753856
      679808          256         381.905    348061696     43507712
      679808          512         756.047    696123392     87015424
      679808         1024        1507.704   1392246784    174030848
      747776            1          45.985      1495552       186944
      747776            2           7.333      2991104       373888
      747776            4          10.179      5982208       747776
      747776            8          16.721     11964416      1495552
      747776           16          29.765     23928832      2991104
      747776           32          54.792     47857664      5982208
      747776           64         106.157     95715328     11964416
      747776          128         208.615    191430656     23928832
      747776          256         421.147    382861312     47857664
      747776          512         823.791    765722624     95715328
      747776         1024        1657.681   1531445248    191430656
      822528            1          55.272      1645056       205632
      822528            2           7.895      3290112       411264
      822528            4          11.221      6580224       822528
      822528            8          18.093     13160448      1645056
      822528           16          32.550     26320896      3290112
      822528           32          60.191     52641792      6580224
      822528           64         117.647    105283584     13160448
      822528          128         229.784    210567168     26320896
      822528          256         461.653    421134336     52641792
      822528          512         918.216    842268672    105283584
      822528         1024        1819.971   1684537344    210567168
      904768            1          61.093      1809536       226192
      904768            2           8.515      3619072       452384
      904768            4          12.543      7238144       904768
      904768            8          20.558     14476288      1809536
      904768           16          35.496     28952576      3619072
      904768           32          67.034     57905152      7238144
      904768           64         128.638    115810304     14476288
      904768          128         252.596    231620608     28952576
      904768          256         508.188    463241216     57905152
      904768          512        1010.226    926482432    115810304
      904768         1024        2004.261   1852964864    231620608
      995232            1          63.718      1990464       248808
      995232            2           9.468      3980928       497616
      995232            4          13.525      7961856       995232
      995232            8          22.121     15923712      1990464
      995232           16          38.772     31847424      3980928
      995232           32          73.777     63694848      7961856
      995232           64         155.427    127389696     15923712
      995232          128         280.588    254779392     31847424
      995232          256         599.888    509558784     63694848
      995232          512        1108.326   1019117568    127389696
      995232         1024        2208.528   2038235136    254779392
     1094752            1          69.939      2189504       273688
     1094752            2           9.929      4379008       547376
     1094752            4          14.677      8758016      1094752
     1094752            8          23.974     17516032      2189504
     1094752           16          43.400     35032064      4379008
     1094752           32          81.350     70064128      8758016
     1094752           64         169.953    140128256     17516032
     1094752          128         304.843    280256512     35032064
     1094752          256         607.762    560513024     70064128
     1094752          512        1211.998   1121026048    140128256
     1204224            1          77.734      2408448       301056
     1204224            2          11.361      4816896       602112
     1204224            4          16.170      9633792      1204224
     1204224            8          26.298     19267584      2408448
     1204224           16          46.986     38535168      4816896
     1204224           32          88.513     77070336      9633792
     1204224           64         171.296    154140672     19267584
     1204224          128         346.440    308281344     38535168
     1204224          256         670.068    616562688     77070336
     1204224          512        1352.668   1233125376    154140672
     1324640            1          87.601      2649280       331160
     1324640            2          12.513      5298560       662320
     1324640            4          18.384     10597120      1324640
     1324640            8          29.434     21194240      2649280
     1324640           16          52.026     42388480      5298560
     1324640           32          97.400     84776960     10597120
     1324640           64         188.378    169553920     21194240
     1324640          128         383.748    339107840     42388480
     1324640          256         748.222    678215680     84776960
     1324640          512        1473.551   1356431360    169553920
     1457088            1          91.599      2914176       364272
     1457088            2          13.095      5828352       728544
     1457088            4          19.306     11656704      1457088
     1457088            8          31.688     23313408      2914176
     1457088           16          56.966     46626816      5828352
     1457088           32         121.084     93253632     11656704
     1457088           64         207.894    186507264     23313408
     1457088          128         417.371    373014528     46626816
     1457088          256         810.507    746029056     93253632
     1457088          512        1614.290   1492058112    186507264
     1602784            1         109.823      3205568       400696
     1602784            2          15.148      6411136       801392
     1602784            4          21.209     12822272      1602784
     1602784            8          34.925     25644544      3205568
     1602784           16          62.405     51289088      6411136
     1602784           32         130.420    102578176     12822272
     1602784           64         225.396    205156352     25644544
     1602784          128         447.086    410312704     51289088
     1602784          256         888.000    820625408    102578176
     1602784          512        1775.369   1641250816    205156352
     1763040            1         128.878      3526080       440760
     1763040            2          18.895      7052160       881520
     1763040            4          23.694     14104320      1763040
     1763040            8          38.551     28208640      3526080
     1763040           16          82.543     56417280      7052160
     1763040           32         130.801    112834560     14104320
     1763040           64         255.292    225669120     28208640
     1763040          128         493.822    451338240     56417280
     1763040          256         990.099    902676480    112834560
     1763040          512        1964.448   1805352960    225669120
     1939328            1         126.443      3878656       484832
     1939328            2          24.205      7757312       969664
     1939328            4          26.368     15514624      1939328
     1939328            8          42.990     31029248      3878656
     1939328           16          76.381     62058496      7757312
     1939328           32         143.094    124116992     15514624
     1939328           64         293.873    248233984     31029248
     1939328          128         547.050    496467968     62058496
     1939328          256        1091.576    992935936    124116992
     1939328          512        2189.543   1985871872    248233984
     2133248            1         135.330      4266496       533312
     2133248            2          25.026      8532992      1066624
     2133248            4          29.875     17065984      2133248
     2133248            8          48.239     34131968      4266496
     2133248           16          85.518     68263936      8532992
     2133248           32         159.644    136527872     17065984
     2133248           64         321.203    273055744     34131968
     2133248          128         606.209    546111488     68263936
     2133248          256        1218.150   1092222976    136527872
     2346560            1         152.752      4693120       586640
     2346560            2          33.401      9386240      1173280
     2346560            4          33.391     18772480      2346560
     2346560            8          55.112     37544960      4693120
     2346560           16          98.592     75089920      9386240
     2346560           32         185.632    150179840     18772480
     2346560           64         362.660    300359680     37544960
     2346560          128         711.584    600719360     75089920
     2346560          256        1415.013   1201438720    150179840
     2581216            1         167.309      5162432       645304
     2581216            2          34.855     10324864      1290608
     2581216            4          36.357     20649728      2581216
     2581216            8          60.401     41299456      5162432
     2581216           16         109.192     82598912     10324864
     2581216           32         204.858    165197824     20649728
     2581216           64         403.185    330395648     41299456
     2581216          128         793.204    660791296     82598912
     2581216          256        1569.388   1321582592    165197824
     2839328            1         199.098      5678656       709832
     2839328            2          36.177     11357312      1419664
     2839328            4          39.523     22714624      2839328
     2839328            8          64.629     45429248      5678656
     2839328           16         125.853     90858496     11357312
     2839328           32         217.561    181716992     22714624
     2839328           64         424.885    363433984     45429248
     2839328          128         836.655    726867968     90858496
     2839328          256        1655.738   1453735936    181716992
     3123232            1         215.768      6246464       780808
     3123232            2          41.737     12492928      1561616
     3123232            4          41.937     24985856      3123232
     3123232            8          69.028     49971712      6246464
     3123232           16         124.099     99943424     12492928
     3123232           32         232.439    199886848     24985856
     3123232           64         455.090    399773696     49971712
     3123232          128         891.436    799547392     99943424
     3123232          256        1777.062   1599094784    199886848
     3435552            1         236.817      6871104       858888
     3435552            2          43.600     13742208      1717776
     3435552            4          46.065     27484416      3435552
     3435552            8          75.369     54968832      6871104
     3435552           16         134.989    109937664     13742208
     3435552           32         258.136    219875328     27484416
     3435552           64         498.481    439750656     54968832
     3435552          128         983.245    879501312    109937664
     3435552          256        1944.631   1759002624    219875328
     3779104            1         243.079      7558208       944776
     3779104            2          47.147     15116416      1889552
     3779104            4          51.184     30232832      3779104
     3779104            8          83.895     60465664      7558208
     3779104           16         149.957    120931328     15116416
     3779104           32         291.398    241862656     30232832
     3779104           64         546.619    483725312     60465664
     3779104          128        1086.917    967450624    120931328
     3779104          256        2166.301   1934901248    241862656
     4156992            1         266.171      8313984      1039248
     4156992            2          49.842     16627968      2078496
     4156992            4          55.953     33255936      4156992
     4156992            8          93.082     66511872      8313984
     4156992           16         165.365    133023744     16627968
     4156992           32         321.033    266047488     33255936
     4156992           64         601.260    532094976     66511872
     4156992          128        1197.772   1064189952    133023744
     4156992          256        2365.919   2128379904    266047488
     4572672            1         316.665      9145344      1143168
     4572672            2          55.272     18290688      2286336
     4572672            4          61.223     36581376      4572672
     4572672            8         101.518     73162752      9145344
     4572672           16         182.316    146325504     18290688
     4572672           32         342.432    292651008     36581376
     4572672           64         673.354    585302016     73162752
     4572672          128        1311.411   1170604032    146325504
     5029920            1         307.608     10059840      1257480
     5029920            2          60.031     20119680      2514960
     5029920            4          66.933     40239360      5029920
     5029920            8         120.633     80478720     10059840
     5029920           16         198.406    160957440     20119680
     5029920           32         377.317    321914880     40239360
     5029920           64         729.227    643829760     80478720
     5029920          128        1432.405   1287659520    160957440
     5532896            1         346.059     11065792      1383224
     5532896            2          61.323     22131584      2766448
     5532896            4          72.834     44263168      5532896
     5532896            8         130.241     88526336     11065792
     5532896           16         217.301    177052672     22131584
     5532896           32         409.897    354105344     44263168
     5532896           64         798.043    708210688     88526336
     5532896          128        1570.790   1416421376    177052672
     6086176            1         383.628     12172352      1521544
     6086176            2          90.076     24344704      3043088
     6086176            4          82.041     48689408      6086176
     6086176            8         135.260     97378816     12172352
     6086176           16         241.065    194757632     24344704
     6086176           32         453.939    389515264     48689408
     6086176           64         892.468    779030528     97378816
     6086176          128        1757.526   1558061056    194757632
     6694784            1         410.267     13389568      1673696
     6694784            2          72.023     26779136      3347392
     6694784            4          90.828     53558272      6694784
     6694784            8         155.958    107116544     13389568
     6694784           16         266.092    214233088     26779136
     6694784           32         501.285    428466176     53558272
     6694784           64         982.284    856932352    107116544
     6694784          128        1927.960   1713864704    214233088
     7364256            1         451.894     14728512      1841064
     7364256            2          83.033     29457024      3682128
     7364256            4          98.652     58914048      7364256
     7364256            8         164.033    117828096     14728512
     7364256           16         302.649    235656192     29457024
     7364256           32         552.581    471312384     58914048
     7364256           64        1075.887    942624768    117828096
     7364256          128        2133.189   1885249536    235656192
     8100672            1         503.871     16201344      2025168
     8100672            2         110.985     32402688      4050336
     8100672            4         109.231     64805376      8100672
     8100672            8         180.192    129610752     16201344
     8100672           16         321.513    259221504     32402688
     8100672           32         615.397    518443008     64805376
     8100672           64        1188.454   1036886016    129610752
     8100672          128        2364.967   2073772032    259221504
     8910720            1         576.625     17821440      2227680
     8910720            2         135.470     35642880      4455360
     8910720            4         124.139     71285760      8910720
     8910720            8         203.235    142571520     17821440
     8910720           16         389.700    285143040     35642880
     8910720           32         704.581    570286080     71285760
     8910720           64        1384.907   1140572160    142571520
     9801792            1         629.472     19603584      2450448
     9801792            2         293.582     39207168      4900896
     9801792            4         290.607     78414336      9801792
     9801792            8         408.515    156828672     19603584
     9801792           16         775.573    313657344     39207168
     9801792           32        1413.461    627314688     78414336
     9801792           64        2841.708   1254629376    156828672
    10781952            1         717.615     21563904      2695488
    10781952            2         773.147     43127808      5390976
    10781952            4         943.112     86255616     10781952
    10781952            8        1512.102    172511232     21563904
    10781952           16        2682.673    345022464     43127808
    10781952           32        5095.760    690044928     86255616
    10781952           64        7456.319   1380089856    172511232
    11860128            1         720.530     23720256      2965032
    11860128            2        1291.394     47440512      5930064
    11860128            4        1638.846     94881024     11860128
    11860128            8        2779.563    189762048     23720256
    11860128           16        4120.599    379524096     47440512
    11860128           32        4748.739    759048192     94881024
    11860128           64        3716.573   1518096384    189762048
    13046112            1         812.330     26092224      3261528
    13046112            2        1529.014     52184448      6523056
    13046112            4        2237.192    104368896     13046112
    13046112            8        3632.568    208737792     26092224
    13046112           16        6564.262    417475584     52184448
    13046112           32       12213.313    834951168    104368896
    13046112           64       14102.592   1669902336    208737792
    14350720            1         893.560     28701440      3587680
    14350720            2        1723.232     57402880      7175360
    14350720            4        2511.037    114805760     14350720
    14350720            8        4145.586    229611520     28701440
    14350720           16        7451.670    459223040     57402880
    14350720           32       13997.147    918446080    114805760
    14350720           64       27307.076   1836892160    229611520
    15785792            1         964.010     31571584      3946448
    15785792            2        1885.451     63143168      7892896
    15785792            4        2835.076    126286336     15785792
    15785792            8        4694.229    252572672     31571584
    15785792           16        8548.917    505145344     63143168
    15785792           32       16055.488   1010290688    126286336
    15785792           64       31019.300   2020581376    252572672
    17364352            1        1077.900     34728704      4341088
    17364352            2        2086.002     69457408      8682176
    17364352            4        3160.356    138914816     17364352
    17364352            8        5323.921    277829632     34728704
    17364352           16        9662.093    555659264     69457408
    17364352           32       18005.008   1111318528    138914816
    19100768            1        1170.591     38201536      4775192
    19100768            2        2290.419     76403072      9550384
    19100768            4        3462.924    152806144     19100768
    19100768            8        5764.054    305612288     38201536
    19100768           16       10427.094    611224576     76403072
    19100768           32       19725.635   1222449152    152806144
    21010816            1        1275.605     42021632      5252704
    21010816            2        2548.026     84043264     10505408
    21010816            4        3765.363    168086528     21010816
    21010816            8        6334.718    336173056     42021632
    21010816           16       11362.242    672346112     84043264
    21010816           32       21525.299   1344692224    168086528
    23111872            1        1388.163     46223744      5777968
    23111872            2        2780.876     92447488     11555936
    23111872            4        4146.016    184894976     23111872
    23111872            8        6995.067    369789952     46223744
    23111872           16       12557.419    739579904     92447488
    23111872           32       23828.242   1479159808    184894976
    25423040            1        1557.125     50846080      6355760
    25423040            2        3122.506    101692160     12711520
    25423040            4        4655.857    203384320     25423040
    25423040            8        7742.979    406768640     50846080
    25423040           16       14002.988    813537280    101692160
    25423040           32       26582.367   1627074560    203384320
    27965344            1        1722.231     55930688      6991336
    27965344            2        3398.336    111861376     13982672
    27965344            4        5123.491    223722752     27965344
    27965344            8        8554.216    447445504     55930688
    27965344           16       15493.189    894891008    111861376
    27965344           32       29153.716   1789782016    223722752
    30761856            1        1879.010     61523712      7690464
    30761856            2        3720.320    123047424     15380928
    30761856            4        5603.177    246094848     30761856
    30761856            8        9412.280    492189696     61523712
    30761856           16       16903.284    984379392    123047424
    30761856           32       32001.674   1968758784    246094848
    33838016            1        2064.963     67676032      8459504
    33838016            2        4064.836    135352064     16919008
    33838016            4        6185.402    270704128     33838016
    33838016            8       10295.652    541408256     67676032
    33838016           16       18535.968   1082816512    135352064
    37221792            1        2308.693     74443584      9305448
    37221792            2        4495.081    148887168     18610896
    37221792            4        6797.743    297774336     37221792
    37221792            8       11349.628    595548672     74443584
    37221792           16       20553.234   1191097344    148887168
    40943968            1        2502.781     81887936     10235992
    40943968            2        4878.298    163775872     20471984
    40943968            4        7381.962    327551744     40943968
    40943968            8       12735.878    655103488     81887936
    40943968           16       22670.253   1310206976    163775872
    45038336            1        2723.449     90076672     11259584
    45038336            2        5531.264    180153344     22519168
    45038336            4        8414.909    360306688     45038336
    45038336            8       13789.674    720613376     90076672
    45038336           16       24536.720   1441226752    180153344
    49542144            1        3013.565     99084288     12385536
    49542144            2        6023.974    198168576     24771072
    49542144            4        9015.047    396337152     49542144
    49542144            8       15075.669    792674304     99084288
    49542144           16       27149.315   1585348608    198168576
    54496352            1        3280.768    108992704     13624088
    54496352            2        6852.734    217985408     27248176
    54496352            4        9925.589    435970816     54496352
    54496352            8       16555.301    871941632    108992704
    54496352           16       29997.243   1743883264    217985408
    59945984            1        3659.988    119891968     14986496
    59945984            2        7203.091    239783936     29972992
    59945984            4       10952.865    479567872     59945984
    59945984            8       18307.837    959135744    119891968
    59945984           16       32870.329   1918271488    239783936
    65940576            1        3989.477    131881152     16485144
    65940576            2        7959.378    263762304     32970288
    65940576            4       11986.324    527524608     65940576
    65940576            8       20021.432   1055049216    131881152
    65940576           16       36111.604   2110098432    263762304
    72534624            1        4413.821    145069248     18133656
    72534624            2        8739.358    290138496     36267312
    72534624            4       13195.658    580276992     72534624
    72534624            8       22114.788   1160553984    145069248
    79788064            1        4859.133    159576128     19947016
    79788064            2        9687.860    319152256     39894032
    79788064            4       14552.342    638304512     79788064
    79788064            8       24321.232   1276609024    159576128
    87766848            1        5337.276    175533696     21941712
    87766848            2       10683.268    351067392     43883424
    87766848            4       15993.584    702134784     87766848
    87766848            8       26643.380   1404269568    175533696
    96543520            1        5853.129    193087040     24135880
    96543520            2       11694.305    386174080     48271760
    96543520            4       17468.478    772348160     96543520
    96543520            8       29231.299   1544696320    193087040
   106197856            1        6376.865    212395712     26549464
   106197856            2       12862.482    424791424     53098928
   106197856            4       19330.917    849582848    106197856
   106197856            8       32312.619   1699165696    212395712
   116817632            1        7072.691    233635264     29204408
   116817632            2       14133.409    467270528     58408816
   116817632            4       21213.232    934541056    116817632
   116817632            8       35504.864   1869082112    233635264
   128499392            1        7753.097    256998784     32124848
   128499392            2       15490.815    513997568     64249696
   128499392            4       23379.563   1027995136    128499392
   128499392            8       39066.871   2055990272    256998784
   141349312            1        8506.888    282698624     35337328
   141349312            2       17115.496    565397248     70674656
   141349312            4       25653.301   1130794496    141349312
   155484224            1        9387.285    310968448     38871056
   155484224            2       18805.797    621936896     77742112
   155484224            4       28239.388   1243873792    155484224
   171032640            1       10303.306    342065280     42758160
   171032640            2       21113.769    684130560     85516320
   171032640            4       31026.053   1368261120    171032640
   188135904            1       11536.604    376271808     47033976
   188135904            2       22798.740    752543616     94067952
   188135904            4       34112.773   1505087232    188135904
   206949472            1       12458.035    413898944     51737368
   206949472            2       25068.101    827797888    103474736
   206949472            4       37441.791   1655595776    206949472
   227644416            1       13719.835    455288832     56911104
   227644416            2       27487.539    910577664    113822208
   227644416            4       41286.300   1821155328    227644416
   250408832            1       15080.898    500817664     62602208
   250408832            2       30193.376   1001635328    125204416
   250408832            4       45317.183   2003270656    250408832
   275449696            1       16626.603    550899392     68862424
   275449696            2       33180.793   1101798784    137724848
   302994656            1       18301.756    605989312     75748664
   302994656            2       36682.528   1211978624    151497328
   333294112            1       20074.299    666588224     83323528
   333294112            2       40133.671   1333176448    166647056
   366623520            1       22156.654    733247040     91655880
   366623520            2       44157.171   1466494080    183311760
   403285856            1       24379.750    806571712    100821464
   403285856            2       48543.401   1613143424    201642928
   443614432            1       26774.983    887228864    110903608
   443614432            2       53513.920   1774457728    221807216
   487975872            1       29321.035    975951744    121993968
   487975872            2       58627.472   1951903488    243987936
   536773440            1       32358.664   1073546880    134193360
   536773440            2       64669.479   2147093760    268386720
   590450784            1       35465.871   1180901568    147612696
   649495840            1       39086.287   1298991680    162373960
   714445408            1       43021.344   1428890816    178611352
   785889920            1       47342.333   1571779840    196472480
   864478912            1       52138.379   1728957824    216119728
   950926784            1       57385.118   1901853568    237731696
  1046019456            1       62825.615   2092038912    261504864

META_DATA
FLOPS          2
OPENMP_THREADS 4
ERT_VERSION  1.1.0
HOSTNAME  ('cachyos-laptop', [], ['127.0.1.1'])
UNAME  uname_result(system='Linux', node='cachyos-laptop', release='6.18.0-2-cachyos', version='#1 SMP PREEMPT_DYNAMIC Sat, 06 Dec 2025 07:42:36 +0000', machine='x86_64')
TIMESTAMP_DATA  1765907817.650298
CONFIG  {'ERT_MPI': ['False'], 'ERT_OPENMP': ['True'], 'ERT_OPENMP_CFLAGS': ['-fopenmp'], 'ERT_OPENMP_LDFLAGS': ['-fopenmp'], 'ERT_PRECISION': ['FP64'], 'ERT_TRIALS_MIN': ['1'], 'ERT_TRIALS': ['3', '#', 'Run', 'each', 'test', '3', 'times', 'to', 'filter', 'out', 'background', 'noise'], 'ERT_RESULTS': ['Results/5500U'], 'ERT_GNUPLOT': ['gnuplot'], 'ERT_DRIVER': ['driver1'], 'ERT_KERNEL': ['kernel1'], 'ERT_CC': ['g++'], 'ERT_LD': ['g++'], 'ERT_CFLAGS': ['-O3', '-march=native', '-fopenmp', '-fstrict-aliasing', '-funroll-loops', '-Wno-all'], 'ERT_LDFLAGS': ['-O3', '-march=native', '-fopenmp'], 'ERT_LDLIBS': ['-lm'], 'ERT_RUN': ['export', 'OMP_NUM_THREADS=ERT_OPENMP_THREADS;', './ERT_CODE'], 'ERT_WORKING_SET_MIN': ['128'], 'ERT_MEMORY_MAX': ['1073741824'], 'ERT_ALIGN': ['64'], 'ERT_MIN_PROCS': ['1'], 'ERT_MAX_PROCS': ['1'], 'ERT_OPENMP_THREADS': ['1,2,4,8,12', '#', 'Logical', 'Threads'], 'ERT_NUM_EXPERIMENTS': ['5'], 'ERT_FLOPS': ['1,2,4,8'], 'ERT_GPU': [False], 'ERT_HIP': [False], 'ERT_OCL': [False], 'ERT_SYCL': [False], 'ERT_WSS_MULT': [1.1]}
