fp64
        2048            1           2.906         4096         1024
        2048            2           0.441         8192         2048
        2048            4           0.521        16384         4096
        2048            8           0.521        32768         8192
        2048           16           0.561        65536        16384
        2048           32           0.722       131072        32768
        2048           64           1.343       262144        65536
        2048          128           1.673       524288       131072
        2048          256           3.057      1048576       262144
        2048          512           5.722      2097152       524288
        2048         1024          11.073      4194304      1048576
        2048         2048          22.035      8388608      2097152
        2048         4096          55.111     16777216      4194304
        2048         8192          86.205     33554432      8388608
        2048        16384         171.258     67108864     16777216
        2048        32768         343.607    134217728     33554432
        2048        65536         691.604    268435456     67108864
        2048       131072        1372.466    536870912    134217728
        2048       262144        2750.413   1073741824    268435456
        2048       524288        5613.585   2147483648    536870912
        2240            1           2.145         4480         1120
        2240            2           0.471         8960         2240
        2240            4           0.481        17920         4480
        2240            8           0.531        35840         8960
        2240           16           0.571        71680        17920
        2240           32           0.751       143360        35840
        2240           64           1.112       286720        71680
        2240          128           2.115       573440       143360
        2240          256           3.257      1146880       286720
        2240          512           6.153      2293760       573440
        2240         1024          12.135      4587520      1146880
        2240         2048          23.277      9175040      2293760
        2240         4096          46.394     18350080      4587520
        2240         8192         105.123     36700160      9175040
        2240        16384         186.528     73400320     18350080
        2240        32768         367.696    146800640     36700160
        2240        65536         739.471    293601280     73400320
        2240       131072        1473.521    587202560    146800640
        2240       262144        2943.084   1174405120    293601280
        2464            1           4.048         4928         1232
        2464            2           0.451         9856         2464
        2464            4           0.561        19712         4928
        2464            8           0.632        39424         9856
        2464           16           0.601        78848        19712
        2464           32           0.792       157696        39424
        2464           64           1.182       315392        78848
        2464          128           2.004       630784       157696
        2464          256           3.858      1261568       315392
        2464          512           7.074      2523136       630784
        2464         1024          25.763      5046272      1261568
        2464         2048          26.123     10092544      2523136
        2464         4096          51.695     20185088      5046272
        2464         8192         102.458     40370176     10092544
        2464        16384         207.862     80740352     20185088
        2464        32768         411.054    161480704     40370176
        2464        65536         820.396    322961408     80740352
        2464       131072        1636.743    645922816    161480704
        2464       262144        3269.357   1291845632    322961408
        2704            1           2.645         5408         1352
        2704            2           0.562        10816         2704
        2704            4           0.481        21632         5408
        2704            8           0.532        43264        10816
        2704           16           0.611        86528        21632
        2704           32           0.832       173056        43264
        2704           64           1.263       346112        86528
        2704          128           2.164       692224       173056
        2704          256           4.218      1384448       346112
        2704          512           7.756      2768896       692224
        2704         1024          14.770      5537792      1384448
        2704         2048          28.548     11075584      2768896
        2704         4096          57.015     22151168      5537792
        2704         8192         128.180     44302336     11075584
        2704        16384         225.979     88604672     22151168
        2704        32768         454.673    177209344     44302336
        2704        65536         907.903    354418688     88604672
        2704       131072        1812.359    708837376    177209344
        2704       262144        3627.593   1417674752    354418688
        2960            1           2.666         5920         1480
        2960            2           0.431        11840         2960
        2960            4           0.481        23680         5920
        2960            8           0.572        47360        11840
        2960           16           0.631        94720        23680
        2960           32           0.872       189440        47360
        2960           64           1.643       378880        94720
        2960          128           2.324       757760       189440
        2960          256           4.529      1515520       378880
        2960          512           8.357      3031040       757760
        2960         1024          16.083      6062080      1515520
        2960         2048          30.822     12124160      3031040
        2960         4096          62.617     24248320      6062080
        2960         8192         124.132     48496640     12124160
        2960        16384         260.037     96993280     24248320
        2960        32768         496.338    193986560     48496640
        2960        65536         988.206    387973120     96993280
        2960       131072        1995.661    775946240    193986560
        2960       262144        3976.913   1551892480    387973120
        3248            1           2.726         6496         1624
        3248            2           0.592        12992         3248
        3248            4           0.501        25984         6496
        3248            8           0.561        51968        12992
        3248           16           0.702       103936        25984
        3248           32           0.922       207872        51968
        3248           64           1.463       415744       103936
        3248          128           2.605       831488       207872
        3248          256           4.790      1662976       415744
        3248          512           9.139      3325952       831488
        3248         1024          18.067      6651904      1662976
        3248         2048          35.452     13303808      3325952
        3248         4096          69.962     26607616      6651904
        3248         8192         154.063     53215232     13303808
        3248        16384         278.826    106430464     26607616
        3248        32768         560.177    212860928     53215232
        3248        65536        1120.986    425721856    106430464
        3248       131072        2236.099    851443712    212860928
        3248       262144        4470.836   1702887424    425721856
        3568            1           2.405         7136         1784
        3568            2           0.551        14272         3568
        3568            4           0.511        28544         7136
        3568            8           0.591        57088        14272
        3568           16           0.722       114176        28544
        3568           32           0.992       228352        57088
        3568           64           1.573       456704       114176
        3568          128           2.765       913408       228352
        3568          256           5.371      1826816       456704
        3568          512           9.700      3653632       913408
        3568         1024          19.108      7307264      1826816
        3568         2048          37.837     14614528      3653632
        3568         4096          74.802     29229056      7307264
        3568         8192         149.333     58458112     14614528
        3568        16384         301.703    116916224     29229056
        3568        32768         604.718    233832448     58458112
        3568        65536        1191.378    467664896    116916224
        3568       131072        2390.622    935329792    233832448
        3568       262144        4765.193   1870659584    467664896
        3920            1           3.457         7840         1960
        3920            2           0.531        15680         3920
        3920            4           0.511        31360         7840
        3920            8           0.581        62720        15680
        3920           16           0.731       125440        31360
        3920           32           1.052       250880        62720
        3920           64           1.984       501760       125440
        3920          128           2.986      1003520       250880
        3920          256           5.581      2007040       501760
        3920          512          10.772      4014080      1003520
        3920         1024          21.464      8028160      2007040
        3920         2048          57.947     16056320      4014080
        3920         4096          85.865     32112640      8028160
        3920         8192         166.568     64225280     16056320
        3920        16384         333.135    128450560     32112640
        3920        32768         675.500    256901120     64225280
        3920        65536        1336.100    513802240    128450560
        3920       131072        2673.854   1027604480    256901120
        3920       262144        5341.485   2055208960    513802240
        4304            1           2.304         8608         2152
        4304            2           0.631        17216         4304
        4304            4           0.521        34432         8608
        4304            8           0.571        68864        17216
        4304           16           0.751       137728        34432
        4304           32           1.132       275456        68864
        4304           64           1.823       550912       137728
        4304          128           3.517      1101824       275456
        4304          256           6.303      2203648       550912
        4304          512          11.614      4407296      1101824
        4304         1024          23.417      8814592      2203648
        4304         2048          45.823     17629184      4407296
        4304         4096          91.425     35258368      8814592
        4304         8192         181.678     70516736     17629184
        4304        16384         372.957    141033472     35258368
        4304        32768         726.133    282066944     70516736
        4304        65536        1462.276    564133888    141033472
        4304       131072        2916.215   1128267776    282066944
        4720            1           3.838         9440         2360
        4720            2           0.552        18880         4720
        4720            4           0.591        37760         9440
        4720            8           0.601        75520        18880
        4720           16           0.792       151040        37760
        4720           32           1.172       302080        75520
        4720           64           2.224       604160       151040
        4720          128           3.477      1208320       302080
        4720          256           6.824      2416640       604160
        4720          512          12.957      4833280      1208320
        4720         1024          25.242      9666560      2416640
        4720         2048          49.580     19333120      4833280
        4720         4096         110.214     38666240      9666560
        4720         8192         197.611     77332480     19333120
        4720        16384         397.056    154664960     38666240
        4720        32768         795.814    309329920     77332480
        4720        65536        1585.777    618659840    154664960
        4720       131072        3209.090   1237319680    309329920
        5184            1           2.766        10368         2592
        5184            2           0.652        20736         5184
        5184            4           0.561        41472        10368
        5184            8           0.622        82944        20736
        5184           16           0.812       165888        41472
        5184           32           1.223       331776        82944
        5184           64           2.044       663552       165888
        5184          128           3.697      1327104       331776
        5184          256           7.345      2654208       663552
        5184          512          14.099      5308416      1327104
        5184         1024          27.255     10616832      2654208
        5184         2048          53.638     21233664      5308416
        5184         4096         106.546     42467328     10616832
        5184         8192         224.656     84934656     21233664
        5184        16384         426.846    169869312     42467328
        5184        32768         850.956    339738624     84934656
        5184        65536        1707.965    679477248    169869312
        5184       131072        3408.494   1358954496    339738624
        5696            1           2.656        11392         2848
        5696            2           0.682        22784         5696
        5696            4           0.601        45568        11392
        5696            8           0.632        91136        22784
        5696           16           0.852       182272        45568
        5696           32           1.313       364544        91136
        5696           64           2.225       729088       182272
        5696          128           4.038      1458176       364544
        5696          256           8.006      2916352       729088
        5696          512          15.271      5832704      1458176
        5696         1024          29.890     11665408      2916352
        5696         2048          59.060     23330816      5832704
        5696         4096         117.418     46661632     11665408
        5696         8192         234.055     93323264     23330816
        5696        16384         476.136    186646528     46661632
        5696        32768         940.939    373293056     93323264
        5696        65536        1879.061    746586112    186646528
        5696       131072        3754.967   1493172224    373293056
        6256            1           2.204        12512         3128
        6256            2           0.521        25024         6256
        6256            4           0.631        50048        12512
        6256            8           0.671       100096        25024
        6256           16           0.912       200192        50048
        6256           32           1.423       400384       100096
        6256           64           2.445       800768       200192
        6256          128           4.769      1601536       400384
        6256          256           8.778      3203072       800768
        6256          512          16.894      6406144      1601536
        6256         1024          33.097     12812288      3203072
        6256         2048          65.202     25624576      6406144
        6256         4096         129.953     51249152     12812288
        6256         8192         260.038    102498304     25624576
        6256        16384         525.295    204996608     51249152
        6256        32768        1042.014    409993216    102498304
        6256        65536        2081.612    819986432    204996608
        6256       131072        4182.364   1639972864    409993216
        6880            1           2.635        13760         3440
        6880            2           0.902        27520         6880
        6880            4           0.581        55040        13760
        6880            8           0.701       110080        27520
        6880           16           0.982       220160        55040
        6880           32           1.533       440320       110080
        6880           64           2.615       880640       220160
        6880          128           5.180      1761280       440320
        6880          256           9.689      3522560       880640
        6880          512          32.486      7045120      1761280
        6880         1024          36.564     14090240      3522560
        6880         2048          72.537     28180480      7045120
        6880         4096         144.423     56360960     14090240
        6880         8192         290.238    112721920     28180480
        6880        16384         582.943    225443840     56360960
        6880        32768        1159.693    450887680    112721920
        6880        65536        2313.193    901775360    225443840
        6880       131072        4651.475   1803550720    450887680
        7568            1           3.006        15136         3784
        7568            2           0.652        30272         7568
        7568            4           0.591        60544        15136
        7568            8           0.842       121088        30272
        7568           16           1.012       242176        60544
        7568           32           1.633       484352       121088
        7568           64           2.846       968704       242176
        7568          128           5.581      1937408       484352
        7568          256          10.462      3874816       968704
        7568          512          33.037      7749632      1937408
        7568         1024          39.630     15499264      3874816
        7568         2048          78.599     30998528      7749632
        7568         4096         156.137     61997056     15499264
        7568         8192         312.193    123994112     30998528
        7568        16384         628.645    247988224     61997056
        7568        32768        1252.119    495976448    123994112
        7568        65536        2507.747    991952896    247988224
        7568       131072        5007.758   1983905792    495976448
        8320            1           2.285        16640         4160
        8320            2           0.571        33280         8320
        8320            4           0.611        66560        16640
        8320            8           0.781       133120        33280
        8320           16           1.082       266240        66560
        8320           32           1.784       532480       133120
        8320           64           3.427      1064960       266240
        8320          128           5.892      2129920       532480
        8320          256          11.574      4259840      1064960
        8320          512          22.005      8519680      2129920
        8320         1024          44.159     17039360      4259840
        8320         2048          87.267     34078720      8519680
        8320         4096         174.173     68157440     17039360
        8320         8192         347.896    136314880     34078720
        8320        16384         697.956    272629760     68157440
        8320        32768        1393.827    545259520    136314880
        8320        65536        2815.090   1090519040    272629760
        9152            1           3.597        18304         4576
        9152            2           0.672        36608         9152
        9152            4           0.751        73216        18304
        9152            8           0.822       146432        36608
        9152           16           1.162       292864        73216
        9152           32           1.904       585728       146432
        9152           64           3.367      1171456       292864
        9152          128           6.583      2342912       585728
        9152          256          12.415      4685824      1171456
        9152          512          24.089      9371648      2342912
        9152         1024          47.517     18743296      4685824
        9152         2048          97.298     37486592      9371648
        9152         4096         187.611     74973184     18743296
        9152         8192         374.770    149946368     37486592
        9152        16384         754.470    299892736     74973184
        9152        32768        1506.536    599785472    149946368
        9152        65536        3008.973   1199570944    299892736
       10064            1           3.557        20128         5032
       10064            2           0.602        40256        10064
       10064            4           0.661        80512        20128
       10064            8           0.841       161024        40256
       10064           16           1.233       322048        80512
       10064           32           2.074       644096       161024
       10064           64           4.028      1288192       322048
       10064          128           7.325      2576384       644096
       10064          256          13.918      5152768      1288192
       10064          512          41.484     10305536      2576384
       10064         1024          53.007     20611072      5152768
       10064         2048         106.316     41222144     10305536
       10064         4096         211.930     82444288     20611072
       10064         8192         427.026    164888576     41222144
       10064        16384         850.455    329777152     82444288
       10064        32768        1700.840    659554304    164888576
       10064        65536        3404.365   1319108608    329777152
       11056            1           2.665        22112         5528
       11056            2           0.721        44224        11056
       11056            4           0.812        88448        22112
       11056            8           0.912       176896        44224
       11056           16           1.433       353792        88448
       11056           32           2.265       707584       176896
       11056           64           3.858      1415168       353792
       11056          128           7.395      2830336       707584
       11056          256          15.301      5660672      1415168
       11056          512          29.530     11321344      2830336
       11056         1024          58.929     22642688      5660672
       11056         2048         120.635     45285376     11321344
       11056         4096         243.655     90570752     22642688
       11056         8192         466.998    181141504     45285376
       11056        16384         938.163    362283008     90570752
       11056        32768        1876.586    724566016    181141504
       11056        65536        3772.943   1449132032    362283008
       12160            1           3.628        24320         6080
       12160            2           0.752        48640        12160
       12160            4           0.832        97280        24320
       12160            8           0.942       194560        48640
       12160           16           1.463       389120        97280
       12160           32           2.425       778240       194560
       12160           64           4.719      1556480       389120
       12160          128           8.627      3112960       778240
       12160          256          16.664      6225920      1556480
       12160          512          32.085     12451840      3112960
       12160         1024          80.864     24903680      6225920
       12160         2048         128.280     49807360     12451840
       12160         4096         255.348     99614720     24903680
       12160         8192         514.233    199229440     49807360
       12160        16384        1026.703    398458880     99614720
       12160        32768        2045.620    796917760    199229440
       12160        65536        4089.695   1593835520    398458880
       13376            1           2.374        26752         6688
       13376            2           0.731        53504        13376
       13376            4           0.762       107008        26752
       13376            8           1.012       214016        53504
       13376           16           1.513       428032       107008
       13376           32           2.595       856064       214016
       13376           64           5.010      1712128       428032
       13376          128          22.476      3424256       856064
       13376          256          17.886      6848512      1712128
       13376          512          34.961     13697024      3424256
       13376         1024          68.930     27394048      6848512
       13376         2048         137.620     54788096     13697024
       13376         4096         275.188    109576192     27394048
       13376         8192         555.497    219152384     54788096
       13376        16384        1105.793    438304768    109576192
       13376        32768        2210.704    876609536    219152384
       13376        65536        4420.797   1753219072    438304768
       14704            1           2.776        29408         7352
       14704            2           0.702        58816        14704
       14704            4           0.882       117632        29408
       14704            8           1.112       235264        58816
       14704           16           1.944       470528       117632
       14704           32           2.815       941056       235264
       14704           64           5.471      1882112       470528
       14704          128          10.230      3764224       941056
       14704          256          19.649      7528448      1882112
       14704          512          38.228     15056896      3764224
       14704         1024          76.325     30113792      7528448
       14704         2048         165.716     60227584     15056896
       14704         4096         306.070    120455168     30113792
       14704         8192         607.421    240910336     60227584
       14704        16384        1214.983    481820672    120455168
       14704        32768        2429.274    963641344    240910336
       14704        65536        4884.551   1927282688    481820672
       16160            1           2.024        32320         8080
       16160            2           0.702        64640        16160
       16160            4           0.832       129280        32320
       16160            8           1.162       258560        64640
       16160           16           1.794       517120       129280
       16160           32           3.076      1034240       258560
       16160           64          17.215      2068480       517120
       16160          128          11.123      4136960      1034240
       16160          256          21.513      8273920      2068480
       16160          512          42.226     16547840      4136960
       16160         1024          83.650     33095680      8273920
       16160         2048         169.734     66191360     16547840
       16160         4096         332.283    132382720     33095680
       16160         8192         669.227    264765440     66191360
       16160        16384        1332.261    529530880    132382720
       16160        32768        2665.653   1059061760    264765440
       16160        65536        5328.220   2118123520    529530880
       17776            1           2.926        35552         8888
       17776            2           0.702        71104        17776
       17776            4           0.902       142208        35552
       17776            8           1.213       284416        71104
       17776           16           2.215       568832       142208
       17776           32           3.347      1137664       284416
       17776           64           6.483      2275328       568832
       17776          128          12.174      4550656      1137664
       17776          256          23.338      9101312      2275328
       17776          512          46.154     18202624      4550656
       17776         1024          92.177     36405248      9101312
       17776         2048         186.759     72810496     18202624
       17776         4096         366.333    145620992     36405248
       17776         8192         738.948    291241984     72810496
       17776        16384        1470.280    582483968    145620992
       17776        32768        2941.162   1164967936    291241984
       19552            1           2.866        39104         9776
       19552            2           0.782        78208        19552
       19552            4           0.992       156416        39104
       19552            8           1.603       312832        78208
       19552           16           2.085       625664       156416
       19552           32           3.698      1251328       312832
       19552           64           6.884      2502656       625664
       19552          128          13.247      5005312      1251328
       19552          256          26.383     10010624      2502656
       19552          512          51.685     20021248      5005312
       19552         1024         102.397     40042496     10010624
       19552         2048         205.236     80084992     20021248
       19552         4096         420.422    160169984     40042496
       19552         8192         849.582    320339968     80084992
       19552        16384        1638.692    640679936    160169984
       19552        32768        3279.127   1281359872    320339968
       21504            1           3.637        43008        10752
       21504            2           0.751        86016        21504
       21504            4           1.052       172032        43008
       21504            8           1.382       344064        86016
       21504           16           2.224       688128       172032
       21504           32           3.898      1376256       344064
       21504           64           7.425      2752512       688128
       21504          128          14.811      5505024      1376256
       21504          256          28.357     11010048      2752512
       21504          512          70.593     22020096      5505024
       21504         1024         112.277     44040192     11010048
       21504         2048         223.994     88080384     22020096
       21504         4096         451.315    176160768     44040192
       21504         8192         897.279    352321536     88080384
       21504        16384        1804.688    704643072    176160768
       21504        32768        3608.795   1409286144    352321536
       23648            1           3.116        47296        11824
       23648            2           0.792        94592        23648
       23648            4           1.242       189184        47296
       23648            8           1.553       378368        94592
       23648           16           2.445       756736       189184
       23648           32           4.269      1513472       378368
       23648           64           8.156      3026944       756736
       23648          128          16.223      6053888      1513472
       23648          256          31.353     12107776      3026944
       23648          512          62.386     24215552      6053888
       23648         1024         123.851     48431104     12107776
       23648         2048         264.536     96862208     24215552
       23648         4096         494.192    193724416     48431104
       23648         8192         997.763    387448832     96862208
       23648        16384        1984.563    774897664    193724416
       23648        32768        3977.883   1549795328    387448832
       26000            1           4.389        52000        13000
       26000            2           0.852       104000        26000
       26000            4           1.152       208000        52000
       26000            8           1.643       416000       104000
       26000           16           2.635       832000       208000
       26000           32           5.020      1664000       416000
       26000           64           9.179      3328000       832000
       26000          128          17.495      6656000      1664000
       26000          256          34.069     13312000      3328000
       26000          512          67.216     26624000      6656000
       26000         1024         133.831     53248000     13312000
       26000         2048         280.809    106496000     26624000
       26000         4096         533.010    212992000     53248000
       26000         8192        1069.568    425984000    106496000
       26000        16384        2146.481    851968000    212992000
       26000        32768        4278.362   1703936000    425984000
       28592            1           4.389        57184        14296
       28592            2           0.881       114368        28592
       28592            4           1.182       228736        57184
       28592            8           1.703       457472       114368
       28592           16           3.196       914944       228736
       28592           32           5.361      1829888       457472
       28592           64          10.180      3659776       914944
       28592          128          19.559      7319552      1829888
       28592          256          37.907     14639104      3659776
       28592          512          75.623     29278208      7319552
       28592         1024         164.323     58556416     14639104
       28592         2048         299.247    117112832     29278208
       28592         4096         600.818    234225664     58556416
       28592         8192        1207.237    468451328    117112832
       28592        16384        2408.882    936902656    234225664
       28592        32768        4808.367   1873805312    468451328
       31440            1           6.212        62880        15720
       31440            2           1.053       125760        31440
       31440            4           1.283       251520        62880
       31440            8           1.854       503040       125760
       31440           16           3.137      1006080       251520
       31440           32           5.672      2012160       503040
       31440           64          11.092      4024320      1006080
       31440          128          21.433      8048640      2012160
       31440          256          42.817     16097280      4024320
       31440          512          97.237     32194560      8048640
       31440         1024         164.985     64389120     16097280
       31440         2048         329.538    128778240     32194560
       31440         4096         661.120    257556480     64389120
       31440         8192        1326.328    515112960    128778240
       31440        16384        2662.878   1030225920    257556480
       31440        32768        5352.930   2060451840    515112960
       34576            1           5.250        69152        17288
       34576            2           1.092       138304        34576
       34576            4           1.463       276608        69152
       34576            8           2.285       553216       138304
       34576           16           3.377      1106432       276608
       34576           32           6.463      2212864       553216
       34576           64          11.964      4425728      1106432
       34576          128          22.736      8851456      2212864
       34576          256          45.192     17702912      4425728
       34576          512          89.261     35405824      8851456
       34576         1024         178.051     70811648     17702912
       34576         2048         355.411    141623296     35405824
       34576         4096         713.928    283246592     70811648
       34576         8192        1428.656    566493184    141623296
       34576        16384        2850.418   1132986368    283246592
       38032            1           4.489        76064        19016
       38032            2           1.053       152128        38032
       38032            4           1.463       304256        76064
       38032            8           2.154       608512       152128
       38032           16           3.958      1217024       304256
       38032           32           6.984      2434048       608512
       38032           64          12.846      4868096      1217024
       38032          128          25.272      9736192      2434048
       38032          256          49.611     19472384      4868096
       38032          512          98.429     38944768      9736192
       38032         1024         195.927     77889536     19472384
       38032         2048         398.688    155779072     38944768
       38032         4096         782.496    311558144     77889536
       38032         8192        1568.790    623116288    155779072
       38032        16384        3133.612   1246232576    311558144
       41824            1           4.089        83648        20912
       41824            2           1.212       167296        41824
       41824            4           1.603       334592        83648
       41824            8           2.665       669184       167296
       41824           16           4.058      1338368       334592
       41824           32           7.726      2676736       669184
       41824           64          14.169      5353472      1338368
       41824          128          27.896     10706944      2676736
       41824          256          54.981     21413888      5353472
       41824          512         109.812     42827776     10706944
       41824         1024         219.365     85655552     21413888
       41824         2048         441.415    171311104     42827776
       41824         4096         881.376    342622208     85655552
       41824         8192        1749.496    685244416    171311104
       41824        16384        3511.297   1370488832    342622208
       46000            1           5.341        92000        23000
       46000            2           1.292       184000        46000
       46000            4           1.644       368000        92000
       46000            8           2.796       736000       184000
       46000           16           4.459      1472000       368000
       46000           32           8.477      2944000       736000
       46000           64          15.722      5888000      1472000
       46000          128          30.572     11776000      2944000
       46000          256          60.843     23552000      5888000
       46000          512         120.354     47104000     11776000
       46000         1024         257.903     94208000     23552000
       46000         2048         480.474    188416000     47104000
       46000         4096         967.330    376832000     94208000
       46000         8192        1930.443    753664000    188416000
       46000        16384        3868.862   1507328000    376832000
       50592            1           5.802       101184        25296
       50592            2           1.413       202368        50592
       50592            4           1.834       404736       101184
       50592            8           2.766       809472       202368
       50592           16           5.081      1618944       404736
       50592           32           8.838      3237888       809472
       50592           64          16.965      6475776      1618944
       50592          128          46.685     12951552      3237888
       50592          256          65.622     25903104      6475776
       50592          512         133.851     51806208     12951552
       50592         1024         260.538    103612416     25903104
       50592         2048         524.011    207224832     51806208
       50592         4096        1043.644    414449664    103612416
       50592         8192        2093.791    828899328    207224832
       50592        16384        4191.550   1657798656    414449664
       55648            1           5.862       111296        27824
       55648            2           1.433       222592        55648
       55648            4           2.014       445184       111296
       55648            8           3.026       890368       222592
       55648           16           5.250      1780736       445184
       55648           32          10.080      3561472       890368
       55648           64          18.948      7122944      1780736
       55648          128          52.056     14245888      3561472
       55648          256          72.998     28491776      7122944
       55648          512         146.847     56983552     14245888
       55648         1024         293.214    113967104     28491776
       55648         2048         586.829    227934208     56983552
       55648         4096        1164.549    455868416    113967104
       55648         8192        2329.750    911736832    227934208
       55648        16384        4660.350   1823473664    455868416
       61200            1           7.926       122400        30600
       61200            2           1.574       244800        61200
       61200            4           2.044       489600       122400
       61200            8           3.597       979200       244800
       61200           16           5.721      1958400       489600
       61200           32          10.912      3916800       979200
       61200           64          35.111      7833600      1958400
       61200          128          40.282     15667200      3916800
       61200          256          79.220     31334400      7833600
       61200          512         157.699     62668800     15667200
       61200         1024         317.703    125337600     31334400
       61200         2048         633.343    250675200     62668800
       61200         4096        1262.407    501350400    125337600
       61200         8192        2528.111   1002700800    250675200
       61200        16384        5044.418   2005401600    501350400
       67312            1           5.481       134624        33656
       67312            2           1.734       269248        67312
       67312            4           2.385       538496       134624
       67312            8           3.827      1076992       269248
       67312           16           6.613      2153984       538496
       67312           32          11.964      4307968      1076992
       67312           64          22.536      8615936      2153984
       67312          128          44.280     17231872      4307968
       67312          256          87.577     34463744      8615936
       67312          512         174.062     68927488     17231872
       67312         1024         348.576    137854976     34463744
       67312         2048         698.365    275709952     68927488
       67312         4096        1416.099    551419904    137854976
       67312         8192        2805.603   1102839808    275709952
       74032            1           6.693       148064        37016
       74032            2           1.753       296128        74032
       74032            4           2.535       592256       148064
       74032            8           4.028      1184512       296128
       74032           16           7.214      2369024       592256
       74032           32          13.507      4738048      1184512
       74032           64          25.672      9476096      2369024
       74032          128          50.052     18952192      4738048
       74032          256          99.521     37904384      9476096
       74032          512         198.172     75808768     18952192
       74032         1024         395.341    151617536     37904384
       74032         2048         791.232    303235072     75808768
       74032         4096        1583.217    606470144    151617536
       74032         8192        3153.848   1212940288    303235072
       81424            1           6.633       162848        40712
       81424            2           2.034       325696        81424
       81424            4           2.796       651392       162848
       81424            8           4.459      1302784       325696
       81424           16           7.726      2605568       651392
       81424           32          14.550      5211136      1302784
       81424           64          27.696     10422272      2605568
       81424          128          54.260     20844544      5211136
       81424          256         107.367     41689088     10422272
       81424          512         215.005     83378176     20844544
       81424         1024         428.658    166756352     41689088
       81424         2048         851.946    333512704     83378176
       81424         4096        1708.782    667025408    166756352
       81424         8192        3423.364   1334050816    333512704
       89552            1           7.896       179104        44776
       89552            2           1.954       358208        89552
       89552            4           2.926       716416       179104
       89552            8           4.759      1432832       358208
       89552           16           8.346      2865664       716416
       89552           32          15.671      5731328      1432832
       89552           64          30.582     11462656      2865664
       89552          128          75.884     22925312      5731328
       89552          256         121.537     45850624     11462656
       89552          512         235.477     91701248     22925312
       89552         1024         468.770    183402496     45850624
       89552         2048         941.948    366804992     91701248
       89552         4096        1885.940    733609984    183402496
       89552         8192        3766.239   1467219968    366804992
       98496            1           8.247       196992        49248
       98496            2           2.224       393984        98496
       98496            4           3.197       787968       196992
       98496            8           5.080      1575936       393984
       98496           16           9.349      3151872       787968
       98496           32          17.436      6303744      1575936
       98496           64          33.478     12607488      3151872
       98496          128          80.833     25214976      6303744
       98496          256         129.092     50429952     12607488
       98496          512         257.081    100859904     25214976
       98496         1024         514.863    201719808     50429952
       98496         2048        1038.805    403439616    100859904
       98496         4096        2061.656    806879232    201719808
       98496         8192        4124.896   1613758464    403439616
      108336            1          10.281       216672        54168
      108336            2           2.395       433344       108336
      108336            4           3.638       866688       216672
      108336            8           6.644      1733376       433344
      108336           16          10.361      3466752       866688
      108336           32          19.350      6933504      1733376
      108336           64          37.256     13867008      3466752
      108336          128          72.638     27734016      6933504
      108336          256         144.363     55468032     13867008
      108336          512         318.536    110936064     27734016
      108336         1024         574.624    221872128     55468032
      108336         2048        1153.486    443744256    110936064
      108336         4096        2312.364    887488512    221872128
      108336         8192        4602.924   1774977024    443744256
      119168            1           9.359       238336        59584
      119168            2           2.645       476672       119168
      119168            4           3.888       953344       238336
      119168            8           6.202      1906688       476672
      119168           16          11.163      3813376       953344
      119168           32          20.913      7626752      1906688
      119168           64          40.652     15253504      3813376
      119168          128          79.782     30507008      7626752
      119168          256         158.321     61014016     15253504
      119168          512         319.207    122028032     30507008
      119168         1024         630.697    244056064     61014016
      119168         2048        1264.732    488112128    122028032
      119168         4096        2527.299    976224256    244056064
      119168         8192        5072.545   1952448512    488112128
      131072            1          10.060       262144        65536
      131072            2           2.836       524288       131072
      131072            4           4.159      1048576       262144
      131072            8           6.774      2097152       524288
      131072           16          12.175      4194304      1048576
      131072           32          22.937      8388608      2097152
      131072           64          44.410     16777216      4194304
      131072          128          87.748     33554432      8388608
      131072          256         174.403     67108864     16777216
      131072          512         350.039    134217728     33554432
      131072         1024         702.894    268435456     67108864
      131072         2048        1396.048    536870912    134217728
      131072         4096        2782.447   1073741824    268435456
      131072         8192        5569.191   2147483648    536870912
      144176            1          10.892       288352        72088
      144176            2           3.066       576704       144176
      144176            4           4.710      1153408       288352
      144176            8           7.405      2306816       576704
      144176           16          13.687      4613632      1153408
      144176           32          25.522      9227264      2306816
      144176           64          49.340     18454528      4613632
      144176          128          97.388     36909056      9227264
      144176          256         192.059     73818112     18454528
      144176          512         385.341    147636224     36909056
      144176         1024         767.796    295272448     73818112
      144176         2048        1528.947    590544896    147636224
      144176         4096        3061.983   1181089792    295272448
      158592            1          11.243       317184        79296
      158592            2           3.257       634368       158592
      158592            4           5.221      1268736       317184
      158592            8           8.367      2537472       634368
      158592           16          14.619      5074944      1268736
      158592           32          27.676     10149888      2537472
      158592           64          53.869     20299776      5074944
      158592          128         121.296     40599552     10149888
      158592          256         213.562     81199104     20299776
      158592          512         418.718    162398208     40599552
      158592         1024         865.824    324796416     81199104
      158592         2048        1677.548    649592832    162398208
      158592         4096        3349.094   1299185664    324796416
      174448            1          12.726       348896        87224
      174448            2           3.477       697792       174448
      174448            4           5.461      1395584       348896
      174448            8           9.049      2791168       697792
      174448           16          16.133      5582336      1395584
      174448           32          30.211     11164672      2791168
      174448           64          58.458     22329344      5582336
      174448          128         115.243     44658688     11164672
      174448          256         229.094     89317376     22329344
      174448          512         467.096    178634752     44658688
      174448         1024         914.313    357269504     89317376
      174448         2048        1832.421    714539008    178634752
      174448         4096        3659.438   1429078016    357269504
      191888            1          13.116       383776        95944
      191888            2           3.998       767552       191888
      191888            4           5.802      1535104       383776
      191888            8          10.050      3070208       767552
      191888           16          17.736      6140416      1535104
      191888           32          33.228     12280832      3070208
      191888           64          64.411     24561664      6140416
      191888          128         126.917     49123328     12280832
      191888          256         252.000     98246656     24561664
      191888          512         505.954    196493312     49123328
      191888         1024        1005.466    392986624     98246656
      191888         2048        2012.985    785973248    196493312
      191888         4096        4022.883   1571946496    392986624
      211072            1          15.832       422144       105536
      211072            2           4.409       844288       211072
      211072            4           6.644      1688576       422144
      211072            8          10.902      3377152       844288
      211072           16          19.589      6754304      1688576
      211072           32          36.845     13508608      3377152
      211072           64          71.605     27017216      6754304
      211072          128         140.985     54034432     13508608
      211072          256         279.917    108068864     27017216
      211072          512         560.615    216137728     54034432
      211072         1024        1118.765    432275456    108068864
      211072         2048        2242.199    864550912    216137728
      211072         4096        4469.378   1729101824    432275456
      232176            1          14.720       464352       116088
      232176            2           4.539       928704       232176
      232176            4           7.255      1857408       464352
      232176            8          11.603      3714816       928704
      232176           16          21.263      7429632      1857408
      232176           32          39.891     14859264      3714816
      232176           64          77.727     29718528      7429632
      232176          128         152.950     59437056     14859264
      232176          256         306.671    118874112     29718528
      232176          512         608.902    237748224     59437056
      232176         1024        1215.470    475496448    118874112
      232176         2048        2435.269    950992896    237748224
      232176         4096        4863.966   1901985792    475496448
      255392            1          16.935       510784       127696
      255392            2           5.000      1021568       255392
      255392            4           7.856      2043136       510784
      255392            8          12.857      4086272      1021568
      255392           16          23.257      8172544      2043136
      255392           32          43.959     16345088      4086272
      255392           64         100.824     32690176      8172544
      255392          128         170.184     65380352     16345088
      255392          256         337.743    130760704     32690176
      255392          512         676.299    261521408     65380352
      255392         1024        1349.281    523042816    130760704
      255392         2048        2689.865   1046085632    261521408
      255392         4096        5391.213   2092171264    523042816
      280928            1          18.658       561856       140464
      280928            2           5.381      1123712       280928
      280928            4           8.276      2247424       561856
      280928            8          14.249      4494848      1123712
      280928           16          25.552      8989696      2247424
      280928           32          48.728     17979392      4494848
      280928           64          94.221     35958784      8989696
      280928          128         186.388     71917568     17979392
      280928          256         388.527    143835136     35958784
      280928          512         742.022    287670272     71917568
      280928         1024        1484.385    575340544    143835136
      280928         2048        2961.284   1150681088    287670272
      309008            1          20.502       618016       154504
      309008            2           6.142      1236032       309008
      309008            4           9.499      2472064       618016
      309008            8          15.942      4944128      1236032
      309008           16          28.036      9888256      2472064
      309008           32          53.178     19776512      4944128
      309008           64         118.570     39553024      9888256
      309008          128         205.567     79106048     19776512
      309008          256         406.924    158212096     39553024
      309008          512         816.823    316424192     79106048
      309008         1024        1645.019    632848384    158212096
      309008         2048        3254.518   1265696768    316424192
      339904            1          22.675       679808       169952
      339904            2           6.383      1359616       339904
      339904            4           9.800      2719232       679808
      339904            8          16.904      5438464      1359616
      339904           16          30.622     10876928      2719232
      339904           32          57.897     21753856      5438464
      339904           64         129.192     43507712     10876928
      339904          128         227.320     87015424     21753856
      339904          256         447.165    174030848     43507712
      339904          512         890.643    348061696     87015424
      339904         1024        1780.043    696123392    174030848
      339904         2048        3560.527   1392246784    348061696
      373888            1          23.207       747776       186944
      373888            2           7.155      1495552       373888
      373888            4          10.962      2991104       747776
      373888            8          18.507      5982208      1495552
      373888           16          34.009     11964416      2991104
      373888           32          65.022     23928832      5982208
      373888           64         140.414     47857664     11964416
      373888          128         249.866     95715328     23928832
      373888          256         499.572    191430656     47857664
      373888          512         989.984    382861312     95715328
      373888         1024        1983.425    765722624    191430656
      373888         2048        3960.747   1531445248    382861312
      411264            1          27.095       822528       205632
      411264            2           7.625      1645056       411264
      411264            4          12.325      3290112       822528
      411264            8          20.702      6580224      1645056
      411264           16          37.446     13160448      3290112
      411264           32          71.524     26320896      6580224
      411264           64         142.098     52641792     13160448
      411264          128         274.636    105283584     26320896
      411264          256         553.471    210567168     52641792
      411264          512        1092.121    421134336    105283584
      411264         1024        2180.254    842268672    210567168
      411264         2048        4355.557   1684537344    421134336
      452384            1          27.496       904768       226192
      452384            2           8.587      1809536       452384
      452384            4          13.417      3619072       904768
      452384            8          22.786      7238144      1809536
      452384           16          40.943     14476288      3619072
      452384           32          78.429     28952576      7238144
      452384           64         152.829     57905152     14476288
      452384          128         316.150    115810304     28952576
      452384          256         600.936    231620608     57905152
      452384          512        1204.629    463241216    115810304
      452384         1024        2399.838    926482432    231620608
      452384         2048        4808.544   1852964864    463241216
      497616            1          30.272       995232       248808
      497616            2           9.058      1990464       497616
      497616            4          14.048      3980928       995232
      497616            8          24.069      7961856      1990464
      497616           16          44.961     15923712      3980928
      497616           32          99.611     31847424      7961856
      497616           64         166.136     63694848     15923712
      497616          128         328.815    127389696     31847424
      497616          256         659.334    254779392     63694848
      497616          512        1308.058    509558784    127389696
      497616         1024        2617.839   1019117568    254779392
      497616         2048        5228.564   2038235136    509558784
      547376            1          32.085      1094752       273688
      547376            2          10.632      2189504       547376
      547376            4          16.122      4379008      1094752
      547376            8          27.306      8758016      2189504
      547376           16          49.481     17516032      4379008
      547376           32          94.721     35032064      8758016
      547376           64         185.195     70064128     17516032
      547376          128         371.301    140128256     35032064
      547376          256         725.860    280256512     70064128
      547376          512        1461.068    560513024    140128256
      547376         1024        2907.786   1121026048    280256512
      602112            1          36.083      1204224       301056
      602112            2          11.333      2408448       602112
      602112            4          17.816      4816896      1204224
      602112            8          29.459      9633792      2408448
      602112           16          54.711     19267584      4816896
      602112           32         104.432     38535168      9633792
      602112           64         203.402     77070336     19267584
      602112          128         419.529    154140672     38535168
      602112          256         802.484    308281344     77070336
      602112          512        1605.419    616562688    154140672
      602112         1024        3198.704   1233125376    308281344
      662320            1          39.920      1324640       331160
      662320            2          12.846      2649280       662320
      662320            4          19.489      5298560      1324640
      662320            8          32.776     10597120      2649280
      662320           16          60.231     21194240      5298560
      662320           32         114.682     42388480     10597120
      662320           64         223.822     84776960     21194240
      662320          128         453.097    169553920     42388480
      662320          256         891.694    339107840     84776960
      662320          512        1759.639    678215680    169553920
      662320         1024        3519.950   1356431360    339107840
      728544            1          45.803      1457088       364272
      728544            2          13.226      2914176       728544
      728544            4          20.832      5828352      1457088
      728544            8          35.151     11656704      2914176
      728544           16          65.212     23313408      5828352
      728544           32         124.923     46626816     11656704
      728544           64         255.788     93253632     23313408
      728544          128         505.422    186507264     46626816
      728544          256         962.958    373014528     93253632
      728544          512        1914.493    746029056    186507264
      728544         1024        3828.504   1492058112    373014528
      801392            1          47.225      1602784       400696
      801392            2          14.920      3205568       801392
      801392            4          22.666      6411136      1602784
      801392            8          39.090     12822272      3205568
      801392           16          72.006     25644544      6411136
      801392           32         136.766     51289088     12822272
      801392           64         271.289    102578176     25644544
      801392          128         533.069    205156352     51289088
      801392          256        1059.553    410312704    102578176
      801392          512        2113.144    820625408    205156352
      801392         1024        4229.255   1641250816    410312704
      881520            1          53.038      1763040       440760
      881520            2          16.073      3526080       881520
      881520            4          24.880      7052160      1763040
      881520            8          42.887     14104320      3526080
      881520           16          79.161     28208640      7052160
      881520           32         150.505     56417280     14104320
      881520           64         294.336    112834560     28208640
      881520          128         584.763    225669120     56417280
      881520          256        1167.542    451338240    112834560
      881520          512        2320.323    902676480    225669120
      881520         1024        4626.439   1805352960    451338240
      969664            1          56.654      1939328       484832
      969664            2          18.468      3878656       969664
      969664            4          27.736      7757312      1939328
      969664            8          47.256     15514624      3878656
      969664           16          86.946     31029248      7757312
      969664           32         165.845     62058496     15514624
      969664           64         332.833    124116992     31029248
      969664          128         644.043    248233984     62058496
      969664          256        1290.972    496467968    124116992
      969664          512        2552.353    992935936    248233984
      969664         1024        5103.704   1985871872    496467968
     1066624            1          64.380      2133248       533312
     1066624            2          20.671      4266496      1066624
     1066624            4          42.186      8532992      2133248
     1066624            8          53.137     17065984      4266496
     1066624           16         101.706     34131968      8532992
     1066624           32         187.038     68263936     17065984
     1066624           64         364.026    136527872     34131968
     1066624          128         729.576    273055744     68263936
     1066624          256        1439.713    546111488    136527872
     1066624          512        2873.272   1092222976    273055744
     1173280            1          66.284      2346560       586640
     1173280            2          25.301      4693120      1173280
     1173280            4          35.331      9386240      2346560
     1173280            8          60.282     18772480      4693120
     1173280           16         110.504     37544960      9386240
     1173280           32         211.097     75089920     18772480
     1173280           64         420.040    150179840     37544960
     1173280          128         815.189    300359680     75089920
     1173280          256        1627.141    600719360    150179840
     1173280          512        3242.820   1201438720    300359680
     1290608            1          72.417      2581216       645304
     1290608            2          26.964      5162432      1290608
     1290608            4          38.548     10324864      2581216
     1290608            8          66.024     20649728      5162432
     1290608           16         120.944     41299456     10324864
     1290608           32         231.097     82598912     20649728
     1290608           64         453.047    165197824     41299456
     1290608          128         894.078    330395648     82598912
     1290608          256        1784.300    660791296    165197824
     1290608          512        3543.348   1321582592    330395648
     1419664            1          86.284      2839328       709832
     1419664            2          29.520      5678656      1419664
     1419664            4          41.554     11357312      2839328
     1419664            8          71.515     22714624      5678656
     1419664           16         140.935     45429248     11357312
     1419664           32         250.176     90858496     22714624
     1419664           64         487.847    181716992     45429248
     1419664          128         967.417    363433984     90858496
     1419664          256        1928.281    726867968    181716992
     1419664          512        3840.258   1453735936    363433984
     1561616            1          92.097      3123232       780808
     1561616            2          32.125      6246464      1561616
     1561616            4          44.651     12492928      3123232
     1561616            8          76.825     24985856      6246464
     1561616           16         141.807     49971712     12492928
     1561616           32         274.926     99943424     24985856
     1561616           64         534.351    199886848     49971712
     1561616          128        1055.065    399773696     99943424
     1561616          256        2097.964    799547392    199886848
     1561616          512        4177.390   1599094784    399773696
     1717776            1         101.034      3435552       858888
     1717776            2          35.933      6871104      1717776
     1717776            4          51.374     13742208      3435552
     1717776            8          84.311     27484416      6871104
     1717776           16         155.755     54968832     13742208
     1717776           32         298.263    109937664     27484416
     1717776           64         585.284    219875328     54968832
     1717776          128        1158.483    439750656    109937664
     1717776          256        2312.036    879501312    219875328
     1717776          512        4594.704   1759002624    439750656
     1889552            1         110.213      3779104       944776
     1889552            2          37.215      7558208      1889552
     1889552            4          54.020     15116416      3779104
     1889552            8          94.040     30232832      7558208
     1889552           16         171.847     60465664     15116416
     1889552           32         336.381    120931328     30232832
     1889552           64         641.097    241862656     60465664
     1889552          128        1278.536    483725312    120931328
     1889552          256        2538.094    967450624    241862656
     1889552          512        5054.013   1934901248    483725312
     2078496            1         119.391      4156992      1039248
     2078496            2          41.835      8313984      2078496
     2078496            4          59.751     16627968      4156992
     2078496            8         102.297     33255936      8313984
     2078496           16         188.722     66511872     16627968
     2078496           32         362.874    133023744     33255936
     2078496           64         709.866    266047488     66511872
     2078496          128        1405.733    532094976    133023744
     2078496          256        2790.695   1064189952    266047488
     2078496          512        5565.668   2128379904    532094976
     2286336            1         133.249      4572672      1143168
     2286336            2          46.624      9145344      2286336
     2286336            4          67.336     18290688      4572672
     2286336            8         112.988     36581376      9145344
     2286336           16         207.580     73162752     18290688
     2286336           32         398.035    146325504     36581376
     2286336           64         776.740    292651008     73162752
     2286336          128        1544.693    585302016    146325504
     2286336          256        3066.448   1170604032    292651008
     2514960            1         144.703      5029920      1257480
     2514960            2          59.340     10059840      2514960
     2514960            4          71.214     20119680      5029920
     2514960            8         123.189     40239360     10059840
     2514960           16         227.590     80478720     20119680
     2514960           32         440.440    160957440     40239360
     2514960           64         860.459    321914880     80478720
     2514960          128        1699.756    643829760    160957440
     2514960          256        3500.055   1287659520    321914880
     2766448            1         164.032      5532896      1383224
     2766448            2          52.496     11065792      2766448
     2766448            4          78.720     22131584      5532896
     2766448            8         134.832     44263168     11065792
     2766448           16         260.437     88526336     22131584
     2766448           32         477.415    177052672     44263168
     2766448           64         935.832    354105344     88526336
     2766448          128        1857.023    708210688    177052672
     2766448          256        3696.181   1416421376    354105344
     3043088            1         177.749      6086176      1521544
     3043088            2          59.220     12172352      3043088
     3043088            4          87.367     24344704      6086176
     3043088            8         160.544     48689408     12172352
     3043088           16         275.426     97378816     24344704
     3043088           32         531.445    194757632     48689408
     3043088           64        1040.583    389515264     97378816
     3043088          128        2055.666    779030528    194757632
     3043088          256        4083.424   1558061056    389515264
     3347392            1         195.825      6694784      1673696
     3347392            2          63.037     13389568      3347392
     3347392            4          94.070     26779136      6694784
     3347392            8         162.519     53558272     13389568
     3347392           16         310.909    107116544     26779136
     3347392           32         575.945    214233088     53558272
     3347392           64        1131.567    428466176    107116544
     3347392          128        2244.056    856932352    214233088
     3347392          256        4457.872   1713864704    428466176
     3682128            1         237.801      7364256      1841064
     3682128            2          71.795     14728512      3682128
     3682128            4         107.126     29457024      7364256
     3682128            8         179.834     58914048     14728512
     3682128           16         331.650    117828096     29457024
     3682128           32         641.537    235656192     58914048
     3682128           64        1247.743    471312384    117828096
     3682128          128        2471.286    942624768    235656192
     3682128          256        4911.358   1885249536    471312384
     4050336            1         235.776      8100672      2025168
     4050336            2          77.437     16201344      4050336
     4050336            4         115.163     32402688      8100672
     4050336            8         199.283     64805376     16201344
     4050336           16         375.379    129610752     32402688
     4050336           32         704.875    259221504     64805376
     4050336           64        1379.068    518443008    129610752
     4050336          128        2727.333   1036886016    259221504
     4050336          256        5420.658   2073772032    518443008
     4455360            1         260.386      8910720      2227680
     4455360            2          91.896     17821440      4455360
     4455360            4         124.972     35642880      8910720
     4455360            8         216.487     71285760     17821440
     4455360           16         404.157    142571520     35642880
     4455360           32         773.353    285143040     71285760
     4455360           64        1514.381    570286080    142571520
     4455360          128        2992.089   1140572160    285143040
     4900896            1         307.030      9801792      2450448
     4900896            2          91.946     19603584      4900896
     4900896            4         138.440     39207168      9801792
     4900896            8         240.035     78414336     19603584
     4900896           16         488.959    156828672     39207168
     4900896           32         862.082    313657344     78414336
     4900896           64        1681.469    627314688    156828672
     4900896          128        3315.001   1254629376    313657344
     5390976            1         338.505     10781952      2695488
     5390976            2         102.648     21563904      5390976
     5390976            4         153.450     43127808     10781952
     5390976            8         269.365     86255616     21563904
     5390976           16         491.463    172511232     43127808
     5390976           32         940.481    345022464     86255616
     5390976           64        1844.749    690044928    172511232
     5390976          128        3638.315   1380089856    345022464
     5930064            1         363.665     11860128      2965032
     5930064            2         110.373     23720256      5930064
     5930064            4         166.537     47440512     11860128
     5930064            8         289.145     94881024     23720256
     5930064           16         539.069    189762048     47440512
     5930064           32        1027.126    379524096     94881024
     5930064           64        2007.508    759048192    189762048
     5930064          128        3982.040   1518096384    379524096
     6523056            1         392.894     13046112      3261528
     6523056            2         122.478     26092224      6523056
     6523056            4         185.605     52184448     13046112
     6523056            8         319.896    104368896     26092224
     6523056           16         595.554    208737792     52184448
     6523056           32        1136.568    417475584    104368896
     6523056           64        2229.637    834951168    208737792
     6523056          128        4404.344   1669902336    417475584
     7175360            1         422.955     14350720      3587680
     7175360            2         143.490     28701440      7175360
     7175360            4         206.508     57402880     14350720
     7175360            8         350.098    114805760     28701440
     7175360           16         652.579    229611520     57402880
     7175360           32        1244.506    459223040    114805760
     7175360           64        2429.561    918446080    229611520
     7175360          128        4835.144   1836892160    459223040
     7892896            1         490.851     15785792      3946448
     7892896            2         190.074     31571584      7892896
     7892896            4         227.019     63143168     15785792
     7892896            8         396.812    126286336     31571584
     7892896           16         725.806    252572672     63143168
     7892896           32        1390.209    505145344    126286336
     7892896           64        2689.142   1010290688    252572672
     7892896          128        5340.428   2020581376    505145344
     8682176            1         499.209     17364352      4341088
     8682176            2         295.176     34728704      8682176
     8682176            4         280.477     69457408     17364352
     8682176            8         486.803    138914816     34728704
     8682176           16         861.130    277829632     69457408
     8682176           32        1679.373    555659264    138914816
     8682176           64        3245.226   1111318528    277829632
     9550384            1         577.597     19100768      4775192
     9550384            2         799.926     38201536      9550384
     9550384            4        1075.152     76403072     19100768
     9550384            8        1810.968    152806144     38201536
     9550384           16        3404.648    305612288     76403072
     9550384           32        6219.594    611224576    152806144
     9550384           64       11486.324   1222449152    305612288
    10505408            1         628.399     21010816      5252704
    10505408            2        1148.510     42021632     10505408
    10505408            4        1652.208     84043264     21010816
    10505408            8        2855.318    168086528     42021632
    10505408           16        5275.417    336173056     84043264
    10505408           32       10002.135    672346112    168086528
    10505408           64       19438.948   1344692224    336173056
    11555936            1         698.181     23111872      5777968
    11555936            2        1317.271     46223744     11555936
    11555936            4        2044.170     92447488     23111872
    11555936            8        3562.887    184894976     46223744
    11555936           16        6528.207    369789952     92447488
    11555936           32       12544.691    739579904    184894976
    11555936           64       24411.463   1479159808    369789952
    12711520            1         785.838     25423040      6355760
    12711520            2        1519.219     50846080     12711520
    12711520            4        2376.571    101692160     25423040
    12711520            8        4096.085    203384320     50846080
    12711520           16        7500.221    406768640    101692160
    12711520           32       14304.025    813537280    203384320
    12711520           64       27996.766   1627074560    406768640
    13982672            1         825.387     27965344      6991336
    13982672            2        1693.712     55930688     13982672
    13982672            4        2634.993    111861376     27965344
    13982672            8        4487.315    223722752     55930688
    13982672           16        9152.750    447445504    111861376
    13982672           32       16241.510    894891008    223722752
    13982672           64       30680.828   1789782016    447445504
    15380928            1         918.015     30761856      7690464
    15380928            2        1837.402     61523712     15380928
    15380928            4        2909.116    123047424     30761856
    15380928            8        4970.170    246094848     61523712
    15380928           16        9097.047    492189696    123047424
    15380928           32       17422.445    984379392    246094848
    15380928           64       33871.493   1968758784    492189696
    16919008            1        1007.054     33838016      8459504
    16919008            2        2037.105     67676032     16919008
    16919008            4        3199.363    135352064     33838016
    16919008            8        5416.652    270704128     67676032
    16919008           16       10059.251    541408256    135352064
    16919008           32       19049.492   1082816512    270704128
    18610896            1        1102.817     37221792      9305448
    18610896            2        2235.516     74443584     18610896
    18610896            4        3517.325    148887168     37221792
    18610896            8        5963.507    297774336     74443584
    18610896           16       10953.407    595548672    148887168
    18610896           32       21001.105   1191097344    297774336
    20471984            1        1213.179     40943968     10235992
    20471984            2        2403.472     81887936     20471984
    20471984            4        3790.462    163775872     40943968
    20471984            8        6444.259    327551744     81887936
    20471984           16       11682.734    655103488    163775872
    20471984           32       23991.803   1310206976    327551744
    22519168            1        1351.288     45038336     11259584
    22519168            2        2658.778     90076672     22519168
    22519168            4        4133.044    180153344     45038336
    22519168            8        7085.423    360306688     90076672
    22519168           16       12853.137    720613376    180153344
    22519168           32       24731.426   1441226752    360306688
    24771072            1        1478.195     49542144     12385536
    24771072            2        2931.748     99084288     24771072
    24771072            4        4556.287    198168576     49542144
    24771072            8        7774.024    396337152     99084288
    24771072           16       14313.294    792674304    198168576
    24771072           32       27368.950   1585348608    396337152
    27248176            1        1602.215     54496352     13624088
    27248176            2        3215.502    108992704     27248176
    27248176            4        5046.407    217985408     54496352
    27248176            8        8525.410    435970816    108992704
    27248176           16       15751.908    871941632    217985408
    27248176           32       29903.086   1743883264    435970816
    29972992            1        1777.749     59945984     14986496
    29972992            2        3701.933    119891968     29972992
    29972992            4        5515.243    239783936     59945984
    29972992            8        9464.216    479567872    119891968
    29972992           16       17603.868    959135744    239783936
    29972992           32       34421.729   1918271488    479567872
    32970288            1        2024.937     65940576     16485144
    32970288            2        3895.624    131881152     32970288
    32970288            4        6059.282    263762304     65940576
    32970288            8       10366.737    527524608    131881152
    32970288           16       18998.322   1055049216    263762304
    32970288           32       36391.735   2110098432    527524608
    36267312            1        2152.005     72534624     18133656
    36267312            2        4300.452    145069248     36267312
    36267312            4        6695.426    290138496     72534624
    36267312            8       11418.180    580276992    145069248
    36267312           16       21186.370   1160553984    290138496
    39894032            1        2406.438     79788064     19947016
    39894032            2        4745.390    159576128     39894032
    39894032            4        7337.071    319152256     79788064
    39894032            8       12576.138    638304512    159576128
    39894032           16       23056.797   1276609024    319152256
    43883424            1        2614.144     87766848     21941712
    43883424            2        5306.025    175533696     43883424
    43883424            4        8065.231    351067392     87766848
    43883424            8       15037.636    702134784    175533696
    43883424           16       25853.035   1404269568    351067392
    48271760            1        2866.042     96543520     24135880
    48271760            2        5768.568    193087040     48271760
    48271760            4        8851.698    386174080     96543520
    48271760            8       15140.525    772348160    193087040
    48271760           16       27737.397   1544696320    386174080
    53098928            1        3147.830    106197856     26549464
    53098928            2        6329.028    212395712     53098928
    53098928            4        9770.230    424791424    106197856
    53098928            8       16747.106    849582848    212395712
    53098928           16       30739.984   1699165696    424791424
    58408816            1        3470.210    116817632     29204408
    58408816            2        6978.028    233635264     58408816
    58408816            4       10760.679    467270528    116817632
    58408816            8       18533.549    934541056    233635264
    58408816           16       34018.869   1869082112    467270528
    64249696            1        3800.968    128499392     32124848
    64249696            2        8869.854    256998784     64249696
    64249696            4       12543.305    513997568    128499392
    64249696            8       20470.307   1027995136    256998784
    64249696           16       37533.190   2055990272    513997568
    70674656            1        4227.980    141349312     35337328
    70674656            2        8451.059    282698624     70674656
    70674656            4       13093.976    565397248    141349312
    70674656            8       22360.099   1130794496    282698624
    77742112            1        4598.547    155484224     38871056
    77742112            2        9301.575    310968448     77742112
    77742112            4       14289.527    621936896    155484224
    77742112            8       24482.030   1243873792    310968448
    85516320            1        5033.454    171032640     42758160
    85516320            2       10125.526    342065280     85516320
    85516320            4       15853.893    684130560    171032640
    85516320            8       27067.640   1368261120    342065280
    94067952            1        5779.122    188135904     47033976
    94067952            2       11858.788    376271808     94067952
    94067952            4       17359.738    752543616    188135904
    94067952            8       29859.789   1505087232    376271808
   103474736            1        6114.618    206949472     51737368
   103474736            2       12376.121    413898944    103474736
   103474736            4       19108.935    827797888    206949472
   103474736            8       32582.508   1655595776    413898944
   113822208            1        6748.164    227644416     56911104
   113822208            2       13533.153    455288832    113822208
   113822208            4       21141.653    910577664    227644416
   113822208            8       35712.629   1821155328    455288832
   125204416            1        7471.362    250408832     62602208
   125204416            2       14839.266    500817664    125204416
   125204416            4       23145.453   1001635328    250408832
   125204416            8       39726.881   2003270656    500817664
   137724848            1        8170.963    275449696     68862424
   137724848            2       16309.941    550899392    137724848
   137724848            4       25521.944   1101798784    275449696
   151497328            1        9012.239    302994656     75748664
   151497328            2       17976.301    605989312    151497328
   151497328            4       27929.558   1211978624    302994656
   166647056            1        9903.616    333294112     83323528
   166647056            2       19749.105    666588224    166647056
   166647056            4       30542.776   1333176448    333294112
   183311760            1       10899.178    366623520     91655880
   183311760            2       21742.065    733247040    183311760
   183311760            4       33785.889   1466494080    366623520
   201642928            1       11999.616    403285856    100821464
   201642928            2       24163.223    806571712    201642928
   201642928            4       37262.594   1613143424    403285856
   221807216            1       13168.821    443614432    110903608
   221807216            2       26515.432    887228864    221807216
   221807216            4       41188.153   1774457728    443614432
   243987936            1       14521.938    487975872    121993968
   243987936            2       29046.992    975951744    243987936
   243987936            4       45180.156   1951903488    487975872
   268386720            1       16625.556    536773440    134193360
   268386720            2       31957.546   1073546880    268386720
   268386720            4       49525.200   2147093760    536773440
   295225392            1       17477.222    590450784    147612696
   295225392            2       35014.124   1180901568    295225392
   324747920            1       19207.668    649495840    162373960
   324747920            2       38559.798   1298991680    324747920
   357222704            1       21272.240    714445408    178611352
   357222704            2       42420.800   1428890816    357222704
   392944960            1       23334.582    785889920    196472480
   392944960            2       46693.153   1571779840    392944960
   432239456            1       25542.388    864478912    216119728
   432239456            2       51016.076   1728957824    432239456
   475463392            1       28026.529    950926784    237731696
   475463392            2       56276.438   1901853568    475463392
   523009728            1       32234.842   1046019456    261504864
   523009728            2       62684.390   2092038912    523009728
   575310688            1       34034.305   1150621376    287655344
   632841744            1       37539.352   1265683488    316420872
   696125904            1       41216.195   1392251808    348062952
   765738480            1       45550.252   1531476960    382869240
   842312320            1       49789.463   1684624640    421156160
   926543552            1       54694.301   1853087104    463271776
  1019197904            1       60647.099   2038395808    509598952

META_DATA
FLOPS          4
OPENMP_THREADS 2
ERT_VERSION  1.1.0
HOSTNAME  ('cachyos-laptop', [], ['127.0.1.1'])
UNAME  uname_result(system='Linux', node='cachyos-laptop', release='6.18.0-2-cachyos', version='#1 SMP PREEMPT_DYNAMIC Sat, 06 Dec 2025 07:42:36 +0000', machine='x86_64')
TIMESTAMP_DATA  1765908128.372928
CONFIG  {'ERT_MPI': ['False'], 'ERT_OPENMP': ['True'], 'ERT_OPENMP_CFLAGS': ['-fopenmp'], 'ERT_OPENMP_LDFLAGS': ['-fopenmp'], 'ERT_PRECISION': ['FP64'], 'ERT_TRIALS_MIN': ['1'], 'ERT_TRIALS': ['3', '#', 'Run', 'each', 'test', '3', 'times', 'to', 'filter', 'out', 'background', 'noise'], 'ERT_RESULTS': ['Results/5500U'], 'ERT_GNUPLOT': ['gnuplot'], 'ERT_DRIVER': ['driver1'], 'ERT_KERNEL': ['kernel1'], 'ERT_CC': ['g++'], 'ERT_LD': ['g++'], 'ERT_CFLAGS': ['-O3', '-march=native', '-fopenmp', '-fstrict-aliasing', '-funroll-loops', '-Wno-all'], 'ERT_LDFLAGS': ['-O3', '-march=native', '-fopenmp'], 'ERT_LDLIBS': ['-lm'], 'ERT_RUN': ['export', 'OMP_NUM_THREADS=ERT_OPENMP_THREADS;', './ERT_CODE'], 'ERT_WORKING_SET_MIN': ['128'], 'ERT_MEMORY_MAX': ['1073741824'], 'ERT_ALIGN': ['64'], 'ERT_MIN_PROCS': ['1'], 'ERT_MAX_PROCS': ['1'], 'ERT_OPENMP_THREADS': ['1,2,4,8,12', '#', 'Logical', 'Threads'], 'ERT_NUM_EXPERIMENTS': ['5'], 'ERT_FLOPS': ['1,2,4,8'], 'ERT_GPU': [False], 'ERT_HIP': [False], 'ERT_OCL': [False], 'ERT_SYCL': [False], 'ERT_WSS_MULT': [1.1]}
