fp64
        2048            1           1.062         4096         1024
        2048            2           0.431         8192         2048
        2048            4           0.851        16384         4096
        2048            8           0.501        32768         8192
        2048           16           0.591        65536        16384
        2048           32           0.702       131072        32768
        2048           64           1.033       262144        65536
        2048          128           1.664       524288       131072
        2048          256           3.026      1048576       262144
        2048          512           5.751      2097152       524288
        2048         1024          11.123      4194304      1048576
        2048         2048          22.035      8388608      2097152
        2048         4096          43.399     16777216      4194304
        2048         8192          86.047     33554432      8388608
        2048        16384         171.972     67108864     16777216
        2048        32768         346.991    134217728     33554432
        2048        65536         687.720    268435456     67108864
        2048       131072        1372.823    536870912    134217728
        2048       262144        2747.581   1073741824    268435456
        2048       524288        5497.377   2147483648    536870912
        2240            1           2.385         4480         1120
        2240            2           0.451         8960         2240
        2240            4           0.542        17920         4480
        2240            8           0.511        35840         8960
        2240           16           0.661        71680        17920
        2240           32           0.801       143360        35840
        2240           64           1.123       286720        71680
        2240          128           1.824       573440       143360
        2240          256           3.537      1146880       286720
        2240          512           6.423      2293760       573440
        2240         1024          12.144      4587520      1146880
        2240         2048          23.618      9175040      2293760
        2240         4096          46.405     18350080      4587520
        2240         8192          91.888     36700160      9175040
        2240        16384         183.856     73400320     18350080
        2240        32768         369.588    146800640     36700160
        2240        65536         736.440    293601280     73400320
        2240       131072        1476.096    587202560    146800640
        2240       262144        2945.207   1174405120    293601280
        2464            1           2.605         4928         1232
        2464            2           0.621         9856         2464
        2464            4           0.662        19712         4928
        2464            8           0.812        39424         9856
        2464           16           0.601        78848        19712
        2464           32           0.791       157696        39424
        2464           64           1.192       315392        78848
        2464          128           2.284       630784       157696
        2464          256           3.577      1261568       315392
        2464          512           7.054      2523136       630784
        2464         1024          13.137      5046272      1261568
        2464         2048          25.782     10092544      2523136
        2464         4096          51.967     20185088      5046272
        2464         8192         102.781     40370176     10092544
        2464        16384         204.038     80740352     20185088
        2464        32768         416.323    161480704     40370176
        2464        65536         820.782    322961408     80740352
        2464       131072        1634.680    645922816    161480704
        2464       262144        3272.367   1291845632    322961408
        2704            1           2.636         5408         1352
        2704            2           0.461        10816         2704
        2704            4           0.481        21632         5408
        2704            8           0.812        43264        10816
        2704           16           0.601        86528        21632
        2704           32           0.832       173056        43264
        2704           64           1.263       346112        86528
        2704          128           2.446       692224       173056
        2704          256           3.908      1384448       346112
        2704          512           7.726      2768896       692224
        2704         1024          14.810      5537792      1384448
        2704         2048          28.849     11075584      2768896
        2704         4096          57.057     22151168      5537792
        2704         8192         113.462     44302336     11075584
        2704        16384         239.852     88604672     22151168
        2704        32768         451.887    177209344     44302336
        2704        65536         908.152    354418688     88604672
        2704       131072        1814.219    708837376    177209344
        2704       262144        3659.992   1417674752    354418688
        2960            1           3.707         5920         1480
        2960            2           0.461        11840         2960
        2960            4           0.491        23680         5920
        2960            8           0.551        47360        11840
        2960           16           0.672        94720        23680
        2960           32           0.872       189440        47360
        2960           64           1.393       378880        94720
        2960          128           2.315       757760       189440
        2960          256           4.249      1515520       378880
        2960          512           8.367      3031040       757760
        2960         1024          16.023      6062080      1515520
        2960         2048          31.395     12124160      3031040
        2960         4096          62.618     24248320      6062080
        2960         8192         124.555     48496640     12124160
        2960        16384         248.249     96993280     24248320
        2960        32768         504.364    193986560     48496640
        2960        65536        1045.392    387973120     96993280
        2960       131072        1991.061    775946240    193986560
        2960       262144        3979.416   1551892480    387973120
        3248            1           2.365         6496         1624
        3248            2           0.502        12992         3248
        3248            4           0.732        25984         6496
        3248            8           0.562        51968        12992
        3248           16           0.691       103936        25984
        3248           32           0.922       207872        51968
        3248           64           1.453       415744       103936
        3248          128           2.866       831488       207872
        3248          256           4.740      1662976       415744
        3248          512           9.390      3325952       831488
        3248         1024          18.087      6651904      1662976
        3248         2048          35.463     13303808      3325952
        3248         4096          70.234     26607616      6651904
        3248         8192         139.757     53215232     13303808
        3248        16384         278.861    106430464     26607616
        3248        32768         560.499    212860928     53215232
        3248        65536        1118.833    425721856    106430464
        3248       131072        2237.566    851443712    212860928
        3248       262144        4471.615   1702887424    425721856
        3568            1           2.956         7136         1784
        3568            2           0.551        14272         3568
        3568            4           0.611        28544         7136
        3568            8           0.601        57088        14272
        3568           16           0.711       114176        28544
        3568           32           1.012       228352        57088
        3568           64           1.644       456704       114176
        3568          128           2.906       913408       228352
        3568          256           5.081      1826816       456704
        3568          512           9.740      3653632       913408
        3568         1024          19.310      7307264      1826816
        3568         2048          37.787     14614528      3653632
        3568         4096          75.034     29229056      7307264
        3568         8192         148.816     58458112     14614528
        3568        16384         311.277    116916224     29229056
        3568        32768         598.757    233832448     58458112
        3568        65536        1207.876    467664896    116916224
        3568       131072        2389.067    935329792    233832448
        3568       262144        4780.027   1870659584    467664896
        3920            1           2.095         7840         1960
        3920            2           0.852        15680         3920
        3920            4           0.561        31360         7840
        3920            8           0.661        62720        15680
        3920           16           0.711       125440        31360
        3920           32           1.012       250880        62720
        3920           64           1.634       501760       125440
        3920          128           2.976      1003520       250880
        3920          256           5.872      2007040       501760
        3920          512          11.083      4014080      1003520
        3920         1024          21.133      8028160      2007040
        3920         2048          42.257     16056320      4014080
        3920         4096          83.802     32112640      8028160
        3920         8192         180.961     64225280     16056320
        3920        16384         333.143    128450560     32112640
        3920        32768         672.378    256901120     64225280
        3920        65536        1336.008    513802240    128450560
        3920       131072        2696.717   1027604480    256901120
        3920       262144        5344.073   2055208960    513802240
        4304            1          15.632         8608         2152
        4304            2           0.491        17216         4304
        4304            4           0.511        34432         8608
        4304            8           0.571        68864        17216
        4304           16           0.792       137728        34432
        4304           32           1.113       275456        68864
        4304           64           1.774       550912       137728
        4304          128           3.127      1101824       275456
        4304          256           5.872      2203648       550912
        4304          512          11.744      4407296      1101824
        4304         1024          23.037      8814592      2203648
        4304         2048          45.744     17629184      4407296
        4304         4096          91.417     35258368      8814592
        4304         8192         182.073     70516736     17629184
        4304        16384         363.154    141033472     35258368
        4304        32768         735.728    282066944     70516736
        4304        65536        1458.739    564133888    141033472
        4304       131072        2956.059   1128267776    282066944
        4720            1           2.305         9440         2360
        4720            2           0.501        18880         4720
        4720            4           0.651        37760         9440
        4720            8           0.681        75520        18880
        4720           16           0.782       151040        37760
        4720           32           1.162       302080        75520
        4720           64           1.924       604160       151040
        4720          128           3.447      1208320       302080
        4720          256           6.834      2416640       604160
        4720          512          12.956      4833280      1208320
        4720         1024          25.242      9666560      2416640
        4720         2048          49.852     19333120      4833280
        4720         4096          99.354     38666240      9666560
        4720         8192         197.856     77332480     19333120
        4720        16384         397.945    154664960     38666240
        4720        32768         794.246    309329920     77332480
        4720        65536        1583.313    618659840    154664960
        4720       131072        3173.129   1237319680    309329920
        5184            1           5.040        10368         2592
        5184            2           0.572        20736         5184
        5184            4           0.652        41472        10368
        5184            8           0.712        82944        20736
        5184           16           0.812       165888        41472
        5184           32           1.513       331776        82944
        5184           64           2.064       663552       165888
        5184          128           4.018      1327104       331776
        5184          256           7.355      2654208       663552
        5184          512          27.717      5308416      1327104
        5184         1024          27.176     10616832      2654208
        5184         2048          53.630     21233664      5308416
        5184         4096         106.488     42467328     10616832
        5184         8192         214.920     84934656     21233664
        5184        16384         423.608    169869312     42467328
        5184        32768         853.097    339738624     84934656
        5184        65536        1704.761    679477248    169869312
        5184       131072        3443.272   1358954496    339738624
        5696            1           3.196        11392         2848
        5696            2           0.471        22784         5696
        5696            4           0.532        45568        11392
        5696            8           0.632        91136        22784
        5696           16           0.862       182272        45568
        5696           32           1.603       364544        91136
        5696           64           2.224       729088       182272
        5696          128           4.349      1458176       364544
        5696          256           7.987      2916352       729088
        5696          512          14.951      5832704      1458176
        5696         1024          29.631     11665408      2916352
        5696         2048          59.061     23330816      5832704
        5696         4096         117.441     46661632     11665408
        5696         8192         248.248     93323264     23330816
        5696        16384         467.788    186646528     46661632
        5696        32768         940.185    373293056     93323264
        5696        65536        1879.619    746586112    186646528
        5696       131072        3754.209   1493172224    373293056
        6256            1           2.926        12512         3128
        6256            2           0.521        25024         6256
        6256            4           0.661        50048        12512
        6256            8           0.962       100096        25024
        6256           16           0.912       200192        50048
        6256           32           1.423       400384       100096
        6256           64           2.425       800768       200192
        6256          128           4.459      1601536       400384
        6256          256           8.818      3203072       800768
        6256          512          16.614      6406144      1601536
        6256         1024          33.098     12812288      3203072
        6256         2048          65.534     25624576      6406144
        6256         4096         130.287     51249152     12812288
        6256         8192         274.212    102498304     25624576
        6256        16384         521.118    204996608     51249152
        6256        32768        1048.017    409993216    102498304
        6256        65536        2084.148    819986432    204996608
        6256       131072        4169.178   1639972864    409993216
        6880            1           2.856        13760         3440
        6880            2           0.571        27520         6880
        6880            4           0.682        55040        13760
        6880            8           0.732       110080        27520
        6880           16           1.012       220160        55040
        6880           32           1.563       440320       110080
        6880           64           2.695       880640       220160
        6880          128           4.910      1761280       440320
        6880          256           9.640      3522560       880640
        6880          512          18.638      7045120      1761280
        6880         1024          36.585     14090240      3522560
        6880         2048          75.695     28180480      7045120
        6880         4096         144.526     56360960     14090240
        6880         8192         300.585    112721920     28180480
        6880        16384         575.990    225443840     56360960
        6880        32768        1157.009    450887680    112721920
        6880        65536        2314.881    901775360    225443840
        6880       131072        4622.857   1803550720    450887680
        7568            1           3.287        15136         3784
        7568            2           0.511        30272         7568
        7568            4           0.581        60544        15136
        7568            8           0.742       121088        30272
        7568           16           1.022       242176        60544
        7568           32           1.934       484352       121088
        7568           64           2.846       968704       242176
        7568          128           5.582      1937408       484352
        7568          256          10.461      3874816       968704
        7568          512          20.182      7749632      1937408
        7568         1024          39.631     15499264      3874816
        7568         2048          78.561     30998528      7749632
        7568         4096         171.521     61997056     15499264
        7568         8192         311.879    123994112     30998528
        7568        16384         629.089    247988224     61997056
        7568        32768        1255.532    495976448    123994112
        7568        65536        2500.601    991952896    247988224
        7568       131072        5007.425   1983905792    495976448
        8320            1           2.706        16640         4160
        8320            2           0.632        33280         8320
        8320            4           0.601        66560        16640
        8320            8           0.771       133120        33280
        8320           16           1.082       266240        66560
        8320           32           1.733       532480       133120
        8320           64           3.427      1064960       266240
        8320          128           6.163      2129920       532480
        8320          256          11.584      4259840      1064960
        8320          512          22.015      8519680      2129920
        8320         1024          43.649     17039360      4259840
        8320         2048         102.310     34078720      8519680
        8320         4096         173.906     68157440     17039360
        8320         8192         349.276    136314880     34078720
        8320        16384         697.729    272629760     68157440
        8320        32768        1395.047    545259520    136314880
        8320        65536        2794.703   1090519040    272629760
        9152            1           2.946        18304         4576
        9152            2           0.561        36608         9152
        9152            4           0.712        73216        18304
        9152            8           0.822       146432        36608
        9152           16           1.173       292864        73216
        9152           32           1.904       585728       146432
        9152           64           3.407      1171456       292864
        9152          128           6.273      2342912       585728
        9152          256          12.405      4685824      1171456
        9152          512          24.109      9371648      2342912
        9152         1024          47.517     18743296      4685824
        9152         2048          94.303     37486592      9371648
        9152         4096         201.232     74973184     18743296
        9152         8192         375.289    149946368     37486592
        9152        16384         753.033    299892736     74973184
        9152        32768        1507.558    599785472    149946368
        9152        65536        3009.914   1199570944    299892736
       10064            1           4.289        20128         5032
       10064            2           0.681        40256        10064
       10064            4           0.661        80512        20128
       10064            8           0.851       161024        40256
       10064           16           1.262       322048        80512
       10064           32           2.085       644096       161024
       10064           64           4.028      1288192       322048
       10064          128           6.924      2576384       644096
       10064          256          13.919      5152768      1288192
       10064          512          26.925     10305536      2576384
       10064         1024          53.229     20611072      5152768
       10064         2048         106.268     41222144     10305536
       10064         4096         212.285     82444288     20611072
       10064         8192         423.758    164888576     41222144
       10064        16384         852.515    329777152     82444288
       10064        32768        1708.088    659554304    164888576
       10064        65536        3403.300   1319108608    329777152
       11056            1           2.976        22112         5528
       11056            2           0.601        44224        11056
       11056            4           0.701        88448        22112
       11056            8           0.911       176896        44224
       11056           16           1.353       353792        88448
       11056           32           2.265       707584       176896
       11056           64           4.079      1415168       353792
       11056          128           7.706      2830336       707584
       11056          256          15.281      5660672      1415168
       11056          512          29.381     11321344      2830336
       11056         1024          62.057     22642688      5660672
       11056         2048         117.200     45285376     11321344
       11056         4096         233.719     90570752     22642688
       11056         8192         477.417    181141504     45285376
       11056        16384         938.803    362283008     90570752
       11056        32768        1875.942    724566016    181141504
       11056        65536        3744.088   1449132032    362283008
       12160            1           3.517        24320         6080
       12160            2           0.602        48640        12160
       12160            4           0.732        97280        24320
       12160            8           0.952       194560        48640
       12160           16           1.433       389120        97280
       12160           32           2.435       778240       194560
       12160           64           4.720      1556480       389120
       12160          128           8.678      3112960       778240
       12160          256          16.594      6225920      1556480
       12160          512          32.486     12451840      3112960
       12160         1024          64.131     24903680      6225920
       12160         2048         142.362     49807360     12451840
       12160         4096         254.702     99614720     24903680
       12160         8192         510.135    199229440     49807360
       12160        16384        1023.907    398458880     99614720
       12160        32768        2042.543    796917760    199229440
       12160        65536        4145.630   1593835520    398458880
       13376            1           3.457        26752         6688
       13376            2           0.701        53504        13376
       13376            4           0.742       107008        26752
       13376            8           1.002       214016        53504
       13376           16           1.523       428032       107008
       13376           32           2.885       856064       214016
       13376           64           4.730      1712128       428032
       13376          128           9.299      3424256       856064
       13376          256          17.877      6848512      1712128
       13376          512          34.722     13697024      3424256
       13376         1024          68.921     27394048      6848512
       13376         2048         153.084     54788096     13697024
       13376         4096         275.204    109576192     27394048
       13376         8192         554.024    219152384     54788096
       13376        16384        1108.570    438304768    109576192
       13376        32768        2209.104    876609536    219152384
       13376        65536        4423.419   1753219072    438304768
       14704            1           3.898        29408         7352
       14704            2           0.631        58816        14704
       14704            4           0.802       117632        29408
       14704            8           1.062       235264        58816
       14704           16           1.704       470528       117632
       14704           32           2.826       941056       235264
       14704           64           5.501      1882112       470528
       14704          128          10.201      3764224       941056
       14704          256          19.630      7528448      1882112
       14704          512          38.539     15056896      3764224
       14704         1024          76.035     30113792      7528448
       14704         2048         151.511     60227584     15056896
       14704         4096         343.804    120455168     30113792
       14704         8192         605.230    240910336     60227584
       14704        16384        1220.299    481820672    120455168
       14704        32768        2429.526    963641344    240910336
       14704        65536        4884.192   1927282688    481820672
       16160            1           3.948        32320         8080
       16160            2           0.832        64640        16160
       16160            4           0.912       129280        32320
       16160            8           1.132       258560        64640
       16160           16           1.783       517120       129280
       16160           32           3.076      1034240       258560
       16160           64           5.642      2068480       517120
       16160          128          11.143      4136960      1034240
       16160          256          35.964      8273920      2068480
       16160          512          42.137     16547840      4136960
       16160         1024          83.581     33095680      8273920
       16160         2048         166.371     66191360     16547840
       16160         4096         332.230    132382720     33095680
       16160         8192         669.390    264765440     66191360
       16160        16384        1330.042    529530880    132382720
       16160        32768        2666.477   1059061760    264765440
       16160        65536        5324.917   2118123520    529530880
       17776            1           3.197        35552         8888
       17776            2           0.801        71104        17776
       17776            4           0.882       142208        35552
       17776            8           1.233       284416        71104
       17776           16           1.934       568832       142208
       17776           32           3.648      1137664       284416
       17776           64           6.504      2275328       568832
       17776          128          12.205      4550656      1137664
       17776          256          23.658      9101312      2275328
       17776          512          46.515     18202624      4550656
       17776         1024          92.168     36405248      9101312
       17776         2048         183.526     72810496     18202624
       17776         4096         369.135    145620992     36405248
       17776         8192         735.044    291241984     72810496
       17776        16384        1477.354    582483968    145620992
       17776        32768        2979.748   1164967936    291241984
       19552            1           4.870        39104         9776
       19552            2           0.892        78208        19552
       19552            4           0.982       156416        39104
       19552            8           1.303       312832        78208
       19552           16           2.074       625664       156416
       19552           32           3.728      1251328       312832
       19552           64           7.185      2502656       625664
       19552          128          13.588      5005312      1251328
       19552          256          25.903     10010624      2502656
       19552          512          51.736     20021248      5005312
       19552         1024         102.439     40042496     10010624
       19552         2048         219.710     80084992     20021248
       19552         4096         409.818    160169984     40042496
       19552         8192         821.681    320339968     80084992
       19552        16384        1647.602    640679936    160169984
       19552        32768        3288.860   1281359872    320339968
       21504            1           3.267        43008        10752
       21504            2           0.772        86016        21504
       21504            4           0.972       172032        43008
       21504            8           1.473       344064        86016
       21504           16           2.254       688128       172032
       21504           32           3.918      1376256       344064
       21504           64           7.456      2752512       688128
       21504          128          14.399      5505024      1376256
       21504          256          28.398     11010048      2752512
       21504          512          56.335     22020096      5505024
       21504         1024         112.229     44040192     11010048
       21504         2048         224.189     88080384     22020096
       21504         4096         448.117    176160768     44040192
       21504         8192         904.932    352321536     88080384
       21504        16384        1804.101    704643072    176160768
       21504        32768        3604.256   1409286144    352321536
       23648            1           4.308        47296        11824
       23648            2           1.002        94592        23648
       23648            4           1.172       189184        47296
       23648            8           1.483       378368        94592
       23648           16           2.425       756736       189184
       23648           32           4.349      1513472       378368
       23648           64           8.037      3026944       756736
       23648          128          15.882      6053888      1513472
       23648          256          31.364     12107776      3026944
       23648          512          62.578     24215552      6053888
       23648         1024         138.965     48431104     12107776
       23648         2048         247.527     96862208     24215552
       23648         4096         495.705    193724416     48431104
       23648         8192         996.499    387448832     96862208
       23648        16384        1984.741    774897664    193724416
       23648        32768        3977.750   1549795328    387448832
       26000            1           3.808        52000        13000
       26000            2           0.822       104000        26000
       26000            4           1.132       208000        52000
       26000            8           1.603       416000       104000
       26000           16           2.635       832000       208000
       26000           32           4.700      1664000       416000
       26000           64           8.858      3328000       832000
       26000          128          17.466      6656000      1664000
       26000          256          34.060     13312000      3328000
       26000          512          67.468     26624000      6656000
       26000         1024         133.944     53248000     13312000
       26000         2048         267.297    106496000     26624000
       26000         4096         536.477    212992000     53248000
       26000         8192        1073.487    425984000    106496000
       26000        16384        2141.853    851968000    212992000
       26000        32768        4291.302   1703936000    425984000
       28592            1           4.369        57184        14296
       28592            2           1.002       114368        28592
       28592            4           1.172       228736        57184
       28592            8           1.753       457472       114368
       28592           16           3.126       914944       228736
       28592           32           5.110      1829888       457472
       28592           64          10.081      3659776       914944
       28592          128          19.530      7319552      1829888
       28592          256          38.238     14639104      3659776
       28592          512          75.154     29278208      7319552
       28592         1024         149.696     58556416     14639104
       28592         2048         313.932    117112832     29278208
       28592         4096         597.102    234225664     58556416
       28592         8192        1206.629    468451328    117112832
       28592        16384        2399.009    936902656    234225664
       28592        32768        4822.920   1873805312    468451328
       31440            1           4.529        62880        15720
       31440            2           0.912       125760        31440
       31440            4           1.233       251520        62880
       31440            8           2.165       503040       125760
       31440           16           3.147      1006080       251520
       31440           32           5.802      2012160       503040
       31440           64          10.833      4024320      1006080
       31440          128          21.013      8048640      2012160
       31440          256          41.605     16097280      4024320
       31440          512          97.389     32194560      8048640
       31440         1024         165.209     64389120     16097280
       31440         2048         329.624    128778240     32194560
       31440         4096         674.510    257556480     64389120
       31440         8192        1336.625    515112960    128778240
       31440        16384        2647.407   1030225920    257556480
       31440        32768        5328.354   2060451840    515112960
       34576            1           5.100        69152        17288
       34576            2           0.962       138304        34576
       34576            4           1.303       276608        69152
       34576            8           1.994       553216       138304
       34576           16           3.357      1106432       276608
       34576           32           6.263      2212864       553216
       34576           64          11.974      4425728      1106432
       34576          128          22.716      8851456      2212864
       34576          256          45.182     17702912      4425728
       34576          512          89.483     35405824      8851456
       34576         1024         177.964     70811648     17702912
       34576         2048         355.187    141623296     35405824
       34576         4096         715.003    283246592     70811648
       34576         8192        1431.951    566493184    141623296
       34576        16384        2850.453   1132986368    283246592
       38032            1           5.040        76064        19016
       38032            2           1.052       152128        38032
       38032            4           1.604       304256        76064
       38032            8           2.435       608512       152128
       38032           16           3.677      1217024       304256
       38032           32           7.004      2434048       608512
       38032           64          13.087      4868096      1217024
       38032          128          25.291      9736192      2434048
       38032          256          49.652     19472384      4868096
       38032          512          98.231     38944768      9736192
       38032         1024         195.971     77889536     19472384
       38032         2048         411.552    155779072     38944768
       38032         4096         787.351    311558144     77889536
       38032         8192        1568.109    623116288    155779072
       38032        16384        3138.082   1246232576    311558144
       41824            1           4.719        83648        20912
       41824            2           1.253       167296        41824
       41824            4           1.734       334592        83648
       41824            8           2.355       669184       167296
       41824           16           4.048      1338368       334592
       41824           32           7.725      2676736       669184
       41824           64          14.269      5353472      1338368
       41824          128          28.087     10706944      2676736
       41824          256          55.032     21413888      5353472
       41824          512         110.165     42827776     10706944
       41824         1024         219.229     85655552     21413888
       41824         2048         441.724    171311104     42827776
       41824         4096         876.233    342622208     85655552
       41824         8192        1752.797    685244416    171311104
       41824        16384        3510.414   1370488832    342622208
       46000            1           6.072        92000        23000
       46000            2           1.282       184000        46000
       46000            4           1.723       368000        92000
       46000            8           2.555       736000       184000
       46000           16           4.459      1472000       368000
       46000           32           8.247      2944000       736000
       46000           64          29.651      5888000      1472000
       46000          128          30.894     11776000      2944000
       46000          256          60.644     23552000      5888000
       46000          512         121.008     47104000     11776000
       46000         1024         241.344     94208000     23552000
       46000         2048         482.397    188416000     47104000
       46000         4096         967.791    376832000     94208000
       46000         8192        1930.540    753664000    188416000
       46000        16384        3861.572   1507328000    376832000
       50592            1           5.281       101184        25296
       50592            2           1.413       202368        50592
       50592            4           1.944       404736       101184
       50592            8           2.806       809472       202368
       50592           16           4.799      1618944       404736
       50592           32           9.119      3237888       809472
       50592           64          17.145      6475776      1618944
       50592          128          33.088     12951552      3237888
       50592          256          65.705     25903104      6475776
       50592          512         130.968     51806208     12951552
       50592         1024         261.465    103612416     25903104
       50592         2048         525.605    207224832     51806208
       50592         4096        1042.854    414449664    103612416
       50592         8192        2084.035    828899328    207224832
       50592        16384        4194.133   1657798656    414449664
       55648            1           5.381       111296        27824
       55648            2           1.563       222592        55648
       55648            4           2.004       445184       111296
       55648            8           3.006       890368       222592
       55648           16           5.221      1780736       445184
       55648           32           9.971      3561472       890368
       55648           64          19.009      7122944      1780736
       55648          128          37.186     14245888      3561472
       55648          256          73.621     28491776      7122944
       55648          512         145.588     56983552     14245888
       55648         1024         290.054    113967104     28491776
       55648         2048         585.108    227934208     56983552
       55648         4096        1161.557    455868416    113967104
       55648         8192        2333.855    911736832    227934208
       55648        16384        4653.005   1823473664    455868416
       61200            1           5.952       122400        30600
       61200            2           1.443       244800        61200
       61200            4           2.344       489600       122400
       61200            8           3.287       979200       244800
       61200           16           5.712      1958400       489600
       61200           32          10.922      3916800       979200
       61200           64          20.703      7833600      1958400
       61200          128          39.882     15667200      3916800
       61200          256          94.073     31334400      7833600
       61200          512         157.932     62668800     15667200
       61200         1024         314.714    125337600     31334400
       61200         2048         635.109    250675200     62668800
       61200         4096        1262.241    501350400    125337600
       61200         8192        2530.655   1002700800    250675200
       61200        16384        5052.011   2005401600    501350400
       67312            1           8.146       134624        33656
       67312            2           1.593       269248        67312
       67312            4           2.315       538496       134624
       67312            8           3.867      1076992       269248
       67312           16           6.553      2153984       538496
       67312           32          12.014      4307968      1076992
       67312           64          22.817      8615936      2153984
       67312          128          44.471     17231872      4307968
       67312          256         101.668     34463744      8615936
       67312          512         174.136     68927488     17231872
       67312         1024         349.315    137854976     34463744
       67312         2048         698.829    275709952     68927488
       67312         4096        1393.239    551419904    137854976
       67312         8192        2815.287   1102839808    275709952
       74032            1           7.615       148064        37016
       74032            2           1.844       296128        74032
       74032            4           3.006       592256       148064
       74032            8           3.998      1184512       296128
       74032           16           7.115      2369024       592256
       74032           32          13.228      4738048      1184512
       74032           64          25.772      9476096      2369024
       74032          128          62.869     18952192      4738048
       74032          256          99.283     37904384      9476096
       74032          512         197.053     75808768     18952192
       74032         1024         395.038    151617536     37904384
       74032         2048         790.567    303235072     75808768
       74032         4096        1580.642    606470144    151617536
       74032         8192        3153.228   1212940288    303235072
       81424            1           6.864       162848        40712
       81424            2           1.813       325696        81424
       81424            4           2.765       651392       162848
       81424            8           4.690      1302784       325696
       81424           16           7.876      2605568       651392
       81424           32          14.570      5211136      1302784
       81424           64          27.776     10422272      2605568
       81424          128          65.083     20844544      5211136
       81424          256         110.226     41689088     10422272
       81424          512         214.108     83378176     20844544
       81424         1024         425.440    166756352     41689088
       81424         2048         851.972    333512704     83378176
       81424         4096        1705.818    667025408    166756352
       81424         8192        3410.454   1334050816    333512704
       89552            1           7.095       179104        44776
       89552            2           2.375       358208        89552
       89552            4           2.906       716416       179104
       89552            8           4.719      1432832       358208
       89552           16           8.387      2865664       716416
       89552           32          15.993      5731328      1432832
       89552           64          30.312     11462656      2865664
       89552          128          59.572     22925312      5731328
       89552          256         118.071     45850624     11462656
       89552          512         235.081     91701248     22925312
       89552         1024         471.525    183402496     45850624
       89552         2048         942.658    366804992     91701248
       89552         4096        1877.860    733609984    183402496
       89552         8192        3760.229   1467219968    366804992
       98496            1           8.237       196992        49248
       98496            2           2.244       393984        98496
       98496            4           3.236       787968       196992
       98496            8           5.351      1575936       393984
       98496           16           9.189      3151872       787968
       98496           32          17.205      6303744      1575936
       98496           64          33.519     12607488      3151872
       98496          128          65.444     25214976      6303744
       98496          256         129.595     50429952     12607488
       98496          512         257.727    100859904     25214976
       98496         1024         523.812    201719808     50429952
       98496         2048        1031.439    403439616    100859904
       98496         4096        2065.243    806879232    201719808
       98496         8192        4130.105   1613758464    403439616
      108336            1           9.410       216672        54168
      108336            2           2.645       433344       108336
      108336            4           3.637       866688       216672
      108336            8           5.983      1733376       433344
      108336           16          10.161      3466752       866688
      108336           32          19.389      6933504      1733376
      108336           64          51.635     13867008      3466752
      108336          128          72.869     27734016      6933504
      108336          256         144.255     55468032     13867008
      108336          512         285.754    110936064     27734016
      108336         1024         577.801    221872128     55468032
      108336         2048        1151.785    443744256    110936064
      108336         4096        2306.045    887488512    221872128
      108336         8192        4593.824   1774977024    443744256
      119168            1           9.049       238336        59584
      119168            2           2.576       476672       119168
      119168            4           3.788       953344       238336
      119168            8           6.213      1906688       476672
      119168           16          11.404      3813376       953344
      119168           32          20.802      7626752      1906688
      119168           64          40.393     15253504      3813376
      119168          128          79.573     30507008      7626752
      119168          256         171.872     61014016     15253504
      119168          512         314.974    122028032     30507008
      119168         1024         627.995    244056064     61014016
      119168         2048        1253.263    488112128    122028032
      119168         4096        2522.127    976224256    244056064
      119168         8192        5042.420   1952448512    488112128
      131072            1          11.524       262144        65536
      131072            2           2.715       524288       131072
      131072            4           4.088      1048576       262144
      131072            8           6.954      2097152       524288
      131072           16          12.125      4194304      1048576
      131072           32          23.278      8388608      2097152
      131072           64          44.431     16777216      4194304
      131072          128          87.729     33554432      8388608
      131072          256         174.527     67108864     16777216
      131072          512         361.770    134217728     33554432
      131072         1024         695.743    268435456     67108864
      131072         2048        1393.239    536870912    134217728
      131072         4096        2793.092   1073741824    268435456
      131072         8192        5555.910   2147483648    536870912
      144176            1          11.874       288352        72088
      144176            2           3.127       576704       144176
      144176            4           4.629      1153408       288352
      144176            8           7.695      2306816       576704
      144176           16          13.698      4613632      1153408
      144176           32          25.522      9227264      2306816
      144176           64          49.291     18454528      4613632
      144176          128          97.119     36909056      9227264
      144176          256         193.435     73818112     18454528
      144176          512         396.210    147636224     36909056
      144176         1024         770.165    295272448     73818112
      144176         2048        1521.541    590544896    147636224
      144176         4096        3048.634   1181089792    295272448
      158592            1          11.834       317184        79296
      158592            2           3.397       634368       158592
      158592            4           4.910      1268736       317184
      158592            8           8.136      2537472       634368
      158592           16          14.960      5074944      1268736
      158592           32          27.627     10149888      2537472
      158592           64          53.790     20299776      5074944
      158592          128         105.606     40599552     10149888
      158592          256         209.578     81199104     20299776
      158592          512         423.156    162398208     40599552
      158592         1024         841.361    324796416     81199104
      158592         2048        1671.347    649592832    162398208
      158592         4096        3357.937   1299185664    324796416
      174448            1          13.527       348896        87224
      174448            2           3.528       697792       174448
      174448            4           5.351      1395584       348896
      174448            8           9.019      2791168       697792
      174448           16          15.843      5582336      1395584
      174448           32          30.393     11164672      2791168
      174448           64          58.650     22329344      5582336
      174448          128         115.085     44658688     11164672
      174448          256         228.778     89317376     22329344
      174448          512         466.704    178634752     44658688
      174448         1024         915.592    357269504     89317376
      174448         2048        1827.918    714539008    178634752
      174448         4096        3655.896   1429078016    357269504
      191888            1          13.418       383776        95944
      191888            2           3.988       767552       191888
      191888            4           5.772      1535104       383776
      191888            8           9.600      3070208       767552
      191888           16          17.766      6140416      1535104
      191888           32          32.967     12280832      3070208
      191888           64          64.322     24561664      6140416
      191888          128         126.438     49123328     12280832
      191888          256         251.364     98246656     24561664
      191888          512         506.085    196493312     49123328
      191888         1024        1005.627    392986624     98246656
      191888         2048        2004.098    785973248    196493312
      191888         4096        4016.493   1571946496    392986624
      211072            1          15.361       422144       105536
      211072            2           4.119       844288       211072
      211072            4           6.253      1688576       422144
      211072            8          10.923      3377152       844288
      211072           16          19.640      6754304      1688576
      211072           32          37.005     13508608      3377152
      211072           64          71.155     27017216      6754304
      211072          128         154.646     54034432     13508608
      211072          256         279.531    108068864     27017216
      211072          512         557.089    216137728     54034432
      211072         1024        1118.005    432275456    108068864
      211072         2048        2236.200    864550912    216137728
      211072         4096        4472.308   1729101824    432275456
      232176            1          17.716       464352       116088
      232176            2           4.500       928704       232176
      232176            4           7.125      1857408       464352
      232176            8          11.794      3714816       928704
      232176           16          21.193      7429632      1857408
      232176           32          54.922     14859264      3714816
      232176           64          77.639     29718528      7429632
      232176          128         152.832     59437056     14859264
      232176          256         308.110    118874112     29718528
      232176          512         623.414    237748224     59437056
      232176         1024        1217.087    475496448    118874112
      232176         2048        2446.479    950992896    237748224
      232176         4096        4863.718   1901985792    475496448
      255392            1          17.436       510784       127696
      255392            2           5.131      1021568       255392
      255392            4           7.986      2043136       510784
      255392            8          13.096      4086272      1021568
      255392           16          23.228      8172544      2043136
      255392           32          43.950     16345088      4086272
      255392           64          88.781     32690176      8172544
      255392          128         170.749     65380352     16345088
      255392          256         352.590    130760704     32690176
      255392          512         672.855    261521408     65380352
      255392         1024        1352.864    523042816    130760704
      255392         2048        2698.083   1046085632    261521408
      255392         4096        5421.758   2092171264    523042816
      280928            1          18.598       561856       140464
      280928            2           5.461      1123712       280928
      280928            4           8.327      2247424       561856
      280928            8          13.979      4494848      1123712
      280928           16          25.552      8989696      2247424
      280928           32          48.388     17979392      4494848
      280928           64          94.473     35958784      8989696
      280928          128         185.990     71917568     17979392
      280928          256         369.546    143835136     35958784
      280928          512         739.882    287670272     71917568
      280928         1024        1482.549    575340544    143835136
      280928         2048        2954.897   1150681088    287670272
      309008            1          19.650       618016       154504
      309008            2           6.123      1236032       309008
      309008            4           9.219      2472064       618016
      309008            8          15.782      4944128      1236032
      309008           16          28.298      9888256      2472064
      309008           32          53.649     19776512      4944128
      309008           64         103.863     39553024      9888256
      309008          128         205.580     79106048     19776512
      309008          256         420.268    158212096     39553024
      309008          512         816.108    316424192     79106048
      309008         1024        1620.651    632848384    158212096
      309008         2048        3254.480   1265696768    316424192
      339904            1          22.075       679808       169952
      339904            2           6.283      1359616       339904
      339904            4           9.730      2719232       679808
      339904            8          16.894      5438464      1359616
      339904           16          30.262     10876928      2719232
      339904           32          58.449     21753856      5438464
      339904           64         128.673     43507712     10876928
      339904          128         223.737     87015424     21753856
      339904          256         444.308    174030848     43507712
      339904          512         890.048    348061696     87015424
      339904         1024        1781.530    696123392    174030848
      339904         2048        3547.388   1392246784    348061696
      373888            1          23.568       747776       186944
      373888            2           7.265      1495552       373888
      373888            4          10.973      2991104       747776
      373888            8          18.507      5982208      1495552
      373888           16          34.010     11964416      2991104
      373888           32          64.642     23928832      5982208
      373888           64         146.259     47857664     11964416
      373888          128         253.087     95715328     23928832
      373888          256         495.843    191430656     47857664
      373888          512         993.379    382861312     95715328
      373888         1024        1981.780    765722624    191430656
      373888         2048        3962.998   1531445248    382861312
      411264            1          26.745       822528       205632
      411264            2           7.846      1645056       411264
      411264            4          14.189      3290112       822528
      411264            8          21.815      6580224      1645056
      411264           16          37.457     13160448      3290112
      411264           32          71.516     26320896      6580224
      411264           64         139.245     52641792     13160448
      411264          128         287.347    105283584     26320896
      411264          256         545.625    210567168     52641792
      411264          512        1102.162    421134336    105283584
      411264         1024        2183.532    842268672    210567168
      411264         2048        4358.335   1684537344    421134336
      452384            1          29.481       904768       226192
      452384            2           8.578      1809536       452384
      452384            4          13.377      3619072       904768
      452384            8          22.586      7238144      1809536
      452384           16          41.124     14476288      3619072
      452384           32          92.960     28952576      7238144
      452384           64         152.762     57905152     14476288
      452384          128         300.705    115810304     28952576
      452384          256         608.743    231620608     57905152
      452384          512        1202.126    463241216    115810304
      452384         1024        2393.631    926482432    231620608
      452384         2048        4839.769   1852964864    463241216
      497616            1          30.633       995232       248808
      497616            2           9.029      1990464       497616
      497616            4          14.279      3980928       995232
      497616            8          24.500      7961856      1990464
      497616           16          44.391     15923712      3980928
      497616           32          85.435     31847424      7961856
      497616           64         166.541     63694848     15923712
      497616          128         329.754    127389696     31847424
      497616          256         659.157    254779392     63694848
      497616          512        1311.470    509558784    127389696
      497616         1024        2612.058   1019117568    254779392
      497616         2048        5225.958   2038235136    509558784
      547376            1          33.508      1094752       273688
      547376            2          10.201      2189504       547376
      547376            4          16.083      4379008      1094752
      547376            8          27.315      8758016      2189504
      547376           16          49.632     17516032      4379008
      547376           32          95.035     35032064      8758016
      547376           64         186.922     70064128     17516032
      547376          128         380.146    140128256     35032064
      547376          256         730.272    280256512     70064128
      547376          512        1456.206    560513024    140128256
      547376         1024        2909.976   1121026048    280256512
      602112            1          37.377      1204224       301056
      602112            2          11.554      2408448       602112
      602112            4          17.546      4816896      1204224
      602112            8          29.791      9633792      2408448
      602112           16          54.441     19267584      4816896
      602112           32         103.882     38535168      9633792
      602112           64         222.505     77070336     19267584
      602112          128         401.971    154140672     38535168
      602112          256         806.087    308281344     77070336
      602112          512        1596.622    616562688    154140672
      602112         1024        3207.424   1233125376    308281344
      662320            1          40.002      1324640       331160
      662320            2          12.386      2649280       662320
      662320            4          20.151      5298560      1324640
      662320            8          32.497     10597120      2649280
      662320           16          59.812     21194240      5298560
      662320           32         115.506     42388480     10597120
      662320           64         225.361     84776960     21194240
      662320          128         456.332    169553920     42388480
      662320          256         886.712    339107840     84776960
      662320          512        1769.255    678215680    169553920
      662320         1024        3534.462   1356431360    339107840
      728544            1          42.798      1457088       364272
      728544            2          13.197      2914176       728544
      728544            4          20.622      5828352      1457088
      728544            8          35.292     11656704      2914176
      728544           16          65.413     23313408      5828352
      728544           32         124.724     46626816     11656704
      728544           64         243.527     93253632     23313408
      728544          128         483.898    186507264     46626816
      728544          256         962.274    373014528     93253632
      728544          512        1917.135    746029056    186507264
      728544         1024        3828.987   1492058112    373014528
      801392            1          47.647      1602784       400696
      801392            2          14.660      3205568       801392
      801392            4          22.807      6411136      1602784
      801392            8          38.950     12822272      3205568
      801392           16          71.796     25644544      6411136
      801392           32         136.719     51289088     12822272
      801392           64         280.322    102578176     25644544
      801392          128         529.291    205156352     51289088
      801392          256        1060.806    410312704    102578176
      801392          512        2113.756    820625408    205156352
      801392         1024        4222.341   1641250816    410312704
      881520            1          54.391      1763040       440760
      881520            2          16.394      3526080       881520
      881520            4          25.221      7052160      1763040
      881520            8          43.118     14104320      3526080
      881520           16          78.600     28208640      7052160
      881520           32         165.629     56417280     14104320
      881520           64         294.231    112834560     28208640
      881520          128         585.275    225669120     56417280
      881520          256        1170.840    451338240    112834560
      881520          512        2318.945    902676480    225669120
      881520         1024        4633.811   1805352960    451338240
      969664            1          59.462      1939328       484832
      969664            2          18.057      3878656       969664
      969664            4          27.586      7757312      1939328
      969664            8          47.116     15514624      3878656
      969664           16          86.647     31029248      7757312
      969664           32         166.440     62058496     15514624
      969664           64         326.887    124116992     31029248
      969664          128         652.723    248233984     62058496
      969664          256        1281.256    496467968    124116992
      969664          512        2556.720    992935936    248233984
      969664         1024        5096.145   1985871872    496467968
     1066624            1          63.079      2133248       533312
     1066624            2          20.943      4266496      1066624
     1066624            4          30.622      8532992      2133248
     1066624            8          53.289     17065984      4266496
     1066624           16          97.700     34131968      8532992
     1066624           32         186.221     68263936     17065984
     1066624           64         364.073    136527872     34131968
     1066624          128         724.579    273055744     68263936
     1066624          256        1435.802    546111488    136527872
     1066624          512        2857.905   1092222976    273055744
     1173280            1          69.382      2346560       586640
     1173280            2          24.399      4693120      1173280
     1173280            4          35.242      9386240      2346560
     1173280            8          59.631     18772480      4693120
     1173280           16         109.894     37544960      9386240
     1173280           32         209.939     75089920     18772480
     1173280           64         415.829    150179840     37544960
     1173280          128         809.213    300359680     75089920
     1173280          256        1614.687    600719360    150179840
     1173280          512        3221.958   1201438720    300359680
     1290608            1          76.567      2581216       645304
     1290608            2          26.655      5162432      1290608
     1290608            4          37.937     10324864      2581216
     1290608            8          65.173     20649728      5162432
     1290608           16         120.737     41299456     10324864
     1290608           32         231.122     82598912     20649728
     1290608           64         454.448    165197824     41299456
     1290608          128         894.677    330395648     82598912
     1290608          256        1781.708    660791296    165197824
     1290608          512        3560.029   1321582592    330395648
     1419664            1          86.867      2839328       709832
     1419664            2          39.431      5678656      1419664
     1419664            4          41.415     11357312      2839328
     1419664            8          71.566     22714624      5678656
     1419664           16         130.346     45429248     11357312
     1419664           32         252.215     90858496     22714624
     1419664           64         489.410    181716992     45429248
     1419664          128         963.828    363433984     90858496
     1419664          256        1928.808    726867968    181716992
     1419664          512        3833.617   1453735936    363433984
     1561616            1         167.843      3123232       780808
     1561616            2          38.869      6246464      1561616
     1561616            4          44.921     12492928      3123232
     1561616            8          77.749     24985856      6246464
     1561616           16         142.120     49971712     12492928
     1561616           32         296.406     99943424     24985856
     1561616           64         531.515    199886848     49971712
     1561616          128        1058.401    399773696     99943424
     1561616          256        2104.708    799547392    199886848
     1561616          512        4199.404   1599094784    399773696
     1717776            1         103.842      3435552       858888
     1717776            2          33.628      6871104      1717776
     1717776            4          58.990     13742208      3435552
     1717776            8          84.983     27484416      6871104
     1717776           16         156.419     54968832     13742208
     1717776           32         298.630    109937664     27484416
     1717776           64         588.121    219875328     54968832
     1717776          128        1157.123    439750656    109937664
     1717776          256        2311.480    879501312    219875328
     1717776          512        4610.444   1759002624    439750656
     1889552            1         111.628      3779104       944776
     1889552            2          37.086      7558208      1889552
     1889552            4          54.251     15116416      3779104
     1889552            8          92.589     30232832      7558208
     1889552           16         182.553     60465664     15116416
     1889552           32         327.238    120931328     30232832
     1889552           64         647.331    241862656     60465664
     1889552          128        1272.337    483725312    120931328
     1889552          256        2534.424    967450624    241862656
     1889552          512        5076.926   1934901248    483725312
     2078496            1         126.428      4156992      1039248
     2078496            2          53.790      8313984      2078496
     2078496            4          63.159     16627968      4156992
     2078496            8         102.118     33255936      8313984
     2078496           16         188.305     66511872     16627968
     2078496           32         360.606    133023744     33255936
     2078496           64         711.633    266047488     66511872
     2078496          128        1400.429    532094976    133023744
     2078496          256        2795.238   1064189952    266047488
     2078496          512        5577.818   2128379904    532094976
     2286336            1         146.559      4572672      1143168
     2286336            2          45.332      9145344      2286336
     2286336            4          65.224     18290688      4572672
     2286336            8         113.351     36581376      9145344
     2286336           16         207.704     73162752     18290688
     2286336           32         396.320    146325504     36581376
     2286336           64         781.786    292651008     73162752
     2286336          128        1546.838    585302016    146325504
     2286336          256        3069.888   1170604032    292651008
     2514960            1         146.760      5029920      1257480
     2514960            2          48.940     10059840      2514960
     2514960            4          71.636     20119680      5029920
     2514960            8         123.602     40239360     10059840
     2514960           16         236.162     80478720     20119680
     2514960           32         440.409    160957440     40239360
     2514960           64         857.920    321914880     80478720
     2514960          128        1707.564    643829760    160957440
     2514960          256        3375.406   1287659520    321914880
     2766448            1         160.478      5532896      1383224
     2766448            2          52.577     11065792      2766448
     2766448            4          78.551     22131584      5532896
     2766448            8         146.399     44263168     11065792
     2766448           16         248.918     88526336     22131584
     2766448           32         477.023    177052672     44263168
     2766448           64         941.671    354105344     88526336
     2766448          128        1861.869    708210688    177052672
     2766448          256        3699.618   1416421376    354105344
     3043088            1         183.674      6086176      1521544
     3043088            2          59.943     12172352      3043088
     3043088            4          89.021     24344704      6086176
     3043088            8         151.750     48689408     12172352
     3043088           16         284.881     97378816     24344704
     3043088           32         527.466    194757632     48689408
     3043088           64        1036.966    389515264     97378816
     3043088          128        2061.135    779030528    194757632
     3043088          256        4126.038   1558061056    389515264
     3347392            1         201.872      6694784      1673696
     3347392            2          62.928     13389568      3347392
     3347392            4          93.440     26779136      6694784
     3347392            8         162.742     53558272     13389568
     3347392           16         303.890    107116544     26779136
     3347392           32         575.354    214233088     53558272
     3347392           64        1131.749    428466176    107116544
     3347392          128        2244.329    856932352    214233088
     3347392          256        4464.990   1713864704    428466176
     3682128            1         216.281      7364256      1841064
     3682128            2          69.492     14728512      3682128
     3682128            4         105.044     29457024      7364256
     3682128            8         194.086     58914048     14728512
     3682128           16         332.568    117828096     29457024
     3682128           32         643.694    235656192     58914048
     3682128           64        1253.056    471312384    117828096
     3682128          128        2477.825    942624768    235656192
     3682128          256        4921.571   1885249536    471312384
     4050336            1         258.086      8100672      2025168
     4050336            2          78.060     16201344      4050336
     4050336            4         116.398     32402688      8100672
     4050336            8         200.258     64805376     16201344
     4050336           16         365.767    129610752     32402688
     4050336           32         708.104    259221504     64805376
     4050336           64        1375.626    518443008    129610752
     4050336          128        2729.769   1036886016    259221504
     4050336          256        5424.647   2073772032    518443008
     4455360            1         262.195      8910720      2227680
     4455360            2          82.659     17821440      4455360
     4455360            4         149.525     35642880      8910720
     4455360            8         216.602     71285760     17821440
     4455360           16         402.030    142571520     35642880
     4455360           32         772.566    285143040     71285760
     4455360           64        1511.143    570286080    142571520
     4455360          128        2989.790   1140572160    285143040
     4900896            1         300.062      9801792      2450448
     4900896            2          91.787     19603584      4900896
     4900896            4         138.984     39207168      9801792
     4900896            8         241.062     78414336     19603584
     4900896           16         445.199    156828672     39207168
     4900896           32         854.253    313657344     78414336
     4900896           64        1684.316    627314688    156828672
     4900896          128        3303.139   1254629376    313657344
     5390976            1         316.216     10781952      2695488
     5390976            2         100.906     21563904      5390976
     5390976            4         164.315     43127808     10781952
     5390976            8         264.690     86255616     21563904
     5390976           16         487.745    172511232     43127808
     5390976           32         942.904    345022464     86255616
     5390976           64        1836.667    690044928    172511232
     5390976          128        4154.997   1380089856    345022464
     5930064            1         355.084     11860128      2965032
     5930064            2         118.291     23720256      5930064
     5930064            4         167.031     47440512     11860128
     5930064            8         289.080     94881024     23720256
     5930064           16         540.803    189762048     47440512
     5930064           32        1031.635    379524096     94881024
     5930064           64        2015.202    759048192    189762048
     5930064          128        3982.586   1518096384    379524096
     6523056            1         397.381     13046112      3261528
     6523056            2         121.317     26092224      6523056
     6523056            4         184.828     52184448     13046112
     6523056            8         320.925    104368896     26092224
     6523056           16         596.827    208737792     52184448
     6523056           32        1138.042    417475584    104368896
     6523056           64        2222.936    834951168    208737792
     6523056          128        4402.733   1669902336    417475584
     7175360            1         444.898     14350720      3587680
     7175360            2         137.270     28701440      7175360
     7175360            4         201.742     57402880     14350720
     7175360            8         349.793    114805760     28701440
     7175360           16         652.120    229611520     57402880
     7175360           32        1242.204    459223040    114805760
     7175360           64        2454.437    918446080    229611520
     7175360          128        4810.103   1836892160    459223040
     7892896            1         471.573     15785792      3946448
     7892896            2         158.844     31571584      7892896
     7892896            4         225.099     63143168     15785792
     7892896            8         398.072    126286336     31571584
     7892896           16         715.680    252572672     63143168
     7892896           32        1389.866    505145344    126286336
     7892896           64        2689.146   1010290688    252572672
     7892896          128        5328.190   2020581376    505145344
     8682176            1         505.612     17364352      4341088
     8682176            2         283.178     34728704      8682176
     8682176            4         291.204     69457408     17364352
     8682176            8         468.065    138914816     34728704
     8682176           16         886.449    277829632     69457408
     8682176           32        1698.295    555659264    138914816
     8682176           64        3249.640   1111318528    277829632
     9550384            1         561.054     19100768      4775192
     9550384            2         832.678     38201536      9550384
     9550384            4        1090.874     76403072     19100768
     9550384            8        1857.607    152806144     38201536
     9550384           16        3383.819    305612288     76403072
     9550384           32        6253.389    611224576    152806144
     9550384           64       11668.999   1222449152    305612288
    10505408            1         641.548     21010816      5252704
    10505408            2        1159.935     42021632     10505408
    10505408            4        1697.190     84043264     21010816
    10505408            8        2905.944    168086528     42021632
    10505408           16        5289.103    336173056     84043264
    10505408           32       10138.249    672346112    168086528
    10505408           64       19729.653   1344692224    336173056
    11555936            1         703.945     23111872      5777968
    11555936            2        1328.137     46223744     11555936
    11555936            4        2072.886     92447488     23111872
    11555936            8        3614.910    184894976     46223744
    11555936           16        6605.136    369789952     92447488
    11555936           32       12599.687    739579904    184894976
    11555936           64       24642.629   1479159808    369789952
    12711520            1         768.607     25423040      6355760
    12711520            2        1520.820     50846080     12711520
    12711520            4        2427.960    101692160     25423040
    12711520            8        4138.457    203384320     50846080
    12711520           16        7603.682    406768640    101692160
    12711520           32       14417.322    813537280    203384320
    12711520           64       28122.945   1627074560    406768640
    13982672            1         846.576     27965344      6991336
    13982672            2        1714.015     55930688     13982672
    13982672            4        2634.110    111861376     27965344
    13982672            8        4513.552    223722752     55930688
    13982672           16        8230.279    447445504    111861376
    13982672           32       15680.338    894891008    223722752
    13982672           64       30534.762   1789782016    447445504
    15380928            1         924.845     30761856      7690464
    15380928            2        1875.534     61523712     15380928
    15380928            4        2904.601    123047424     30761856
    15380928            8        4957.678    246094848     61523712
    15380928           16        9138.991    492189696    123047424
    15380928           32       17380.414    984379392    246094848
    15380928           64       33730.026   1968758784    492189696
    16919008            1        1012.604     33838016      8459504
    16919008            2        2045.209     67676032     16919008
    16919008            4        3173.700    135352064     33838016
    16919008            8        5415.220    270704128     67676032
    16919008           16        9900.615    541408256    135352064
    16919008           32       18904.521   1082816512    270704128
    18610896            1        1107.187     37221792      9305448
    18610896            2        2231.559     74443584     18610896
    18610896            4        3456.617    148887168     37221792
    18610896            8        5967.957    297774336     74443584
    18610896           16       10899.661    595548672    148887168
    18610896           32       20832.642   1191097344    297774336
    20471984            1        1260.310     40943968     10235992
    20471984            2        2432.198     81887936     20471984
    20471984            4        3747.981    163775872     40943968
    20471984            8        6432.504    327551744     81887936
    20471984           16       11729.935    655103488    163775872
    20471984           32       22499.205   1310206976    327551744
    22519168            1        1346.663     45038336     11259584
    22519168            2        2693.988     90076672     22519168
    22519168            4        4158.602    180153344     45038336
    22519168            8        8176.427    360306688     90076672
    22519168           16       13520.975    720613376    180153344
    22519168           32       24803.790   1441226752    360306688
    24771072            1        1474.925     49542144     12385536
    24771072            2        3021.666     99084288     24771072
    24771072            4        4645.895    198168576     49542144
    24771072            8        7932.661    396337152     99084288
    24771072           16       14426.220    792674304    198168576
    24771072           32       27524.173   1585348608    396337152
    27248176            1        1666.836     54496352     13624088
    27248176            2        3248.077    108992704     27248176
    27248176            4        5024.436    217985408     54496352
    27248176            8        8569.969    435970816    108992704
    27248176           16       15777.652    871941632    217985408
    27248176           32       30003.573   1743883264    435970816
    29972992            1        1770.677     59945984     14986496
    29972992            2        3571.355    119891968     29972992
    29972992            4        5539.174    239783936     59945984
    29972992            8        9453.539    479567872    119891968
    29972992           16       17316.497    959135744    239783936
    29972992           32       33102.196   1918271488    479567872
    32970288            1        2710.181     65940576     16485144
    32970288            2        4032.996    131881152     32970288
    32970288            4        6507.467    263762304     65940576
    32970288            8       10598.752    527524608    131881152
    32970288           16       19066.152   1055049216    263762304
    32970288           32       36380.966   2110098432    527524608
    36267312            1        2173.588     72534624     18133656
    36267312            2        4308.958    145069248     36267312
    36267312            4        6684.527    290138496     72534624
    36267312            8       11507.543    580276992    145069248
    36267312           16       20935.981   1160553984    290138496
    39894032            1        2366.250     79788064     19947016
    39894032            2        4830.360    159576128     39894032
    39894032            4        7394.234    319152256     79788064
    39894032            8       12580.258    638304512    159576128
    39894032           16       23021.349   1276609024    319152256
    43883424            1        2620.128     87766848     21941712
    43883424            2        5246.117    175533696     43883424
    43883424            4        8127.738    351067392     87766848
    43883424            8       13850.889    702134784    175533696
    43883424           16       25360.938   1404269568    351067392
    48271760            1        2879.943     96543520     24135880
    48271760            2        6974.909    193087040     48271760
    48271760            4        9315.885    386174080     96543520
    48271760            8       15359.728    772348160    193087040
    48271760           16       27837.158   1544696320    386174080
    53098928            1        3164.071    106197856     26549464
    53098928            2        6327.772    212395712     53098928
    53098928            4        9843.739    424791424    106197856
    53098928            8       16717.713    849582848    212395712
    53098928           16       30650.957   1699165696    424791424
    58408816            1        3483.962    116817632     29204408
    58408816            2        7000.441    233635264     58408816
    58408816            4       10915.371    467270528    116817632
    58408816            8       18512.015    934541056    233635264
    58408816           16       34101.281   1869082112    467270528
    64249696            1        3800.356    128499392     32124848
    64249696            2        7663.481    256998784     64249696
    64249696            4       11974.657    513997568    128499392
    64249696            8       20420.570   1027995136    256998784
    64249696           16       37388.703   2055990272    513997568
    70674656            1        4260.704    141349312     35337328
    70674656            2        8371.191    282698624     70674656
    70674656            4       12987.219    565397248    141349312
    70674656            8       22451.435   1130794496    282698624
    77742112            1        4606.698    155484224     38871056
    77742112            2        9317.739    310968448     77742112
    77742112            4       14500.929    621936896    155484224
    77742112            8       24512.471   1243873792    310968448
    85516320            1        5099.220    171032640     42758160
    85516320            2       10400.422    342065280     85516320
    85516320            4       15956.383    684130560    171032640
    85516320            8       26945.123   1368261120    342065280
    94067952            1        5586.595    188135904     47033976
    94067952            2       11187.979    376271808     94067952
    94067952            4       17363.251    752543616    188135904
    94067952            8       29686.289   1505087232    376271808
   103474736            1        6151.634    206949472     51737368
   103474736            2       12370.194    413898944    103474736
   103474736            4       19033.378    827797888    206949472
   103474736            8       32720.853   1655595776    413898944
   113822208            1        6766.555    227644416     56911104
   113822208            2       13519.723    455288832    113822208
   113822208            4       20994.208    910577664    227644416
   113822208            8       35885.400   1821155328    455288832
   125204416            1        7491.880    250408832     62602208
   125204416            2       14936.735    500817664    125204416
   125204416            4       23175.345   1001635328    250408832
   125204416            8       39662.173   2003270656    500817664
   137724848            1        8214.610    275449696     68862424
   137724848            2       16452.038    550899392    137724848
   137724848            4       27136.953   1101798784    275449696
   151497328            1        9039.409    302994656     75748664
   151497328            2       18175.874    605989312    151497328
   151497328            4       28108.971   1211978624    302994656
   166647056            1       10261.685    333294112     83323528
   166647056            2       20299.664    666588224    166647056
   166647056            4       30654.148   1333176448    333294112
   183311760            1       10971.388    366623520     91655880
   183311760            2       21816.079    733247040    183311760
   183311760            4       33762.037   1466494080    366623520
   201642928            1       12028.361    403285856    100821464
   201642928            2       25063.569    806571712    201642928
   201642928            4       37961.428   1613143424    403285856
   221807216            1       13235.304    443614432    110903608
   221807216            2       26557.315    887228864    221807216
   221807216            4       41016.417   1774457728    443614432
   243987936            1       14548.573    487975872    121993968
   243987936            2       29106.728    975951744    243987936
   243987936            4       45201.755   1951903488    487975872
   268386720            1       16021.237    536773440    134193360
   268386720            2       32058.899   1073546880    268386720
   268386720            4       50509.875   2147093760    536773440
   295225392            1       17527.369    590450784    147612696
   295225392            2       35173.510   1180901568    295225392
   324747920            1       19217.595    649495840    162373960
   324747920            2       38873.851   1298991680    324747920
   357222704            1       21271.951    714445408    178611352
   357222704            2       42283.242   1428890816    357222704
   392944960            1       23313.117    785889920    196472480
   392944960            2       48331.006   1571779840    392944960
   432239456            1       25700.216    864478912    216119728
   432239456            2       51382.304   1728957824    432239456
   475463392            1       28317.031    950926784    237731696
   475463392            2       56465.700   1901853568    475463392
   523009728            1       30808.312   1046019456    261504864
   523009728            2       62058.340   2092038912    523009728
   575310688            1       34244.912   1150621376    287655344
   632841744            1       37594.537   1265683488    316420872
   696125904            1       41345.636   1392251808    348062952
   765738480            1       45557.978   1531476960    382869240
   842312320            1       50907.557   1684624640    421156160
   926543552            1       54749.365   1853087104    463271776
  1019197904            1       60640.152   2038395808    509598952

META_DATA
FLOPS          4
OPENMP_THREADS 2
ERT_VERSION  1.1.0
HOSTNAME  ('cachyos-laptop', [], ['127.0.1.1'])
UNAME  uname_result(system='Linux', node='cachyos-laptop', release='6.18.0-2-cachyos', version='#1 SMP PREEMPT_DYNAMIC Sat, 06 Dec 2025 07:42:36 +0000', machine='x86_64')
TIMESTAMP_DATA  1765908115.2762363
CONFIG  {'ERT_MPI': ['False'], 'ERT_OPENMP': ['True'], 'ERT_OPENMP_CFLAGS': ['-fopenmp'], 'ERT_OPENMP_LDFLAGS': ['-fopenmp'], 'ERT_PRECISION': ['FP64'], 'ERT_TRIALS_MIN': ['1'], 'ERT_TRIALS': ['3', '#', 'Run', 'each', 'test', '3', 'times', 'to', 'filter', 'out', 'background', 'noise'], 'ERT_RESULTS': ['Results/5500U'], 'ERT_GNUPLOT': ['gnuplot'], 'ERT_DRIVER': ['driver1'], 'ERT_KERNEL': ['kernel1'], 'ERT_CC': ['g++'], 'ERT_LD': ['g++'], 'ERT_CFLAGS': ['-O3', '-march=native', '-fopenmp', '-fstrict-aliasing', '-funroll-loops', '-Wno-all'], 'ERT_LDFLAGS': ['-O3', '-march=native', '-fopenmp'], 'ERT_LDLIBS': ['-lm'], 'ERT_RUN': ['export', 'OMP_NUM_THREADS=ERT_OPENMP_THREADS;', './ERT_CODE'], 'ERT_WORKING_SET_MIN': ['128'], 'ERT_MEMORY_MAX': ['1073741824'], 'ERT_ALIGN': ['64'], 'ERT_MIN_PROCS': ['1'], 'ERT_MAX_PROCS': ['1'], 'ERT_OPENMP_THREADS': ['1,2,4,8,12', '#', 'Logical', 'Threads'], 'ERT_NUM_EXPERIMENTS': ['5'], 'ERT_FLOPS': ['1,2,4,8'], 'ERT_GPU': [False], 'ERT_HIP': [False], 'ERT_OCL': [False], 'ERT_SYCL': [False], 'ERT_WSS_MULT': [1.1]}
