fp64
 8192 131072 3480.152 3528.702 3569.673 601.5911395805723 608.5760849173436 617.0660499886212 75.19889244757154 76.07201061466795 77.13325624857765
 8960 65536 1933.972 1936.022 1950.122 602.221358458599 606.6073216110149 607.2503221349638 75.27766980732487 75.82591520137686 75.90629026687047
 9856 65536 2122.151 2126.421 2143.281 602.7420725513826 607.521103299864 608.7435022295775 75.34275906892283 75.940137912483 76.09293777869719
 10816 65536 2357.732 2358.842 2362.932 599.9642613498822 601.0045403634496 601.2874881453871 74.99553266873528 75.1255675454312 75.16093601817339
 11840 65536 2566.623 2577.822 4663.173 332.7975350689327 602.0169274682271 604.6437205619992 41.599691883616586 75.25211593352839 75.5804650702499
 12992 65536 2807.142 2808.852 6161.525 276.37434304007536 606.2574404062585 606.626748486539 34.54679288000942 75.78218005078232 75.82834356081737
 14272 65536 3085.202 3107.522 5522.595 338.7283666464769 601.9779052248061 606.3329350882049 42.34104583080961 75.24723815310077 75.79161688602561
 15680 65536 3376.013 3376.133 6280.125 327.25605939372224 608.7464445269188 608.7680823503938 40.90700742421528 76.09330556586485 76.09601029379922
 17216 32768 1856.722 1859.211 3388.313 332.98806102033666 606.8530016227313 607.6665090412027 41.62350762754208 75.85662520284141 75.95831363015034
 18880 32768 2031.111 2037.991 3782.753 327.0950231220489 607.127156106185 609.1836832157376 40.88687789025611 75.89089451327312 76.1479604019672
 20736 32768 2217.022 2226.702 4167.524 326.08198441088757 610.2992210003853 612.9639200693543 40.760248051360946 76.28740262504816 76.6204900086693
 22784 32768 2439.772 2460.292 4569.124 326.7961701192614 606.9085393115939 612.0130176098423 40.84952126490767 75.86356741394924 76.50162720123029
 25024 32768 2684.392 2696.532 4990.544 328.61605147655246 608.1785285692882 610.9289790760813 41.07700643456906 76.02231607116103 76.36612238451016
 27520 32768 2942.522 2949.063 5430.324 332.1258031749119 611.5673758071632 612.9268430278516 41.515725396863985 76.4459219758954 76.61585537848146
 30272 32768 3252.372 3273.683 6037.105 328.6187323228601 606.0164628035152 609.987354460068 41.077341540357516 75.7520578504394 76.2484193075085
 33280 16384 1782.682 1805.771 3324.292 328.04550262131005 603.9077158731644 611.7294279069401 41.005687827663756 75.48846448414555 76.46617848836752
 36608 16384 1958.692 1967.162 3655.013 328.19881735030765 609.7977411113064 612.4346982578169 41.024852168788456 76.2247176389133 76.55433728222711
 40256 16384 2161.041 2182.352 4058.333 325.0370553623865 604.4435581427745 610.4042486931066 40.629631920298316 75.55544476784681 76.30053108663833
 44224 16384 2373.582 2394.532 4466.223 324.4647730308137 605.1838238119182 610.5253713585628 40.558096628851715 75.64797797648977 76.31567141982035
 48640 16384 2605.683 2611.062 4876.464 326.8424661804127 610.4165737925795 611.6766774776518 40.85530827255159 76.30207172407243 76.45958468470647
 53504 16384 2853.072 2867.532 5363.194 326.8983132066451 611.4034898302791 614.5022179601497 40.86228915083064 76.42543622878489 76.81277724501871
 58816 16384 3152.952 3159.873 5903.995 326.4370461018345 609.9240975824029 611.2629332764977 40.80463076272931 76.24051219780036 76.40786665956222
 64640 16384 3456.413 3465.413 6487.285 326.5038486824612 611.2182068919346 612.8097307815935 40.81298108530765 76.40227586149183 76.6012163476992
 71104 8192 1902.841 1925.202 3574.643 325.8977011130902 605.114650826251 612.2255805923879 40.737212639136274 75.63933135328138 76.52819757404849
 78208 8192 2094.642 2112.772 3948.744 324.49808648015664 606.4827970079119 611.7321585263735 40.56226081001958 75.81034962598899 76.46651981579669
 86016 8192 2298.812 2312.322 2326.002 605.8834618370922 609.4679478031173 613.0497596149663 75.73543272963653 76.18349347538967 76.63121995187079
 94592 8192 2522.742 2531.332 2550.582 607.6241924392159 612.2449872241176 614.3296968140222 75.95302405490199 76.5306234030147 76.79121210175278
 104000 8192 2777.143 2780.362 2794.783 609.6845443814422 612.8468163498134 613.5571700845077 76.21056804768027 76.60585204372667 76.69464626056346
 114368 8192 3053.852 3057.122 3063.433 611.6684490896324 612.9311528947815 613.5874665831875 76.45855613620405 76.61639411184768 76.69843332289844
 125760 8192 3357.103 3363.363 3372.443 610.9671356936202 612.6165507558952 613.7588986694777 76.37089196170253 76.5770688444869 76.71986233368472
 138304 4096 1909.741 1914.462 1925.141 588.5212397429591 591.8040514776476 593.2670283562012 73.56515496786989 73.97550643470595 74.15837854452515
 152128 4096 2198.091 2199.432 2213.602 562.988548076845 566.6156425840853 566.961320527676 70.37356850960562 70.82695532301067 70.8701650659595
 167296 4096 2491.442 2499.642 2512.062 545.563298995009 548.2740456433361 550.0785617325228 68.19541237437612 68.53425570541701 68.75982021656534
 184000 4096 2734.952 2735.772 2745.992 548.9192976527244 550.969890765751 551.1350839064086 68.61491220659055 68.87123634571887 68.89188548830107
 202368 4096 3001.723 3027.232 3047.623 543.9644785460669 547.6285451527997 552.2823578324849 67.99555981825836 68.45356814409996 69.03529472906061
 222592 4096 3309.073 3314.703 3336.112 546.5864647230069 550.1167567652366 551.0527159721166 68.32330809037586 68.76459459565457 68.88158949651458
 244800 4096 3612.293 3624.653 3634.233 551.8087585468515 553.2671955080941 555.1602818486762 68.97609481835644 69.15839943851176 69.39503523108452
 269248 2048 2005.852 2016.021 2037.022 541.3980840658569 547.0378572445426 549.8111565559173 67.67476050823211 68.37973215556782 68.72639456948966
 296128 2048 2195.512 2204.062 2205.752 549.8987592440129 550.3204029650709 552.4635201265125 68.73734490550162 68.79005037063386 69.05794001581407
 325696 2048 2404.932 2412.182 2453.112 543.8197750449225 553.0473305911412 554.7145682289562 67.97747188061531 69.13091632389265 69.33932102861952
 358208 2048 2669.403 2674.382 2687.912 545.858632276652 548.62019262768 549.6434850788735 68.2323290345815 68.57752407846 68.70543563485919
 393984 2048 2936.812 2944.432 2980.852 541.3749035510652 548.0712286784005 549.4932818307743 67.67186294388316 68.50890358480007 68.68666022884679
 433344 2048 3209.603 3215.603 3228.632 549.7613304953925 551.9888568333839 553.0207393250816 68.72016631192406 68.99860710417299 69.1275924156352
 476672 2048 3525.832 3537.153 3561.453 548.2168407107997 551.9830530372873 553.7554007110946 68.52710508884996 68.99788162966091 69.21942508888682
 524288 2048 3872.483 3874.723 3917.753 548.1416638568077 554.2289469466592 554.5495352723304 68.51770798210096 69.2786183683324 69.3186919090413
 576704 1024 2136.202 2145.612 2181.482 541.416244553015 550.4675551777302 552.892372537803 67.67703056912687 68.80844439721628 69.11154656722537
 634368 1024 2348.972 2371.332 2380.262 545.81624375804 547.8716873048566 553.0869095076483 68.227030469755 68.48396091310707 69.13586368845604
 697792 1024 2586.632 2605.312 2621.932 545.0477037543308 548.5247125872065 552.4860188847891 68.13096296929135 68.56558907340082 69.06075236059864
 767552 1024 2841.792 2847.932 2871.823 547.3688650031705 551.9606844545447 553.1532554106705 68.42110812539632 68.99508555681808 69.1441569263338
 844288 1024 3122.042 3132.912 3217.232 537.4501509372031 551.9152226427043 553.8368234636177 67.1812688671504 68.98940283033804 69.22960293295222
 928704 1024 3451.893 3462.773 3471.553 547.8775038145752 549.266669227235 550.9978994134523 68.4846879768219 68.65833365340437 68.87473742668153
 1021568 1024 3780.383 3794.733 3810.943 548.9904372749737 551.3355653744281 553.4283864888822 68.62380465937171 68.91694567180352 69.17854831111028
 1123712 512 2093.202 2102.292 2114.102 544.2883493795475 547.3459861903104 549.7229068193132 68.03604367244344 68.4182482737888 68.71536335241414
 1236032 512 2287.342 2308.012 2321.622 545.1777972469248 548.3926288078223 553.3482828540725 68.1472246558656 68.5490786009778 69.16853535675907
 1359616 512 2538.172 2545.102 4247.594 327.77303668853466 547.0298573495286 548.5234192166646 40.97162958606683 68.37873216869107 68.56542740208307
 1495552 512 2777.773 2789.242 4676.214 327.49682713408754 549.0542763948054 551.3212375525285 40.93710339176094 68.63178454935067 68.91515469406606
 1645056 512 3051.153 3059.812 5157.204 326.6377176470041 550.5362237941416 552.0986145237555 40.82971470587551 68.8170279742677 69.01232681546944
 1809536 512 3355.642 3386.523 5657.714 327.5112287400883 547.1585056413318 552.1938466618311 40.93890359251104 68.39481320516647 69.02423083272889
 1990464 512 3716.773 3756.973 6218.564 327.7662071179134 542.5205706828343 548.3883831485 40.97077588973917 67.81507133535429 68.5485478935625
 2189504 256 2050.591 2067.182 3420.913 327.69791222401744 542.2967343949397 546.6843695305403 40.96223902800218 67.78709179936746 68.33554619131753
 2408448 256 2241.552 2266.982 3770.873 327.0132343359217 543.9502281006202 550.1212445662649 40.876654291990214 67.99377851257752 68.76515557078311
 2649280 256 2487.802 2504.602 4143.954 327.32780334916845 541.5756116141407 545.232844092898 40.915975418646056 67.69695145176759 68.15410551161224
 2914176 256 2731.612 2745.202 4553.334 327.6847496801245 543.5148714010844 546.2189037096044 40.960593710015566 67.93935892513555 68.27736296370055
 3205568 256 2996.122 3012.872 5010.494 327.5626746584269 544.7462806252639 547.7917174267269 40.94533433230336 68.09328507815799 68.47396467834086
 3526080 256 3311.753 3316.572 5512.705 327.489492000751 544.3430626562607 545.1351474581588 40.936186500093875 68.04288283203259 68.14189343226985
 3878656 256 3662.583 3668.973 6060.695 327.6640504100602 541.2609664884424 542.2052884535312 40.95800630125753 67.6576208110553 67.7756610566914
 4266496 128 2015.681 2024.552 3320.823 328.9012922399056 539.488724419032 541.8630110617702 41.1126615299882 67.436090552379 67.73287638272127
 4693120 128 2224.882 2225.052 3654.133 328.78899591229987 539.9598391408381 540.0010966873749 41.09862448903748 67.49497989260476 67.50013708592186
 5162432 128 2449.162 2455.192 4024.743 328.3644674951916 538.2807503445758 539.6060334106114 41.04555843689895 67.28509379307198 67.45075417632643
 5678656 128 2680.592 2688.382 4424.023 328.60044714957405 540.7475336466321 542.3189862537827 41.07505589369676 67.59344170582901 67.78987328172283
 6246464 128 2941.042 2952.783 4862.414 328.86849700580825 541.5551308714524 543.7170853051401 41.10856212572603 67.69439135893155 67.96463566314252
 6871104 128 3237.643 3240.242 5340.855 329.34850768275874 542.8614973819856 543.2972764446234 41.16856346034484 67.8576871727482 67.91215955557793
 7558208 128 3561.793 3565.093 5877.005 329.23253391821174 542.7351398687216 543.2379837907481 41.15406673977647 67.8418924835902 67.90474797384351
 8313984 128 3923.003 3934.403 6474.915 328.71163621452945 540.9664195559022 542.5384339497064 41.08895452681618 67.62080244448778 67.8173042437133
 9145344 64 2182.801 2196.682 3539.663 330.71058798535336 532.896446549842 536.2852738293597 41.33882349816917 66.61205581873025 67.03565922866996
 10059840 64 2408.661 2418.212 3885.213 331.42572106085305 532.4841329048074 534.595578207145 41.42821513260663 66.56051661310093 66.82444727589312
 11065792 64 2643.053 2654.152 4270.694 331.6607033891915 533.6624940847397 535.9035085562037 41.45758792364894 66.70781176059246 66.98793856952547
 12172352 64 2911.842 2922.693 4692.884 332.0050220717154 533.0909048606884 535.0774719232707 41.50062775896443 66.63636310758605 66.88468399040883
 13389568 64 3219.732 3260.793 5168.934 331.57024330355154 525.5975169230306 532.3004225196382 41.44628041294394 65.69968961537883 66.53755281495478
 14728512 64 3545.073 3639.243 5706.274 330.3818807158576 518.0334305788319 531.794277861133 41.2977350894822 64.75417882235399 66.47428473264162
 16201344 64 4116.373 4344.044 6333.846 327.4111861892443 477.3828331388908 503.78622928485834 40.926398273655536 59.67285414236135 62.97327866060729
 17821440 32 2744.433 2872.002 4885.234 233.4733934955828 397.1348766470219 415.59482778409966 29.18417418694785 49.641859580877735 51.94935347301246
 19603584 32 3474.813 4045.953 4529.274 277.00452125439966 310.09489630749545 361.06385465922915 34.62556515679996 38.76186203843693 45.132981832403644
 21563904 32 5209.184 5945.024 12950.34 106.56784733064923 232.1420159111216 264.93398121471614 13.320980916331154 29.0177519888902 33.11674765183952
 23720256 32 7080.186 9324.917 14897.232 101.9045943568577 162.79998888998153 214.41476029019577 12.738074294607213 20.349998611247692 26.80184503627447
 26092224 32 12648.771 18406.585 19085.355 87.49652998333016 90.72309371890549 132.02091618229153 10.93706624791627 11.340386714863186 16.50261452278644
 28701440 32 22714.528 24397.799 25609.601 71.72669968579363 75.2892570350301 80.868603565084 8.965837460724204 9.411157129378763 10.1085754456355
 31571584 32 22056.378 27882.512 28987.974 69.70412544181252 72.46769501973137 91.60984527922037 8.713015680226565 9.05846187746642 11.451230659902546
 34728704 16 17026.944 17151.194 17386.114 63.919891932147685 64.79540304890727 65.2682318095367 7.989986491518461 8.09942538111341 8.158528976192088
 38201536 16 19591.126 19706.636 19729.426 61.960705395078406 62.03236067282108 62.398105754615635 7.745088174384801 7.754045084102635 7.799763219326954
 42021632 16 22030.398 22081.438 22119.518 60.79211237785561 60.896949917845035 61.038035899306045 7.599014047231951 7.612118739730629 7.629754487413256
 46223744 16 24389.05 24520.87 24612.53 60.097836670996436 60.322484805800116 60.648520873096736 7.5122295838745545 7.5403106007250145 7.581065109137092
 50846080 16 26917.402 26994.042 27133.492 59.965542216239626 60.2753214950173 60.4469391213907 7.495692777029953 7.534415186877163 7.555867390173837
 55930688 16 29741.744 29767.334 29891.224 59.87650475604479 60.12570746174313 60.17744003176142 7.4845630945055985 7.515713432717892 7.522180003970178
 61523712 16 32725.197 32764.606 32817.657 59.99083919976371 60.08797371163261 60.160334069188345 7.498854899970464 7.510996713954076 7.520041758648543
 67676032 8 20016.296 20073.856 20175.236 53.67057475808461 53.94162994892461 54.0967475700799 6.7088218447605765 6.742703743615576 6.762093446259987
 74443584 8 22029.058 22058.577 22083.028 53.937229260407584 53.99701639865526 54.069372553288474 6.742153657550948 6.749627049831908 6.758671569161059
 81887936 8 24161.529 24238.669 24261.61 54.0032988742297 54.05441099096654 54.226989359820735 6.750412359278712 6.756801373870817 6.778373669977592
 90076672 8 26629.581 26665.662 26911.222 53.55486094239793 54.04803945988665 54.12127032715986 6.694357617799741 6.756004932485832 6.765158790894983
 99084288 8 29304.704 29328.354 30202.855 52.490024800635574 54.055151134632375 54.098775677788794 6.561253100079447 6.756893891829047 6.762346959723599
 108992704 8 32193.596 32220.406 32247.966 54.07731030229937 54.12356579243601 54.16863850810577 6.759663787787421 6.765445724054501 6.7710798135132215
 119891968 8 35427.018 35449.948 35506.348 54.02615577360984 54.11211006571858 54.14713391908967 6.75326947170123 6.764013758214823 6.768391739886209
 131881152 8 38851.091 38945.412 39010.962 54.0898845816722 54.18092462341906 54.31246273109809 6.761235572709025 6.7726155779273824 6.789057841387261
 145069248 4 25690.27 25722.761 25750.791 45.06867319143711 45.117784362261894 45.174845729531064 5.633584148929638 5.639723045282737 5.646855716191383
 159576128 4 28260.803 28291.842 28680.213 44.51183901597942 45.12286700880063 45.17242570920579 5.563979876997427 5.640358376100079 5.646553213650724
 175533696 4 31129.336 31146.766 31366.516 44.76970180558147 45.08556580159879 45.11081020166957 5.596212725697684 5.635695725199849 5.638851275208697
 193087040 4 34134.357 34175.168 34192.018 45.17710303030374 45.199377512935705 45.25341783939272 5.647137878787968 5.649922189116963 5.65667722992409
 212395712 4 37574.42 37593.251 37652.941 45.127037911859254 45.19868994570329 45.221341966156764 5.640879738982407 5.649836243212912 5.6526677457695955
 233635264 4 41308.743 41388.304 41767.164 44.75003646405105 45.15966906979325 45.2466469870555 5.593754558006381 5.644958633724157 5.655830873381937
 256998784 4 45463.867 45523.927 45934.618 44.759058886698476 45.16284968122367 45.22251202256948 5.5948823608373095 5.645356210152959 5.652814002821185
 282698624 2 33311.877 33331.327 33484.117 33.77107110215867 33.925876878529316 33.94568537822111 4.221383887769834 4.2407346098161645 4.243210672277638
 310968448 2 36590.09 36641.559 36656.779 33.93298118200729 33.947076105577274 33.994827342594675 4.241622647750911 4.243384513197159 4.249353417824334
 342065280 2 40288.082 40334.843 40381.382 33.88346441436799 33.922559708488265 33.96193246429552 4.235433051795999 4.240319963561033 4.24524155803694
 376271808 2 44278.636 44307.946 44416.166 33.886023210558065 33.96878817176494 33.991273624598556 4.235752901319758 4.246098521470618 4.2489092030748195
 413898944 2 48704.839 48755.189 48837.459 33.900121134475896 33.95732454241948 33.99242888370907 4.237515141809487 4.244665567802435 4.249053610463633
 455288832 2 53633.984 53659.393 53691.034 33.919170340433375 33.9391712463091 33.95524986545844 4.239896292554172 4.242396405788638 4.244406233182305
 500817664 2 58946.017 59031.737 59094.388 33.89950761483477 33.935485516883915 33.984834904112354 4.237438451854346 4.241935689610489 4.248104363014044
 550899392 1 32393.116 32449.176 32494.856 33.90686772084788 33.954599771655225 34.01336209829274 4.238358465105985 4.244324971456903 4.251670262286592
 605989312 1 35634.459 35697.978 35788.129 33.86538100385186 33.950903997979935 34.011422033936306 4.233172625481482 4.243862999747492 4.251427754242038
 666588224 1 39198.151 39227.861 39561.292 33.69901185229239 33.9854484546073 34.011207518436265 4.212376481536548 4.248181056825913 4.251400939804533
 733247040 1 42863.155 43102.365 43177.045 33.96466988419425 34.02351773504772 34.21339563081626 4.245583735524281 4.252939716880965 4.276674453852032
 806571712 1 47420.409 47498.689 47555.669 33.92115930489801 33.9618515365761 34.017914607189496 4.2401449131122515 4.245231442072012 4.252239325898687
 887228864 1 52262.322 52299.812 52356.592 33.89177294045419 33.92856800326548 33.952906416978564 4.236471617556774 4.241071000408185 4.2441133021223205
 975951744 1 57430.587 57448.387 57549.377 33.91702203830982 33.97664564542082 33.98717634559438 4.239627754788727 4.247080705677602 4.248397043199297
 1073546880 1 63094.861 63168.011 63213.291 33.965859489897475 33.990206846943465 34.02961391736801 4.245732436237184 4.248775855867933 4.253701739671001
 
META_DATA
 FLOPS          2
 OPENMP_THREADS 8
 ERT_VERSION  1.1.0
 HOSTNAME  ('pve.fritz.box', ['pve'], ['192.168.188.21'])
 UNAME  uname_result(system='Linux', node='pve', release='6.14.8-2-pve', version='#1 SMP PREEMPT_DYNAMIC PMX 6.14.8-2 (2025-07-22T10:04Z)', machine='x86_64')
 TIMESTAMP_DATA  1765906768.369064
 CONFIG  {'ERT_MPI': ['False'], 'ERT_OPENMP': ['True'], 'ERT_OPENMP_CFLAGS': ['-fopenmp'], 'ERT_OPENMP_LDFLAGS': ['-fopenmp'], 'ERT_PRECISION': ['FP64'], 'ERT_TRIALS_MIN': ['1'], 'ERT_TRIALS': ['3', '#', 'Run', 'each', 'test', '3', 'times', 'to', 'filter', 'out', 'background', 'noise'], 'ERT_RESULTS': ['Results/1600X'], 'ERT_GNUPLOT': ['gnuplot'], 'ERT_DRIVER': ['driver1'], 'ERT_KERNEL': ['kernel1'], 'ERT_CC': ['g++'], 'ERT_LD': ['g++'], 'ERT_CFLAGS': ['-O3', '-march=native', '-fopenmp', '-fstrict-aliasing', '-funroll-loops', '-Wno-all'], 'ERT_LDFLAGS': ['-O3', '-march=native', '-fopenmp'], 'ERT_LDLIBS': ['-lm'], 'ERT_RUN': ['export', 'OMP_NUM_THREADS=ERT_OPENMP_THREADS;', './ERT_CODE'], 'ERT_WORKING_SET_MIN': ['128'], 'ERT_MEMORY_MAX': ['1073741824'], 'ERT_ALIGN': ['64'], 'ERT_MIN_PROCS': ['1'], 'ERT_MAX_PROCS': ['1'], 'ERT_OPENMP_THREADS': ['1,2,4,8,12', '#', 'Logical', 'Threads'], 'ERT_NUM_EXPERIMENTS': ['5'], 'ERT_FLOPS': ['1,2,4,8'], 'ERT_GPU': [False], 'ERT_HIP': [False], 'ERT_OCL': [False], 'ERT_SYCL': [False], 'ERT_WSS_MULT': [1.1]}
 TIMESTAMP_DATA  1765906779.329744
 TIMESTAMP_DATA  1765906790.2583814
 TIMESTAMP_DATA  1765906801.3791575
 TIMESTAMP_DATA  1765906812.3381436
 