fp64
        8192            1           5.220        16384         2048
        8192            2           0.620        32768         4096
        8192            4           0.660        65536         8192
        8192            8           0.720       131072        16384
        8192           16           0.880       262144        32768
        8192           32           1.280       524288        65536
        8192           64           2.180      1048576       131072
        8192          128           3.880      2097152       262144
        8192          256           7.300      4194304       524288
        8192          512          14.130      8388608      1048576
        8192         1024          27.770     16777216      2097152
        8192         2048          55.040     33554432      4194304
        8192         4096         109.501     67108864      8388608
        8192         8192         220.590    134217728     16777216
        8192        16384         446.270    268435456     33554432
        8192        32768         884.391    536870912     67108864
        8192        65536        1751.691   1073741824    134217728
        8192       131072        3517.353   2147483648    268435456
        8960            1          11.900        17920         2240
        8960            2           0.530        35840         4480
        8960            4           0.580        71680         8960
        8960            8           0.810       143360        17920
        8960           16           0.960       286720        35840
        8960           32           1.430       573440        71680
        8960           64           2.380      1146880       143360
        8960          128           4.260      2293760       286720
        8960          256           8.060      4587520       573440
        8960          512          15.560      9175040      1146880
        8960         1024          30.590     18350080      2293760
        8960         2048          60.690     36700160      4587520
        8960         4096         121.070     73400320      9175040
        8960         8192         253.051    146800640     18350080
        8960        16384         482.210    293601280     36700160
        8960        32768         968.651    587202560     73400320
        8960        65536        1935.761   1174405120    146800640
        9856            1          35.140        19712         2464
        9856            2           0.760        39424         4928
        9856            4           0.720        78848         9856
        9856            8           0.870       157696        19712
        9856           16           1.050       315392        39424
        9856           32           1.900       630784        78848
        9856           64           2.480      1261568       157696
        9856          128           4.660      2523136       315392
        9856          256           8.750      5046272       630784
        9856          512          17.000     10092544      1261568
        9856         1024          33.520     20185088      2523136
        9856         2048          66.860     40370176      5046272
        9856         4096         143.581     80740352     10092544
        9856         8192         264.590    161480704     20185088
        9856        16384         528.660    322961408     40370176
        9856        32768        1067.921    645922816     80740352
        9856        65536        2122.632   1291845632    161480704
       10816            1          17.750        21632         2704
       10816            2           0.580        43264         5408
       10816            4           0.610        86528        10816
       10816            8           0.870       173056        21632
       10816           16           1.220       346112        43264
       10816           32           1.630       692224        86528
       10816           64           2.690      1384448       173056
       10816          128           5.070      2768896       346112
       10816          256           9.820      5537792       692224
       10816          512          18.740     11075584      1384448
       10816         1024          37.070     22151168      2768896
       10816         2048          73.500     44302336      5537792
       10816         4096         146.570     88604672     11075584
       10816         8192         292.710    177209344     22151168
       10816        16384         596.901    354418688     44302336
       10816        32768        1177.841    708837376     88604672
       10816        65536        2358.842   1417674752    177209344
       11840            1          16.860        23680         2960
       11840            2           0.960        47360         5920
       11840            4           0.680        94720        11840
       11840            8           0.850       189440        23680
       11840           16           1.190       378880        47360
       11840           32           2.240       757760        94720
       11840           64           4.600      1515520       189440
       11840          128           9.060      3031040       378880
       11840          256          18.080      6062080       757760
       11840          512          36.110     12124160      1515520
       11840         1024          72.040     24248320      3031040
       11840         2048         144.080     48496640      6062080
       11840         4096         288.450     96993280     12124160
       11840         8192         585.001    193986560     24248320
       11840        16384        1175.011    387973120     48496640
       11840        32768        2334.762    775946240     96993280
       11840        65536        4663.173   1551892480    193986560
       12992            1          12.130        25984         3248
       12992            2           0.750        51968         6496
       12992            4           0.800       103936        12992
       12992            8           1.060       207872        25984
       12992           16           1.211       415744        51968
       12992           32           2.490       831488       103936
       12992           64           4.970      1662976       207872
       12992          128           9.720      3325952       415744
       12992          256          19.580      6651904       831488
       12992          512          43.510     13303808      1662976
       12992         1024          78.510     26607616      3325952
       12992         2048         157.520     53215232      6651904
       12992         4096         314.460    106430464     13303808
       12992         8192         635.600    212860928     26607616
       12992        16384        1666.692    425721856     53215232
       12992        32768        3289.182    851443712    106430464
       12992        65536        6161.525   1702887424    212860928
       14272            1          10.850        28544         3568
       14272            2           0.750        57088         7136
       14272            4           0.760       114176        14272
       14272            8           1.250       228352        28544
       14272           16           1.370       456704        57088
       14272           32           2.620       913408       114176
       14272           64           5.390      1826816       228352
       14272          128          10.590      3653632       456704
       14272          256          21.300      7307264       913408
       14272          512          42.740     14614528      1826816
       14272         1024          85.310     29229056      3653632
       14272         2048         178.790     58458112      7307264
       14272         4096         341.500    116916224     14614528
       14272         8192         699.181    233832448     29229056
       14272        16384        1387.651    467664896     58458112
       14272        32768        2786.422    935329792    116916224
       14272        65536        5522.595   1870659584    233832448
       15680            1          21.450        31360         3920
       15680            2           0.710        62720         7840
       15680            4           1.220       125440        15680
       15680            8           0.960       250880        31360
       15680           16           1.540       501760        62720
       15680           32           2.990      1003520       125440
       15680           64           5.990      2007040       250880
       15680          128          12.080      4014080       501760
       15680          256          24.180      8028160      1003520
       15680          512          48.450     16056320      2007040
       15680         1024          97.670     32112640      4014080
       15680         2048         194.000     64225280      8028160
       15680         4096         395.981    128450560     16056320
       15680         8192         776.350    256901120     32112640
       15680        16384        1577.651    513802240     64225280
       15680        32768        3156.103   1027604480    128450560
       15680        65536        6280.125   2055208960    256901120
       17216            1          19.090        34432         4304
       17216            2           0.870        68864         8608
       17216            4           1.010       137728        17216
       17216            8           1.200       275456        34432
       17216           16           1.570       550912        68864
       17216           32           3.240      1101824       137728
       17216           64           6.500      2203648       275456
       17216          128          12.950      4407296       550912
       17216          256          26.020      8814592      1101824
       17216          512          52.260     17629184      2203648
       17216         1024         104.500     35258368      4407296
       17216         2048         208.980     70516736      8814592
       17216         4096         417.861    141033472     17629184
       17216         8192         844.090    282066944     35258368
       17216        16384        1697.412    564133888     70516736
       17216        32768        3388.313   1128267776    141033472
       18880            1          30.410        37760         4720
       18880            2           0.730        75520         9440
       18880            4           0.760       151040        18880
       18880            8           1.130       302080        37760
       18880           16           1.720       604160        75520
       18880           32           3.540      1208320       151040
       18880           64           7.200      2416640       302080
       18880          128          14.580      4833280       604160
       18880          256          29.140      9666560      1208320
       18880          512          58.270     19333120      2416640
       18880         1024         116.550     38666240      4833280
       18880         2048         233.000     77332480      9666560
       18880         4096         466.020    154664960     19333120
       18880         8192         929.261    309329920     38666240
       18880        16384        1889.672    618659840     77332480
       18880        32768        3782.753   1237319680    154664960
       20736            1          18.700        41472         5184
       20736            2           0.730        82944        10368
       20736            4           0.780       165888        20736
       20736            8           1.070       331776        41472
       20736           16           1.940       663552        82944
       20736           32           4.020      1327104       165888
       20736           64           8.010      2654208       331776
       20736          128          16.070      5308416       663552
       20736          256          40.310     10616832      1327104
       20736          512          64.150     21233664      2654208
       20736         1024         128.300     42467328      5308416
       20736         2048         256.760     84934656     10616832
       20736         4096         521.041    169869312     21233664
       20736         8192        1030.791    339738624     42467328
       20736        16384        2080.781    679477248     84934656
       20736        32768        4167.524   1358954496    169869312
       22784            1          28.460        45568         5696
       22784            2           0.940        91136        11392
       22784            4           1.520       182272        22784
       22784            8           1.350       364544        45568
       22784           16           2.050       729088        91136
       22784           32           4.290      1458176       182272
       22784           64           8.730      2916352       364544
       22784          128          17.590      5832704       729088
       22784          256          35.170     11665408      1458176
       22784          512          70.630     23330816      2916352
       22784         1024         141.130     46661632      5832704
       22784         2048         291.580     93323264     11665408
       22784         4096         564.511    186646528     23330816
       22784         8192        1147.961    373293056     46661632
       22784        16384        2304.681    746586112     93323264
       22784        32768        4569.124   1493172224    186646528
       25024            1          17.560        50048         6256
       25024            2           0.670       100096        12512
       25024            4           0.890       200192        25024
       25024            8           1.080       400384        50048
       25024           16           2.410       800768       100096
       25024           32           4.680      1601536       200192
       25024           64           9.500      3203072       400384
       25024          128          19.210      6406144       800768
       25024          256          38.480     12812288      1601536
       25024          512          87.220     25624576      3203072
       25024         1024         154.600     51249152      6406144
       25024         2048         309.821    102498304     12812288
       25024         4096         626.510    204996608     25624576
       25024         8192        1258.351    409993216     51249152
       25024        16384        2525.432    819986432    102498304
       25024        32768        4990.544   1639972864    204996608
       27520            1          13.140        55040         6880
       27520            2           1.310       110080        13760
       27520            4           1.000       220160        27520
       27520            8           1.300       440320        55040
       27520           16           2.490       880640       110080
       27520           32           5.100      1761280       220160
       27520           64          10.410      3522560       440320
       27520          128          20.890      7045120       880640
       27520          256          41.820     14090240      1761280
       27520          512          83.881     28180480      3522560
       27520         1024         167.620     56360960      7045120
       27520         2048         335.400    112721920     14090240
       27520         4096         678.590    225443840     28180480
       27520         8192        1361.942    450887680     56360960
       27520        16384        2719.182    901775360    112721920
       27520        32768        5430.324   1803550720    225443840
       30272            1          19.050        60544         7568
       30272            2           0.810       121088        15136
       30272            4           0.990       242176        30272
       30272            8           1.160       484352        60544
       30272           16           2.800       968704       121088
       30272           32           5.620      1937408       242176
       30272           64          11.540      3874816       484352
       30272          128          23.280      7749632       968704
       30272          256          46.630     15499264      1937408
       30272          512          93.220     30998528      3874816
       30272         1024         186.640     61997056      7749632
       30272         2048         378.771    123994112     15499264
       30272         4096         746.900    247988224     30998528
       30272         8192        1516.022    495976448     61997056
       30272        16384        3038.802    991952896    123994112
       30272        32768        6037.105   1983905792    247988224
       33280            1          21.130        66560         8320
       33280            2           0.930       133120        16640
       33280            4           1.050       266240        33280
       33280            8           1.350       532480        66560
       33280           16           3.120      1064960       133120
       33280           32           6.290      2129920       266240
       33280           64          12.700      4259840       532480
       33280          128          25.540      8519680      1064960
       33280          256          51.300     17039360      2129920
       33280          512         102.460     34078720      4259840
       33280         1024         213.951     68157440      8519680
       33280         2048         410.590    136314880     17039360
       33280         4096         828.510    272629760     34078720
       33280         8192        1659.442    545259520     68157440
       33280        16384        3324.292   1090519040    136314880
       36608            1          13.250        73216         9152
       36608            2           0.820       146432        18304
       36608            4           1.060       292864        36608
       36608            8           1.620       585728        73216
       36608           16           3.460      1171456       146432
       36608           32           6.950      2342912       292864
       36608           64          13.880      4685824       585728
       36608          128          27.811      9371648      1171456
       36608          256          56.080     18743296      2342912
       36608          512         112.290     37486592      4685824
       36608         1024         225.160     74973184      9371648
       36608         2048         455.280    149946368     18743296
       36608         4096         907.131    299892736     37486592
       36608         8192        1825.391    599785472     74973184
       36608        16384        3655.013   1199570944    149946368
       40256            1          20.130        80512        10064
       40256            2           0.940       161024        20128
       40256            4           1.160       322048        40256
       40256            8           1.710       644096        80512
       40256           16           3.700      1288192       161024
       40256           32           7.670      2576384       322048
       40256           64          25.180      5152768       644096
       40256          128          31.430     10305536      1288192
       40256          256          62.280     20611072      2576384
       40256          512         124.790     41222144      5152768
       40256         1024         249.490     82444288     10305536
       40256         2048         499.460    164888576     20611072
       40256         4096        1009.291    329777152     41222144
       40256         8192        2045.452    659554304     82444288
       40256        16384        4058.333   1319108608    164888576
       44224            1          20.520        88448        11056
       44224            2           0.930       176896        22112
       44224            4           1.300       353792        44224
       44224            8           1.930       707584        88448
       44224           16           4.100      1415168       176896
       44224           32           8.410      2830336       353792
       44224           64          16.870      5660672       707584
       44224          128          34.110     11321344      1415168
       44224          256          68.560     22642688      2830336
       44224          512         137.380     45285376      5660672
       44224         1024         274.981     90570752     11321344
       44224         2048         558.090    181141504     22642688
       44224         4096        1119.831    362283008     45285376
       44224         8192        2236.562    724566016     90570752
       44224        16384        4466.223   1449132032    181141504
       48640            1          21.530        97280        12160
       48640            2           1.020       194560        24320
       48640            4           1.530       389120        48640
       48640            8           2.170       778240        97280
       48640           16           4.391      1556480       194560
       48640           32           9.000      3112960       389120
       48640           64          18.520      6225920       778240
       48640          128          37.280     12451840      1556480
       48640          256          74.940     24903680      3112960
       48640          512         150.140     49807360      6225920
       48640         1024         308.170     99614720     12451840
       48640         2048         601.490    199229440     24903680
       48640         4096        1228.971    398458880     49807360
       48640         8192        2451.422    796917760     99614720
       48640        16384        4876.464   1593835520    199229440
       53504            1          18.200       107008        13376
       53504            2           0.970       214016        26752
       53504            4           1.310       428032        53504
       53504            8           2.400       856064       107008
       53504           16           4.960      1712128       214016
       53504           32          10.110      3424256       428032
       53504           64          20.470      6848512       856064
       53504          128          41.200     13697024      1712128
       53504          256          82.751     27394048      3424256
       53504          512         165.850     54788096      6848512
       53504         1024         340.510    109576192     13697024
       53504         2048         664.361    219152384     27394048
       53504         4096        1353.501    438304768     54788096
       53504         8192        2702.322    876609536    109576192
       53504        16384        5363.194   1753219072    219152384
       58816            1          12.750       117632        14704
       58816            2           1.120       235264        29408
       58816            4           1.460       470528        58816
       58816            8           2.470       941056       117632
       58816           16           5.350      1882112       235264
       58816           32          11.020      3764224       470528
       58816           64          22.480      7528448       941056
       58816          128          45.300     15056896      1882112
       58816          256          90.770     30113792      3764224
       58816          512         181.960     60227584      7528448
       58816         1024         371.551    120455168     15056896
       58816         2048         736.520    240910336     30113792
       58816         4096        1478.522    481820672     60227584
       58816         8192        2964.722    963641344    120455168
       58816        16384        5903.995   1927282688    240910336
       64640            1          20.090       129280        16160
       64640            2           1.090       258560        32320
       64640            4           1.600       517120        64640
       64640            8           2.790      1034240       129280
       64640           16           5.890      2068480       258560
       64640           32          12.200      4136960       517120
       64640           64          24.750      8273920      1034240
       64640          128          49.890     16547840      2068480
       64640          256         100.210     33095680      4136960
       64640          512         208.840     66191360      8273920
       64640         1024         401.620    132382720     16547840
       64640         2048         811.111    264765440     33095680
       64640         4096        1624.782    529530880     66191360
       64640         8192        3266.532   1059061760    132382720
       64640        16384        6487.285   2118123520    264765440
       71104            1          22.340       142208        17776
       71104            2           1.140       284416        35552
       71104            4           1.840       568832        71104
       71104            8           3.010      1137664       142208
       71104           16           6.430      2275328       284416
       71104           32          13.420      4550656       568832
       71104           64          27.140      9101312      1137664
       71104          128          54.780     18202624      2275328
       71104          256         116.921     36405248      4550656
       71104          512         220.130     72810496      9101312
       71104         1024         440.750    145620992     18202624
       71104         2048         888.731    291241984     36405248
       71104         4096        1789.211    582483968     72810496
       71104         8192        3574.643   1164967936    145620992
       78208            1          17.910       156416        19552
       78208            2           1.440       312832        39104
       78208            4           2.180       625664        78208
       78208            8           3.220      1251328       156416
       78208           16           7.150      2502656       312832
       78208           32          14.610      5005312       625664
       78208           64          29.860     10010624      1251328
       78208          128          60.100     20021248      2502656
       78208          256         120.770     40042496      5005312
       78208          512         242.131     80084992     10010624
       78208         1024         493.090    160169984     20021248
       78208         2048         974.771    320339968     40042496
       78208         4096        1974.331    640679936     80084992
       78208         8192        3948.744   1281359872    160169984
       86016            1          12.650       172032        21504
       86016            2           1.330       344064        43008
       86016            4           2.000       688128        86016
       86016            8           3.700      1376256       172032
       86016           16           7.780      2752512       344064
       86016           32          16.240      5505024       688128
       86016           64          32.860     11010048      1376256
       86016          128          66.450     22020096      2752512
       86016          256         133.220     44040192      5505024
       86016          512         267.210     88080384     11010048
       86016         1024         547.861    176160768     22020096
       86016         2048        1114.290    352321536     44040192
       86016         4096        1695.662    704643072     88080384
       86016         8192        2322.092   1409286144    176160768
       94592            1          15.030       189184        23648
       94592            2           1.280       378368        47296
       94592            4           2.120       756736        94592
       94592            8           3.380      1513472       189184
       94592           16           5.790      3026944       378368
       94592           32          10.760      6053888       756736
       94592           64          20.530     12107776      1513472
       94592          128          40.170     24215552      3026944
       94592          256          79.480     48431104      6053888
       94592          512         168.910     96862208     12107776
       94592         1024         315.020    193724416     24215552
       94592         2048         637.591    387448832     48431104
       94592         4096        1303.911    774897664     96862208
       94592         8192        2523.672   1549795328    193724416
      104000            1          23.400       208000        26000
      104000            2           1.420       416000        52000
      104000            4           2.280       832000       104000
      104000            8           3.600      1664000       208000
      104000           16           6.330      3328000       416000
      104000           32          11.750      6656000       832000
      104000           64          22.610     13312000      1664000
      104000          128          44.130     26624000      3328000
      104000          256          87.260     53248000      6656000
      104000          512         173.880    106496000     13312000
      104000         1024         346.810    212992000     26624000
      104000         2048         702.811    425984000     53248000
      104000         4096        1405.171    851968000    106496000
      104000         8192        2780.362   1703936000    212992000
      114368            1          20.510       228736        28592
      114368            2           1.660       457472        57184
      114368            4           2.530       914944       114368
      114368            8           3.970      1829888       228736
      114368           16           6.980      3659776       457472
      114368           32          12.910      7319552       914944
      114368           64          24.790     14639104      1829888
      114368          128          58.000     29278208      3659776
      114368          256          96.160     58556416      7319552
      114368          512         191.660    117112832     14639104
      114368         1024         381.020    234225664     29278208
      114368         2048         765.841    468451328     58556416
      114368         4096        1525.441    936902656    117112832
      114368         8192        3057.122   1873805312    234225664
      125760            1          16.390       251520        31440
      125760            2           1.900       503040        62880
      125760            4           2.680      1006080       125760
      125760            8           4.320      2012160       251520
      125760           16           7.610      4024320       503040
      125760           32          14.170      8048640      1006080
      125760           64          27.290     16097280      2012160
      125760          128          53.350     32194560      4024320
      125760          256         105.740     64389120      8048640
      125760          512         210.000    128778240     16097280
      125760         1024         430.670    257556480     32194560
      125760         2048         841.421    515112960     64389120
      125760         4096        1678.061   1030225920    128778240
      125760         8192        3372.443   2060451840    257556480
      138304            1          16.500       276608        34576
      138304            2           2.170       553216        69152
      138304            4           3.020      1106432       138304
      138304            8           4.890      2212864       276608
      138304           16           8.660      4425728       553216
      138304           32          16.130      8851456      1106432
      138304           64          30.860     17702912      2212864
      138304          128          60.790     35405824      4425728
      138304          256         120.551     70811648      8851456
      138304          512         250.030    141623296     17702912
      138304         1024         476.130    283246592     35405824
      138304         2048         956.471    566493184     70811648
      138304         4096        1913.551   1132986368    141623296
      152128            1          16.080       304256        38032
      152128            2           2.170       608512        76064
      152128            4           3.410      1217024       152128
      152128            8           5.490      2434048       304256
      152128           16           9.770      4868096       608512
      152128           32          18.600      9736192      1217024
      152128           64          35.510     19472384      2434048
      152128          128          69.460     38944768      4868096
      152128          256         137.930     77889536      9736192
      152128          512         286.330    155779072     19472384
      152128         1024         548.091    311558144     38944768
      152128         2048        1098.760    623116288     77889536
      152128         4096        2199.432   1246232576    155779072
      167296            1          16.260       334592        41824
      167296            2           2.560       669184        83648
      167296            4           3.910      1338368       167296
      167296            8           6.250      2676736       334592
      167296           16          11.150      5353472       669184
      167296           32          20.750     10706944      1338368
      167296           64          40.300     21413888      2676736
      167296          128          78.900     42827776      5353472
      167296          256         156.470     85655552     10706944
      167296          512         311.541    171311104     21413888
      167296         1024         633.750    342622208     42827776
      167296         2048        1247.271    685244416     85655552
      167296         4096        2499.642   1370488832    171311104
      184000            1          24.980       368000        46000
      184000            2           2.730       736000        92000
      184000            4           4.230      1472000       184000
      184000            8           6.900      2944000       368000
      184000           16          12.310      5888000       736000
      184000           32          23.000     11776000      1472000
      184000           64          44.480     23552000      2944000
      184000          128          87.430     47104000      5888000
      184000          256         171.801     94208000     11776000
      184000          512         350.540    188416000     23552000
      184000         1024         682.770    376832000     47104000
      184000         2048        1369.981    753664000     94208000
      184000         4096        2735.772   1507328000    188416000
      202368            1          26.900       404736        50592
      202368            2           2.840       809472       101184
      202368            4           4.710      1618944       202368
      202368            8           7.520      3237888       404736
      202368           16          13.420      6475776       809472
      202368           32          25.160     12951552      1618944
      202368           64          48.790     25903104      3237888
      202368          128          96.080     51806208      6475776
      202368          256         190.520    103612416     12951552
      202368          512         386.700    207224832     25903104
      202368         1024         757.081    414449664     51806208
      202368         2048        1507.071    828899328    103612416
      202368         4096        3001.723   1657798656    207224832
      222592            1          28.730       445184        55648
      222592            2           3.090       890368       111296
      222592            4           4.810      1780736       222592
      222592            8           8.300      3561472       445184
      222592           16          14.480      7122944       890368
      222592           32          27.440     14245888      1780736
      222592           64          53.420     28491776      3561472
      222592          128         104.790     56983552      7122944
      222592          256         207.750    113967104     14245888
      222592          512         424.680    227934208     28491776
      222592         1024         832.901    455868416     56983552
      222592         2048        1654.951    911736832    113967104
      222592         4096        3314.703   1823473664    227934208
      244800            1          19.220       489600        61200
      244800            2           3.600       979200       122400
      244800            4           5.390      1958400       244800
      244800            8           8.850      3916800       489600
      244800           16          16.100      7833600       979200
      244800           32          30.190     15667200      1958400
      244800           64          58.740     31334400      3916800
      244800          128         115.340     62668800      7833600
      244800          256         228.901    125337600     15667200
      244800          512         469.840    250675200     31334400
      244800         1024         911.591    501350400     62668800
      244800         2048        1814.241   1002700800    125337600
      244800         4096        3622.233   2005401600    250675200
      269248            1          30.180       538496        67312
      269248            2           3.680      1076992       134624
      269248            4           6.140      2153984       269248
      269248            8           9.760      4307968       538496
      269248           16          17.660      8615936      1076992
      269248           32          42.830     17231872      2153984
      269248           64          64.830     34463744      4307968
      269248          128         127.410     68927488      8615936
      269248          256         252.531    137854976     17231872
      269248          512         503.060    275709952     34463744
      269248         1024        1008.751    551419904     68927488
      269248         2048        2005.852   1102839808    137854976
      296128            1          49.940       592256        74032
      296128            2           4.050      1184512       148064
      296128            4           6.320      2369024       296128
      296128            8          10.710      4738048       592256
      296128           16          19.390      9476096      1184512
      296128           32          36.220     18952192      2369024
      296128           64          70.490     37904384      4738048
      296128          128         153.560     75808768      9476096
      296128          256         278.010    151617536     18952192
      296128          512         553.691    303235072     37904384
      296128         1024        1109.151    606470144     75808768
      296128         2048        2195.512   1212940288    151617536
      325696            1          34.340       651392        81424
      325696            2           4.250      1302784       162848
      325696            4           6.990      2605568       325696
      325696            8          11.960      5211136       651392
      325696           16          22.580     10422272      1302784
      325696           32          39.790     20844544      2605568
      325696           64          77.620     41689088      5211136
      325696          128         152.880     83378176     10422272
      325696          256         303.141    166756352     20844544
      325696          512         611.560    333512704     41689088
      325696         1024        1212.241    667025408     83378176
      325696         2048        2414.052   1334050816    166756352
      358208            1           7.630       716416        89552
      358208            2           6.140      1432832       179104
      358208            4           9.590      2865664       358208
      358208            8          13.030      5731328       716416
      358208           16          23.330     11462656      1432832
      358208           32          44.330     22925312      2865664
      358208           64          86.200     45850624      5731328
      358208          128         170.050     91701248     11462656
      358208          256         345.031    183402496     22925312
      358208          512         667.280    366804992     45850624
      358208         1024        1353.841    733609984     91701248
      358208         2048        2669.403   1467219968    183402496
      393984            1           8.520       787968        98496
      393984            2           6.660      1575936       196992
      393984            4           8.510      3151872       393984
      393984            8          14.220      6303744       787968
      393984           16          25.680     12607488      1575936
      393984           32          48.750     25214976      3151872
      393984           64          94.920     50429952      6303744
      393984          128         199.850    100859904     12607488
      393984          256         367.581    201719808     25214976
      393984          512         746.800    403439616     50429952
      393984         1024        1475.321    806879232    100859904
      393984         2048        2945.633   1613758464    201719808
      433344            1          22.310       866688       108336
      433344            2           6.080      1733376       216672
      433344            4           9.350      3466752       433344
      433344            8          15.710      6933504       866688
      433344           16          27.990     13867008      1733376
      433344           32          52.920     27734016      3466752
      433344           64         115.410     55468032      6933504
      433344          128         203.790    110936064     13867008
      433344          256         404.881    221872128     27734016
      433344          512         822.070    443744256     55468032
      433344         1024        1638.992    887488512    110936064
      433344         2048        3228.632   1774977024    221872128
      476672            1          15.200       953344       119168
      476672            2           7.550      1906688       238336
      476672            4          10.230      3813376       476672
      476672            8          16.990      7626752       953344
      476672           16          30.860     15253504      1906688
      476672           32          58.530     30507008      3813376
      476672           64         113.380     61014016      7626752
      476672          128         234.291    122028032     15253504
      476672          256         444.390    244056064     30507008
      476672          512         896.601    488112128     61014016
      476672         1024        1799.501    976224256    122028032
      476672         2048        3554.603   1952448512    244056064
      524288            1           9.170      1048576       131072
      524288            2           7.160      2097152       262144
      524288            4          11.080      4194304       524288
      524288            8          18.540      8388608      1048576
      524288           16          44.050     16777216      2097152
      524288           32          63.590     33554432      4194304
      524288           64         123.910     67108864      8388608
      524288          128         244.541    134217728     16777216
      524288          256         489.120    268435456     33554432
      524288          512         978.201    536870912     67108864
      524288         1024        1949.351   1073741824    134217728
      524288         2048        3874.723   2147483648    268435456
      576704            1          45.570      1153408       144176
      576704            2           7.370      2306816       288352
      576704            4          23.240      4613632       576704
      576704            8          20.730      9227264      1153408
      576704           16          36.930     18454528      2306816
      576704           32          70.341     36909056      4613632
      576704           64         136.640     73818112      9227264
      576704          128         269.600    147636224     18454528
      576704          256         543.870    295272448     36909056
      576704          512        1068.131    590544896     73818112
      576704         1024        2145.612   1181089792    147636224
      634368            1          21.390      1268736       158592
      634368            2           8.560      2537472       317184
      634368            4          13.140      5074944       634368
      634368            8          22.240     10149888      1268736
      634368           16          40.840     20299776      2537472
      634368           32          77.370     40599552      5074944
      634368           64         150.920     81199104     10149888
      634368          128         314.621    162398208     20299776
      634368          256         598.870    324796416     40599552
      634368          512        1206.181    649592832     81199104
      634368         1024        2371.912   1299185664    162398208
      697792            1          16.670      1395584       174448
      697792            2           9.620      2791168       348896
      697792            4          14.380      5582336       697792
      697792            8          24.440     11164672      1395584
      697792           16          44.610     22329344      2791168
      697792           32          85.050     44658688      5582336
      697792           64         165.570     89317376     11164672
      697792          128         340.171    178634752     22329344
      697792          256         656.560    357269504     44658688
      697792          512        1311.411    714539008     89317376
      697792         1024        2591.972   1429078016    178634752
      767552            1          67.800      1535104       191888
      767552            2          10.030      3070208       383776
      767552            4          15.930      6140416       767552
      767552            8          27.150     12280832      1535104
      767552           16          49.070     24561664      3070208
      767552           32          93.211     49123328      6140416
      767552           64         181.490     98246656     12280832
      767552          128         358.720    196493312     24561664
      767552          256         720.721    392986624     49123328
      767552          512        1424.581    785973248     98246656
      767552         1024        2841.792   1571946496    196493312
      844288            1          42.340      1688576       211072
      844288            2          11.510      3377152       422144
      844288            4          17.650      6754304       844288
      844288            8          29.810     13508608      1688576
      844288           16          54.250     27017216      3377152
      844288           32         102.840     54034432      6754304
      844288           64         200.780    108068864     13508608
      844288          128         396.121    216137728     27017216
      844288          256         801.980    432275456     54034432
      844288          512        1595.092    864550912    108068864
      844288         1024        3217.232   1729101824    216137728
      928704            1          30.680      1857408       232176
      928704            2          12.620      3714816       464352
      928704            4          18.900      7429632       928704
      928704            8          32.570     14859264      1857408
      928704           16          59.840     29718528      3714816
      928704           32         113.530     59437056      7429632
      928704           64         232.811    118874112     14859264
      928704          128         434.360    237748224     29718528
      928704          256         878.161    475496448     59437056
      928704          512        1751.231    950992896    118874112
      928704         1024        3471.553   1901985792    237748224
     1021568            1          59.280      2043136       255392
     1021568            2          17.730      4086272       510784
     1021568            4          21.210      8172544      1021568
     1021568            8          42.860     16345088      2043136
     1021568           16          65.870     32690176      4086272
     1021568           32         125.100     65380352      8172544
     1021568           64         243.950    130760704     16345088
     1021568          128         481.571    261521408     32690176
     1021568          256         962.611    523042816     65380352
     1021568          512        1905.881   1046085632    130760704
     1021568         1024        3799.103   2092171264    261521408
     1123712            1          81.570      2247424       280928
     1123712            2          14.900      4494848       561856
     1123712            4          23.260      8989696      1123712
     1123712            8          39.620     17979392      2247424
     1123712           16          83.231     35958784      4494848
     1123712           32         137.530     71917568      8989696
     1123712           64         268.510    143835136     17979392
     1123712          128         542.180    287670272     35958784
     1123712          256        1058.411    575340544     71917568
     1123712          512        2102.292   1150681088    143835136
     1236032            1          44.970      2472064       309008
     1236032            2          16.710      4944128       618016
     1236032            4          25.500      9888256      1236032
     1236032            8          43.160     19776512      2472064
     1236032           16          79.270     39553024      4944128
     1236032           32         150.980     79106048      9888256
     1236032           64         303.410    158212096     19776512
     1236032          128         583.871    316424192     39553024
     1236032          256        1155.871    632848384     79106048
     1236032          512        2321.622   1265696768    158212096
     1359616            1          72.540      2719232       339904
     1359616            2          23.850      5438464       679808
     1359616            4          28.260     10876928      1359616
     1359616            8          58.380     21753856      2719232
     1359616           16         124.100     43507712      5438464
     1359616           32         256.270     87015424     10876928
     1359616           64         529.261    174030848     21753856
     1359616          128        1051.830    348061696     43507712
     1359616          256        2128.892    696123392     87015424
     1359616          512        4247.594   1392246784    174030848
     1495552            1         105.811      2991104       373888
     1495552            2          19.670      5982208       747776
     1495552            4          30.560     11964416      1495552
     1495552            8          63.510     23928832      2991104
     1495552           16         146.370     47857664      5982208
     1495552           32         281.100     95715328     11964416
     1495552           64         581.621    191430656     23928832
     1495552          128        1173.860    382861312     47857664
     1495552          256        2332.532    765722624     95715328
     1495552          512        4676.214   1531445248    191430656
     1645056            1          73.690      3290112       411264
     1645056            2          21.790      6580224       822528
     1645056            4          33.770     13160448      1645056
     1645056            8          69.890     26320896      3290112
     1645056           16         149.700     52641792      6580224
     1645056           32         321.551    105283584     13160448
     1645056           64         637.950    210567168     26320896
     1645056          128        1288.651    421134336     52641792
     1645056          256        2578.902    842268672    105283584
     1645056          512        5157.204   1684537344    210567168
     1809536            1          78.790      3619072       452384
     1809536            2          24.080      7238144       904768
     1809536            4          37.290     14476288      1809536
     1809536            8          77.100     28952576      3619072
     1809536           16         173.071     57905152      7238144
     1809536           32         340.210    115810304     14476288
     1809536           64         707.730    231620608     28952576
     1809536          128        1406.821    463241216     57905152
     1809536          256        2837.162    926482432    115810304
     1809536          512        5657.714   1852964864    231620608
     1990464            1          83.790      3980928       497616
     1990464            2          34.800      7961856       995232
     1990464            4          41.280     15923712      1990464
     1990464            8          85.361     31847424      3980928
     1990464           16         181.900     63694848      7961856
     1990464           32         383.960    127389696     15923712
     1990464           64         785.541    254779392     31847424
     1990464          128        1550.001    509558784     63694848
     1990464          256        3118.523   1019117568    127389696
     1990464          512        6218.564   2038235136    254779392
     2189504            1         108.461      4379008       547376
     2189504            2          38.350      8758016      1094752
     2189504            4          45.410     17516032      2189504
     2189504            8          93.090     35032064      4379008
     2189504           16         205.570     70064128      8758016
     2189504           32         421.020    140128256     17516032
     2189504           64         849.941    280256512     35032064
     2189504          128        1713.451    560513024     70064128
     2189504          256        3420.913   1121026048    140128256
     2408448            1          79.830      4816896       602112
     2408448            2          35.140      9633792      1204224
     2408448            4          49.760     19267584      2408448
     2408448            8         101.860     38535168      4816896
     2408448           16         223.920     77070336      9633792
     2408448           32         452.911    154140672     19267584
     2408448           64         932.771    308281344     38535168
     2408448          128        1885.021    616562688     77070336
     2408448          256        3770.873   1233125376    154140672
     2649280            1         159.610      5298560       662320
     2649280            2          39.470     10597120      1324640
     2649280            4          53.690     21194240      2649280
     2649280            8         112.960     42388480      5298560
     2649280           16         241.810     84776960     10597120
     2649280           32         502.311    169553920     21194240
     2649280           64        1028.891    339107840     42388480
     2649280          128        2072.701    678215680     84776960
     2649280          256        4143.954   1356431360    169553920
     2914176            1         177.631      5828352       728544
     2914176            2          48.650     11656704      1457088
     2914176            4          59.310     23313408      2914176
     2914176            8         125.270     46626816      5828352
     2914176           16         269.080     93253632     11656704
     2914176           32         548.490    186507264     23313408
     2914176           64        1128.791    373014528     46626816
     2914176          128        2279.852    746029056     93253632
     2914176          256        4553.334   1492058112    186507264
     3205568            1         200.290      6411136       801392
     3205568            2          59.980     12822272      1602784
     3205568            4          66.280     25644544      3205568
     3205568            8         137.510     51289088      6411136
     3205568           16         298.240    102578176     12822272
     3205568           32         603.701    205156352     25644544
     3205568           64        1235.041    410312704     51289088
     3205568          128        2495.772    820625408    102578176
     3205568          256        5010.494   1641250816    205156352
     3526080            1         199.780      7052160       881520
     3526080            2          63.720     14104320      1763040
     3526080            4          79.650     28208640      3526080
     3526080            8         149.240     56417280      7052160
     3526080           16         320.591    112834560     14104320
     3526080           32         667.670    225669120     28208640
     3526080           64        1376.761    451338240     56417280
     3526080          128        2764.072    902676480    112834560
     3526080          256        5512.705   1805352960    225669120
     3878656            1         245.490      7757312       969664
     3878656            2          73.170     15514624      1939328
     3878656            4          78.680     31029248      3878656
     3878656            8         164.430     62058496      7757312
     3878656           16         352.620    124116992     15514624
     3878656           32         733.741    248233984     31029248
     3878656           64        1502.881    496467968     62058496
     3878656          128        3026.153    992935936    124116992
     3878656          256        6060.695   1985871872    248233984
     4266496            1         244.520      8532992      1066624
     4266496            2          78.510     17065984      2133248
     4266496            4          87.680     34131968      4266496
     4266496            8         181.540     68263936      8532992
     4266496           16         402.940    136527872     17065984
     4266496           32         810.941    273055744     34131968
     4266496           64        1651.681    546111488     68263936
     4266496          128        3320.823   1092222976    136527872
     4693120            1         231.980      9386240      1173280
     4693120            2          89.010     18772480      2346560
     4693120            4         103.030     37544960      4693120
     4693120            8         199.170     75089920      9386240
     4693120           16         437.651    150179840     18772480
     4693120           32         896.330    300359680     37544960
     4693120           64        1818.972    600719360     75089920
     4693120          128        3654.133   1201438720    150179840
     5162432            1         217.470     10324864      1290608
     5162432            2          96.050     20649728      2581216
     5162432            4         106.140     41299456      5162432
     5162432            8         221.500     82598912     10324864
     5162432           16         474.180    165197824     20649728
     5162432           32         981.381    330395648     41299456
     5162432           64        2002.402    660791296     82598912
     5162432          128        4024.743   1321582592    165197824
     5678656            1         315.320     11357312      1419664
     5678656            2         105.820     22714624      2839328
     5678656            4         116.500     45429248      5678656
     5678656            8         241.521     90858496     11357312
     5678656           16         522.040    181716992     22714624
     5678656           32        1078.891    363433984     45429248
     5678656           64        2207.712    726867968     90858496
     5678656          128        4424.023   1453735936    181716992
     6246464            1         368.520     12492928      1561616
     6246464            2         117.650     24985856      3123232
     6246464            4         128.220     49971712      6246464
     6246464            8         265.911     99943424     12492928
     6246464           16         574.840    199886848     24985856
     6246464           32        1183.551    399773696     49971712
     6246464           64        2417.142    799547392     99943424
     6246464          128        4862.414   1599094784    199886848
     6871104            1         417.990     13742208      1717776
     6871104            2         127.360     27484416      3435552
     6871104            4         141.180     54968832      6871104
     6871104            8         292.021    109937664     13742208
     6871104           16         628.820    219875328     27484416
     6871104           32        1302.731    439750656     54968832
     6871104           64        2663.782    879501312    109937664
     6871104          128        5340.855   1759002624    219875328
     7558208            1         429.381     15116416      1889552
     7558208            2         142.200     30232832      3779104
     7558208            4         160.470     60465664      7558208
     7558208            8         320.030    120931328     15116416
     7558208           16         691.771    241862656     30232832
     7558208           32        1443.701    483725312     60465664
     7558208           64        2918.762    967450624    120931328
     7558208          128        5877.005   1934901248    241862656
     8313984            1         479.430     16627968      2078496
     8313984            2         151.230     33255936      4156992
     8313984            4         171.900     66511872      8313984
     8313984            8         359.771    133023744     16627968
     8313984           16         761.140    266047488     33255936
     8313984           32        1584.611    532094976     66511872
     8313984           64        3216.903   1064189952    133023744
     8313984          128        6474.915   2128379904    266047488
     9145344            1         533.700     18290688      2286336
     9145344            2         161.640     36581376      4572672
     9145344            4         187.311     73162752      9145344
     9145344            8         390.830    146325504     18290688
     9145344           16         836.440    292651008     36581376
     9145344           32        1746.801    585302016     73162752
     9145344           64        3539.663   1170604032    146325504
    10059840            1         592.811     20119680      2514960
    10059840            2         170.440     40239360      5029920
    10059840            4         206.290     80478720     10059840
    10059840            8         439.131    160957440     20119680
    10059840           16         929.420    321914880     40239360
    10059840           32        1914.772    643829760     80478720
    10059840           64        3885.213   1287659520    160957440
    11065792            1         604.540     22131584      2766448
    11065792            2         186.630     44263168      5532896
    11065792            4         228.350     88526336     11065792
    11065792            8         484.481    177052672     22131584
    11065792           16        1026.021    354105344     44263168
    11065792           32        2115.181    708210688     88526336
    11065792           64        4270.694   1416421376    177052672
    12172352            1         668.821     24344704      3043088
    12172352            2         201.900     48689408      6086176
    12172352            4         251.060     97378816     12172352
    12172352            8         524.761    194757632     24344704
    12172352           16        1125.281    389515264     48689408
    12172352           32        2320.541    779030528     97378816
    12172352           64        4692.884   1558061056    194757632
    13389568            1         688.070     26779136      3347392
    13389568            2         221.221     53558272      6694784
    13389568            4         270.700    107116544     13389568
    13389568            8         573.040    214233088     26779136
    13389568           16        1224.441    428466176     53558272
    13389568           32        2556.042    856932352    107116544
    13389568           64        5168.934   1713864704    214233088
    14728512            1         881.981     29457024      3682128
    14728512            2         262.890     58914048      7364256
    14728512            4         306.520    117828096     14728512
    14728512            8         640.151    235656192     29457024
    14728512           16        1367.801    471312384     58914048
    14728512           32        2800.122    942624768    117828096
    14728512           64        5706.274   1885249536    235656192
    16201344            1         905.371     32402688      4050336
    16201344            2         334.100     64805376      8100672
    16201344            4         344.530    129610752     16201344
    16201344            8         722.241    259221504     32402688
    16201344           16        1510.741    518443008     64805376
    16201344           32        3110.062   1036886016    129610752
    16201344           64        6333.846   2073772032    259221504
    17821440            1         998.601     35642880      4455360
    17821440            2         517.360     71285760      8910720
    17821440            4         510.881    142571520     17821440
    17821440            8         874.960    285143040     35642880
    17821440           16        1773.422    570286080     71285760
    17821440           32        3590.113   1140572160    142571520
    19603584            1        1087.661     39207168      4900896
    19603584            2        1025.751     78414336      9801792
    19603584            4        1121.651    156828672     19603584
    19603584            8        1514.851    313657344     39207168
    19603584           16        2444.412    627314688     78414336
    19603584           32        4529.274   1254629376    156828672
    21563904            1        1250.021     43127808      5390976
    21563904            2        1616.332     86255616     10781952
    21563904            4        2158.931    172511232     21563904
    21563904            8        2975.913    345022464     43127808
    21563904           16        4212.293    690044928     86255616
    21563904           32        5766.665   1380089856    172511232
    23720256            1        1392.911     47440512      5930064
    23720256            2        2276.302     94881024     11860128
    23720256            4        3092.183    189762048     23720256
    23720256            8        4392.793    379524096     47440512
    23720256           16        6141.615    759048192     94881024
    23720256           32        7080.186   1518096384    189762048
    26092224            1        1466.232     52184448      6523056
    26092224            2        2898.582    104368896     13046112
    26092224            4        4168.393    208737792     26092224
    26092224            8        6552.866    417475584     52184448
    26092224           16       10983.638    834951168    104368896
    26092224           32       12648.771   1669902336    208737792
    28701440            1        1734.462     57402880      7175360
    28701440            2        3303.892    114805760     14350720
    28701440            4        4876.434    229611520     28701440
    28701440            8        7661.677    459223040     57402880
    28701440           16       13226.050    918446080    114805760
    28701440           32       24468.130   1836892160    229611520
    31571584            1        1836.122     63143168      7892896
    31571584            2        3698.583    126286336     15785792
    31571584            4        5466.374    252572672     31571584
    31571584            8        8689.577    505145344     63143168
    31571584           16       15079.523   1010290688    126286336
    31571584           32       27881.762   2020581376    252572672
    34728704            1        2047.251     69457408      8682176
    34728704            2        4070.284    138914816     17364352
    34728704            4        6067.215    277829632     34728704
    34728704            8        9753.557    555659264     69457408
    34728704           16       17026.944   1111318528    138914816
    38201536            1        2219.362     76403072      9550384
    38201536            2        4503.413    152806144     19100768
    38201536            4        6764.026    305612288     38201536
    38201536            8       11074.939    611224576     76403072
    38201536           16       19729.426   1222449152    152806144
    42021632            1        2491.162     84043264     10505408
    42021632            2        4936.204    168086528     21010816
    42021632            4        7439.426    336173056     42021632
    42021632            8       12308.000    672346112     84043264
    42021632           16       22090.568   1344692224    168086528
    46223744            1        2693.662     92447488     11555936
    46223744            2        5474.764    184894976     23111872
    46223744            4        8176.927    369789952     46223744
    46223744            8       13610.071    739579904     92447488
    46223744           16       24389.050   1479159808    184894976
    50846080            1        2990.012    101692160     12711520
    50846080            2        6038.795    203384320     25423040
    50846080            4        9020.617    406768640     50846080
    50846080            8       15041.922    813537280    101692160
    50846080           16       26994.042   1627074560    203384320
    55930688            1        3232.203    111861376     13982672
    55930688            2        6557.825    223722752     27965344
    55930688            4        9913.948    447445504     55930688
    55930688            8       16528.404    894891008    111861376
    55930688           16       29767.334   1789782016    223722752
    61523712            1        3628.053    123047424     15380928
    61523712            2        7287.676    246094848     30761856
    61523712            4       10937.308    492189696     61523712
    61523712            8       18200.945    984379392    123047424
    61523712           16       32817.657   1968758784    246094848
    67676032            1        4005.713    135352064     16919008
    67676032            2        8006.446    270704128     33838016
    67676032            4       12021.100    541408256     67676032
    67676032            8       20016.296   1082816512    135352064
    74443584            1        4387.763    148887168     18610896
    74443584            2        8826.317    297774336     37221792
    74443584            4       13205.681    595548672     74443584
    74443584            8       22034.758   1191097344    148887168
    81887936            1        4777.604    163775872     20471984
    81887936            2        9682.627    327551744     40943968
    81887936            4       14547.002    655103488     81887936
    81887936            8       24205.520   1310206976    163775872
    90076672            1        5334.754    180153344     22519168
    90076672            2       10648.029    360306688     45038336
    90076672            4       16170.653    720613376     90076672
    90076672            8       26911.222   1441226752    180153344
    99084288            1        6075.655    198168576     24771072
    99084288            2       12111.820    396337152     49542144
    99084288            4       17523.384    792674304     99084288
    99084288            8       30202.855   1585348608    198168576
   108992704            1        6304.255    217985408     27248176
   108992704            2       12902.431    435970816     54496352
   108992704            4       19406.195    871941632    108992704
   108992704            8       32236.066   1743883264    217985408
   119891968            1        7066.436    239783936     29972992
   119891968            2       14158.952    479567872     59945984
   119891968            4       21225.377    959135744    119891968
   119891968            8       35491.918   1918271488    239783936
   131881152            1        7749.176    263762304     32970288
   131881152            2       15590.382    527524608     65940576
   131881152            4       23358.158   1055049216    131881152
   131881152            8       39010.962   2110098432    263762304
   145069248            1        8484.837    290138496     36267312
   145069248            2       17118.534    580276992     72534624
   145069248            4       25690.270   1160553984    145069248
   159576128            1        9414.097    319152256     39894032
   159576128            2       18825.395    638304512     79788064
   159576128            4       28260.803   1276609024    159576128
   175533696            1       10354.119    351067392     43883424
   175533696            2       20705.376    702134784     87766848
   175533696            4       31146.766   1404269568    175533696
   193087040            1       11388.699    386174080     48271760
   193087040            2       22796.198    772348160     96543520
   193087040            4       34159.038   1544696320    193087040
   212395712            1       12542.180    424791424     53098928
   212395712            2       25026.950    849582848    106197856
   212395712            4       37593.251   1699165696    212395712
   233635264            1       13793.661    467270528     58408816
   233635264            2       27545.412    934541056    116817632
   233635264            4       41487.234   1869082112    233635264
   256998784            1       15135.202    513997568     64249696
   256998784            2       30347.614   1027995136    128499392
   256998784            4       45934.618   2055990272    256998784
   282698624            1       16676.163    565397248     70674656
   282698624            2       33331.327   1130794496    141349312
   310968448            1       18332.025    621936896     77742112
   310968448            2       36590.090   1243873792    155484224
   342065280            1       20163.846    684130560     85516320
   342065280            2       40302.523   1368261120    171032640
   376271808            1       22131.108    752543616     94067952
   376271808            2       44416.166   1505087232    188135904
   413898944            1       24334.030    827797888    103474736
   413898944            2       48704.839   1655595776    206949472
   455288832            1       26775.481    910577664    113822208
   455288832            2       53691.034   1821155328    227644416
   500817664            1       29513.744   1001635328    125204416
   500817664            2       58946.017   2003270656    250408832
   550899392            1       32393.116   1101798784    137724848
   605989312            1       35672.509   1211978624    151497328
   666588224            1       39561.292   1333176448    166647056
   733247040            1       42863.155   1466494080    183311760
   806571712            1       47498.689   1613143424    201642928
   887228864            1       52299.812   1774457728    221807216
   975951744            1       57475.686   1951903488    243987936
  1073546880            1       63137.160   2147093760    268386720

META_DATA
FLOPS          2
OPENMP_THREADS 8
ERT_VERSION  1.1.0
HOSTNAME  ('pve.fritz.box', ['pve'], ['192.168.188.21'])
UNAME  uname_result(system='Linux', node='pve', release='6.14.8-2-pve', version='#1 SMP PREEMPT_DYNAMIC PMX 6.14.8-2 (2025-07-22T10:04Z)', machine='x86_64')
TIMESTAMP_DATA  1765906790.2583814
CONFIG  {'ERT_MPI': ['False'], 'ERT_OPENMP': ['True'], 'ERT_OPENMP_CFLAGS': ['-fopenmp'], 'ERT_OPENMP_LDFLAGS': ['-fopenmp'], 'ERT_PRECISION': ['FP64'], 'ERT_TRIALS_MIN': ['1'], 'ERT_TRIALS': ['3', '#', 'Run', 'each', 'test', '3', 'times', 'to', 'filter', 'out', 'background', 'noise'], 'ERT_RESULTS': ['Results/1600X'], 'ERT_GNUPLOT': ['gnuplot'], 'ERT_DRIVER': ['driver1'], 'ERT_KERNEL': ['kernel1'], 'ERT_CC': ['g++'], 'ERT_LD': ['g++'], 'ERT_CFLAGS': ['-O3', '-march=native', '-fopenmp', '-fstrict-aliasing', '-funroll-loops', '-Wno-all'], 'ERT_LDFLAGS': ['-O3', '-march=native', '-fopenmp'], 'ERT_LDLIBS': ['-lm'], 'ERT_RUN': ['export', 'OMP_NUM_THREADS=ERT_OPENMP_THREADS;', './ERT_CODE'], 'ERT_WORKING_SET_MIN': ['128'], 'ERT_MEMORY_MAX': ['1073741824'], 'ERT_ALIGN': ['64'], 'ERT_MIN_PROCS': ['1'], 'ERT_MAX_PROCS': ['1'], 'ERT_OPENMP_THREADS': ['1,2,4,8,12', '#', 'Logical', 'Threads'], 'ERT_NUM_EXPERIMENTS': ['5'], 'ERT_FLOPS': ['1,2,4,8'], 'ERT_GPU': [False], 'ERT_HIP': [False], 'ERT_OCL': [False], 'ERT_SYCL': [False], 'ERT_WSS_MULT': [1.1]}
