fp64
        8192            1         468.746        16384         1024
        8192            2           0.511        32768         2048
        8192            4           0.571        65536         4096
        8192            8           0.612       131072         8192
        8192           16           0.641       262144        16384
        8192           32           1.232       524288        32768
        8192           64           1.332      1048576        65536
        8192          128           2.254      2097152       131072
        8192          256           4.298      4194304       262144
        8192          512           8.346      8388608       524288
        8192         1024          16.982     16777216      1048576
        8192         2048          32.650     33554432      2097152
        8192         4096          65.090     67108864      4194304
        8192         8192         142.884    134217728      8388608
        8192        16384         259.580    268435456     16777216
        8192        32768         522.745    536870912     33554432
        8192        65536        1044.920   1073741824     67108864
        8192       131072        2089.549   2147483648    134217728
        8960            1          24.515        17920         1120
        8960            2           0.481        35840         2240
        8960            4           0.501        71680         4480
        8960            8           0.531       143360         8960
        8960           16           0.621       286720        17920
        8960           32           1.022       573440        35840
        8960           64           1.512      1146880        71680
        8960          128           2.464      2293760       143360
        8960          256           4.668      4587520       286720
        8960          512           9.096      9175040       573440
        8960         1024          17.953     18350080      1146880
        8960         2048          35.696     36700160      2293760
        8960         4096          71.152     73400320      4587520
        8960         8192         144.206    146800640      9175040
        8960        16384         283.965    293601280     18350080
        8960        32768         578.749    587202560     36700160
        8960        65536        1142.490   1174405120     73400320
        9856            1          34.284        19712         1232
        9856            2           0.602        39424         2464
        9856            4           0.611        78848         4928
        9856            8           0.531       157696         9856
        9856           16           0.812       315392        19712
        9856           32           0.902       630784        39424
        9856           64           1.583      1261568        78848
        9856          128           2.765      2523136       157696
        9856          256           5.480      5046272       315392
        9856          512          10.059     10092544       630784
        9856         1024          20.197     20185088      1261568
        9856         2048          39.323     40370176      2523136
        9856         4096          78.675     80740352      5046272
        9856         8192         173.811    161480704     10092544
        9856        16384         312.357    322961408     20185088
        9856        32768         630.764    645922816     40370176
        9856        65536        1254.888   1291845632     80740352
       10816            1          25.677        21632         1352
       10816            2           0.491        43264         2704
       10816            4           0.521        86528         5408
       10816            8           0.621       173056        10816
       10816           16           0.661       346112        21632
       10816           32           0.962       692224        43264
       10816           64           1.593      1384448        86528
       10816          128           2.915      2768896       173056
       10816          256           5.810      5537792       346112
       10816          512          11.011     11075584       692224
       10816         1024          21.751     22151168      1384448
       10816         2048          43.280     44302336      2768896
       10816         4096          86.369     88604672      5537792
       10816         8192         172.478    177209344     11075584
       10816        16384         350.708    354418688     22151168
       10816        32768         689.594    708837376     44302336
       10816        65536        1387.993   1417674752     88604672
       11840            1          24.776        23680         1480
       11840            2           0.511        47360         2960
       11840            4           0.521        94720         5920
       11840            8           0.572       189440        11840
       11840           16           0.601       378880        23680
       11840           32           1.152       757760        47360
       11840           64           1.724      1515520        94720
       11840          128           3.206      3031040       189440
       11840          256           6.162      6062080       378880
       11840          512          12.032     12124160       757760
       11840         1024          23.784     24248320      1515520
       11840         2048          47.358     48496640      3031040
       11840         4096          94.515     96993280      6062080
       11840         8192         188.709    193986560     12124160
       11840        16384         381.795    387973120     24248320
       11840        32768         754.083    775946240     48496640
       11840        65536        1517.783   1551892480     96993280
       12992            1          24.395        25984         1624
       12992            2           0.612        51968         3248
       12992            4           0.731       103936         6496
       12992            8           0.581       207872        12992
       12992           16           0.812       415744        25984
       12992           32           1.062       831488        51968
       12992           64           2.034      1662976       103936
       12992          128           3.476      3325952       207872
       12992          256           6.883      6651904       415744
       12992          512          13.495     13303808       831488
       12992         1024          26.078     26607616      1662976
       12992         2048          51.915     53215232      3325952
       12992         4096         103.581    106430464      6651904
       12992         8192         206.942    212860928     13303808
       12992        16384         419.956    425721856     26607616
       12992        32768         830.724    851443712     53215232
       12992        65536        1666.698   1702887424    106430464
       14272            1          32.540        28544         1784
       14272            2           0.531        57088         3568
       14272            4           0.561       114176         7136
       14272            8           0.651       228352        14272
       14272           16           0.652       456704        28544
       14272           32           1.042       913408        57088
       14272           64           2.224      1826816       114176
       14272          128           3.797      3653632       228352
       14272          256           7.343      7307264       456704
       14272          512          14.457     14614528       913408
       14272         1024          28.642     29229056      1826816
       14272         2048          56.975     58458112      3653632
       14272         4096         113.760    116916224      7307264
       14272         8192         237.258    233832448     14614528
       14272        16384         457.535    467664896     29229056
       14272        32768         911.253    935329792     58458112
       14272        65536        1827.915   1870659584    116916224
       15680            1          25.237        31360         1960
       15680            2           0.521        62720         3920
       15680            4           0.551       125440         7840
       15680            8           0.681       250880        15680
       15680           16           0.731       501760        31360
       15680           32           1.443      1003520        62720
       15680           64           2.184      2007040       125440
       15680          128           4.158      4014080       250880
       15680          256           8.055      8028160       501760
       15680          512          15.859     16056320      1003520
       15680         1024          31.438     32112640      2007040
       15680         2048          62.575     64225280      4014080
       15680         4096         128.237    128450560      8028160
       15680         8192         249.510    256901120     16056320
       15680        16384         504.341    513802240     32112640
       15680        32768        1003.834   1027604480     64225280
       15680        65536        2006.675   2055208960    128450560
       17216            1          35.476        34432         2152
       17216            2           0.591        68864         4304
       17216            4           0.551       137728         8608
       17216            8           0.551       275456        17216
       17216           16           1.052       550912        34432
       17216           32           1.352      1101824        68864
       17216           64           2.595      2203648       137728
       17216          128           4.519      4407296       275456
       17216          256           8.836      8814592       550912
       17216          512          27.861     17629184      1101824
       17216         1024          34.424     35258368      2203648
       17216         2048          68.587     70516736      4407296
       17216         4096         136.973    141033472      8814592
       17216         8192         274.056    282066944     17629184
       17216        16384         550.076    564133888     35258368
       17216        32768        1100.823   1128267776     70516736
       18880            1          32.309        37760         2360
       18880            2           0.791        75520         4720
       18880            4           0.662       151040         9440
       18880            8           0.571       302080        18880
       18880           16           1.042       604160        37760
       18880           32           1.533      1208320        75520
       18880           64           2.655      2416640       151040
       18880          128           4.970      4833280       302080
       18880          256           9.668      9666560       604160
       18880          512          19.005     19333120      1208320
       18880         1024          37.760     38666240      2416640
       18880         2048          75.279     77332480      4833280
       18880         4096         150.428    154664960      9666560
       18880         8192         300.315    309329920     19333120
       18880        16384         607.252    618659840     38666240
       18880        32768        1206.809   1237319680     77332480
       20736            1          20.518        41472         2592
       20736            2           0.611        82944         5184
       20736            4           0.541       165888        10368
       20736            8           0.771       331776        20736
       20736           16           0.812       663552        41472
       20736           32           1.643      1327104        82944
       20736           64           2.806      2654208       165888
       20736          128           5.570      5308416       331776
       20736          256          10.549     10616832       663552
       20736          512          21.209     21233664      1327104
       20736         1024          41.366     42467328      2654208
       20736         2048          82.362     84934656      5308416
       20736         4096         164.413    169869312     10616832
       20736         8192         337.212    339738624     21233664
       20736        16384         656.853    679477248     42467328
       20736        32768        1327.271   1358954496     84934656
       22784            1          37.188        45568         2848
       22784            2           0.481        91136         5696
       22784            4           0.571       182272        11392
       22784            8           0.651       364544        22784
       22784           16           1.002       729088        45568
       22784           32           1.643      1458176        91136
       22784           64           3.036      2916352       182272
       22784          128           5.801      5832704       364544
       22784          256          11.481     11665408       729088
       22784          512          22.772     23330816      1458176
       22784         1024          45.304     46661632      2916352
       22784         2048          90.397     93323264      5832704
       22784         4096         180.593    186646528     11665408
       22784         8192         367.899    373293056     23330816
       22784        16384         725.359    746586112     46661632
       22784        32768        1456.289   1493172224     93323264
       25024            1          22.341        50048         3128
       25024            2           0.571       100096         6256
       25024            4           0.742       200192        12512
       25024            8           0.932       400384        25024
       25024           16           1.453       800768        50048
       25024           32           2.435      1601536       100096
       25024           64           3.627      3203072       200192
       25024          128           7.574      6406144       400384
       25024          256          13.174     12812288       800768
       25024          512          25.136     25624576      1601536
       25024         1024          50.113     51249152      3203072
       25024         2048          99.593    102498304      6406144
       25024         4096         198.837    204996608     12812288
       25024         8192         403.274    409993216     25624576
       25024        16384         798.324    819986432     51249152
       25024        32768        1599.443   1639972864    102498304
       27520            1          27.591        55040         3440
       27520            2           0.551       110080         6880
       27520            4           0.881       220160        13760
       27520            8           0.781       440320        27520
       27520           16           1.302       880640        55040
       27520           32           2.074      1761280       110080
       27520           64           3.888      3522560       220160
       27520          128           7.133      7045120       440320
       27520          256          13.946     14090240       880640
       27520          512          27.551     28180480      1761280
       27520         1024          54.791     56360960      3522560
       27520         2048         109.271    112721920      7045120
       27520         4096         230.055    225443840     14090240
       27520         8192         436.285    450887680     28180480
       27520        16384         877.059    901775360     56360960
       27520        32768        1751.044   1803550720    112721920
       30272            1          24.405        60544         3784
       30272            2           0.561       121088         7568
       30272            4           0.622       242176        15136
       30272            8           0.831       484352        30272
       30272           16           1.443       968704        60544
       30272           32           2.185      1937408       121088
       30272           64           4.208      3874816       242176
       30272          128           7.845      7749632       484352
       30272          256          15.318     15499264       968704
       30272          512          30.326     30998528      1937408
       30272         1024          60.372     61997056      3874816
       30272         2048         120.443    123994112      7749632
       30272         4096         240.985    247988224     15499264
       30272         8192         490.025    495976448     30998528
       30272        16384         963.770    991952896     61997056
       30272        32768        1934.222   1983905792    123994112
       33280            1          27.461        66560         4160
       33280            2           0.711       133120         8320
       33280            4           0.661       266240        16640
       33280            8           1.313       532480        33280
       33280           16           1.423      1064960        66560
       33280           32           2.555      2129920       133120
       33280           64           4.739      4259840       266240
       33280          128           9.127      8519680       532480
       33280          256          17.993     17039360      1064960
       33280          512          35.715     34078720      2129920
       33280         1024          71.232     68157440      4259840
       33280         2048         149.376    136314880      8519680
       33280         4096         283.954    272629760     17039360
       33280         8192         534.978    545259520     34078720
       33280        16384        1063.143   1090519040     68157440
       36608            1          25.647        73216         4576
       36608            2           0.711       146432         9152
       36608            4           0.681       292864        18304
       36608            8           0.912       585728        36608
       36608           16           1.563      1171456        73216
       36608           32           2.525      2342912       146432
       36608           64           5.370      4685824       292864
       36608          128           9.548      9371648       585728
       36608          256          18.685     18743296      1171456
       36608          512          36.568     37486592      2342912
       36608         1024          74.588     74973184      4685824
       36608         2048         147.532    149946368      9371648
       36608         4096         291.148    299892736     18743296
       36608         8192         590.791    599785472     37486592
       36608        16384        1191.370   1199570944     74973184
       40256            1          26.278        80512         5032
       40256            2           0.632       161024        10064
       40256            4           0.851       322048        20128
       40256            8           0.912       644096        40256
       40256           16           1.774      1288192        80512
       40256           32           2.925      2576384       161024
       40256           64           5.440      5152768       322048
       40256          128          10.369     10305536       644096
       40256          256          20.488     20611072      1288192
       40256          512          40.656     41222144      2576384
       40256         1024          81.450     82444288      5152768
       40256         2048         162.500    164888576     10305536
       40256         4096         331.241    329777152     20611072
       40256         8192         648.818    659554304     41222144
       40256        16384        1286.505   1319108608     82444288
       44224            1          25.527        88448         5528
       44224            2           0.641       176896        11056
       44224            4           0.731       353792        22112
       44224            8           1.252       707584        44224
       44224           16           1.783      1415168        88448
       44224           32           3.527      2830336       176896
       44224           64           6.211      5660672       353792
       44224          128          13.355     11321344       707584
       44224          256          25.457     22642688      1415168
       44224          512          46.736     45285376      2830336
       44224         1024          93.072     90570752      5660672
       44224         2048         185.773    181141504     11321344
       44224         4096         371.195    362283008     22642688
       44224         8192         708.458    724566016     45285376
       44224        16384        1412.048   1449132032     90570752
       48640            1          25.166        97280         6080
       48640            2           0.771       194560        12160
       48640            4           0.811       389120        24320
       48640            8           1.323       778240        48640
       48640           16           1.994      1556480        97280
       48640           32           3.457      3112960       194560
       48640           64           6.402      6225920       389120
       48640          128          24.285     12451840       778240
       48640          256          24.645     24903680      1556480
       48640          512          48.810     49807360      3112960
       48640         1024          97.180     99614720      6225920
       48640         2048         198.637    199229440     12451840
       48640         4096         404.727    398458880     24903680
       48640         8192         776.984    796917760     49807360
       48640        16384        1554.040   1593835520     99614720
       53504            1          25.527       107008         6688
       53504            2           0.722       214016        13376
       53504            4           0.832       428032        26752
       53504            8           1.423       856064        53504
       53504           16           2.094      1712128       107008
       53504           32           3.727      3424256       214016
       53504           64           7.113      6848512       428032
       53504          128          13.775     13697024       856064
       53504          256          27.000     27394048      1712128
       53504          512          53.369     54788096      3424256
       53504         1024         106.807    109576192      6848512
       53504         2048         215.839    219152384     13697024
       53504         4096         430.895    438304768     27394048
       53504         8192         863.495    876609536     54788096
       53504        16384        1713.555   1753219072    109576192
       58816            1          34.043       117632         7352
       58816            2           0.701       235264        14704
       58816            4           0.951       470528        29408
       58816            8           1.583       941056        58816
       58816           16           2.254      1882112       117632
       58816           32           4.127      3764224       235264
       58816           64           7.895      7528448       470528
       58816          128          15.188     15056896       941056
       58816          256          29.555     30113792      1882112
       58816          512          59.099     60227584      3764224
       58816         1024         117.767    120455168      7528448
       58816         2048         244.742    240910336     15056896
       58816         4096         474.125    481820672     30113792
       58816         8192         936.730    963641344     60227584
       58816        16384        1879.400   1927282688    120455168
       64640            1          27.320       129280         8080
       64640            2           0.721       258560        16160
       64640            4           1.133       517120        32320
       64640            8           1.693      1034240        64640
       64640           16           2.474      2068480       129280
       64640           32           4.738      4136960       258560
       64640           64           8.566      8273920       517120
       64640          128          16.511     16547840      1034240
       64640          256          32.641     33095680      2068480
       64640          512          76.481     66191360      4136960
       64640         1024         129.489    132382720      8273920
       64640         2048         257.826    264765440     16547840
       64640         4096         517.886    529530880     33095680
       64640         8192        1030.503   1059061760     66191360
       64640        16384        2074.711   2118123520    132382720
       71104            1          26.108       142208         8888
       71104            2           0.692       284416        17776
       71104            4           1.232       568832        35552
       71104            8           1.653      1137664        71104
       71104           16           2.705      2275328       142208
       71104           32           4.839      4550656       284416
       71104           64           9.297      9101312       568832
       71104          128          18.144     18202624      1137664
       71104          256          35.716     36405248      2275328
       71104          512          70.921     72810496      4550656
       71104         1024         141.341    145620992      9101312
       71104         2048         297.419    291241984     18202624
       71104         4096         602.423    582483968     36405248
       71104         8192        1133.793   1164967936     72810496
       78208            1          27.401       156416         9776
       78208            2           0.922       312832        19552
       78208            4           1.052       625664        39104
       78208            8           1.903      1251328        78208
       78208           16           3.025      2502656       156416
       78208           32           5.350      5005312       312832
       78208           64          10.329     10010624       625664
       78208          128          20.107     20021248      1251328
       78208          256          39.383     40042496      2502656
       78208          512          78.956     80084992      5005312
       78208         1024         167.249    160169984     10010624
       78208         2048         313.429    320339968     20021248
       78208         4096         662.673    640679936     40042496
       78208         8192        1250.088   1281359872     80084992
       86016            1          26.930       172032        10752
       86016            2           1.162       344064        21504
       86016            4           1.162       688128        43008
       86016            8           2.074      1376256        86016
       86016           16           3.236      2752512       172032
       86016           32           5.981      5505024       344064
       86016           64          12.353     11010048       688128
       86016          128          24.465     22020096      1376256
       86016          256          43.680     44040192      2752512
       86016          512          87.842     88080384      5505024
       86016         1024         173.029    176160768     11010048
       86016         2048         342.512    352321536     22020096
       86016         4096         690.856    704643072     44040192
       86016         8192        1372.815   1409286144     88080384
       94592            1          16.090       189184        11824
       94592            2           1.072       378368        23648
       94592            4           1.332       756736        47296
       94592            8           2.234      1513472        94592
       94592           16           3.577      3026944       189184
       94592           32           6.482      6053888       378368
       94592           64          12.342     12107776       756736
       94592          128          24.535     24215552      1513472
       94592          256          47.778     48431104      3026944
       94592          512          95.456     96862208      6053888
       94592         1024         191.143    193724416     12107776
       94592         2048         379.060    387448832     24215552
       94592         4096         759.252    774897664     48431104
       94592         8192        1511.672   1549795328     96862208
      104000            1          22.411       208000        13000
      104000            2           1.372       416000        26000
      104000            4           1.432       832000        52000
      104000            8           2.414      1664000       104000
      104000           16           3.908      3328000       208000
      104000           32           7.273      6656000       416000
      104000           64          13.565     13312000       832000
      104000          128          26.760     26624000      1664000
      104000          256          53.148     53248000      3328000
      104000          512         106.346    106496000      6656000
      104000         1024         212.753    212992000     13312000
      104000         2048         451.744    425984000     26624000
      104000         4096         851.081    851968000     53248000
      104000         8192        1660.767   1703936000    106496000
      114368            1          36.958       228736        14296
      114368            2           0.982       457472        28592
      114368            4           1.543       914944        57184
      114368            8           2.605      1829888       114368
      114368           16           4.248      3659776       228736
      114368           32           7.794      7319552       457472
      114368           64          14.967     14639104       914944
      114368          128          29.184     29278208      1829888
      114368          256          57.866     58556416      3659776
      114368          512         126.834    117112832      7319552
      114368         1024         229.533    234225664     14639104
      114368         2048         457.615    468451328     29278208
      114368         4096         969.080    936902656     58556416
      114368         8192        1838.495   1873805312    117112832
      125760            1          42.759       251520        15720
      125760            2           1.041       503040        31440
      125760            4           1.664      1006080        62880
      125760            8           2.725      2012160       125760
      125760           16           4.859      4024320       251520
      125760           32           8.476      8048640       503040
      125760           64          16.510     16097280      1006080
      125760          128          32.200     32194560      2012160
      125760          256          64.259     64389120      4024320
      125760          512         132.014    128778240      8048640
      125760         1024         262.474    257556480     16097280
      125760         2048         504.492    515112960     32194560
      125760         4096        1008.733   1030225920     64389120
      125760         8192        2010.653   2060451840    128778240
      138304            1           2.955       276608        17288
      138304            2           1.343       553216        34576
      138304            4           1.834      1106432        69152
      138304            8           2.936      2212864       138304
      138304           16           5.099      4425728       276608
      138304           32           9.527      8851456       553216
      138304           64          18.274     17702912      1106432
      138304          128          35.546     35405824      2212864
      138304          256          70.360     70811648      4425728
      138304          512         139.808    141623296      8851456
      138304         1024         286.008    283246592     17702912
      138304         2048         557.650    566493184     35405824
      138304         4096        1117.113   1132986368     70811648
      152128            1           2.865       304256        19016
      152128            2           1.442       608512        38032
      152128            4           2.064      1217024        76064
      152128            8           3.406      2434048       152128
      152128           16           5.740      4868096       304256
      152128           32          10.510      9736192       608512
      152128           64          20.278     19472384      1217024
      152128          128          39.563     38944768      2434048
      152128          256          78.324     77889536      4868096
      152128          512         167.870    155779072      9736192
      152128         1024         314.040    311558144     19472384
      152128         2048         646.103    623116288     38944768
      152128         4096        1249.337   1246232576     77889536
      167296            1           3.086       334592        20912
      167296            2           1.563       669184        41824
      167296            4           2.304      1338368        83648
      167296            8           3.827      2676736       167296
      167296           16           6.332      5353472       334592
      167296           32          11.922     10706944       669184
      167296           64          22.471     21413888      1338368
      167296          128          43.951     42827776      2676736
      167296          256          87.231     85655552      5353472
      167296          512         173.230    171311104     10706944
      167296         1024         360.305    342622208     21413888
      167296         2048         690.625    685244416     42827776
      167296         4096        1402.490   1370488832     85655552
      184000            1           2.464       368000        23000
      184000            2           1.743       736000        46000
      184000            4           2.715      1472000        92000
      184000            8           3.918      2944000       184000
      184000           16           6.893      5888000       368000
      184000           32          12.703     11776000       736000
      184000           64          24.586     23552000      1472000
      184000          128          48.129     47104000      2944000
      184000          256          95.337     94208000      5888000
      184000          512         195.240    188416000     11776000
      184000         1024         396.572    376832000     23552000
      184000         2048         758.751    753664000     47104000
      184000         4096        1519.346   1507328000     94208000
      202368            1           2.675       404736        25296
      202368            2           1.984       809472        50592
      202368            4           3.135      1618944       101184
      202368            8           4.518      3237888       202368
      202368           16           7.775      6475776       404736
      202368           32          14.467     12951552       809472
      202368           64          27.902     25903104      1618944
      202368          128          54.601     51806208      3237888
      202368          256         108.400    103612416      6475776
      202368          512         222.551    207224832     12951552
      202368         1024         430.415    414449664     25903104
      202368         2048         838.438    828899328     51806208
      202368         4096        1670.174   1657798656    103612416
      222592            1           2.996       445184        27824
      222592            2           1.994       890368        55648
      222592            4           2.986      1780736       111296
      222592            8           4.739      3561472       222592
      222592           16           8.285      7122944       445184
      222592           32          15.308     14245888       890368
      222592           64          29.655     28491776      1780736
      222592          128          58.297     56983552      3561472
      222592          256         115.232    113967104      7122944
      222592          512         229.053    227934208     14245888
      222592         1024         463.205    455868416     28491776
      222592         2048         917.304    911736832     56983552
      222592         4096        1832.454   1823473664    113967104
      244800            1           4.058       489600        30600
      244800            2           2.134       979200        61200
      244800            4           3.146      1958400       122400
      244800            8           5.170      3916800       244800
      244800           16           9.147      7833600       489600
      244800           32          16.962     15667200       979200
      244800           64          32.740     31334400      1958400
      244800          128          64.148     62668800      3916800
      244800          256         126.974    125337600      7833600
      244800          512         252.807    250675200     15667200
      244800         1024         513.789    501350400     31334400
      244800         2048        1012.860   1002700800     62668800
      244800         4096        2018.006   2005401600    125337600
      269248            1           4.278       538496        33656
      269248            2           2.414      1076992        67312
      269248            4           3.546      2153984       134624
      269248            8           5.721      4307968       269248
      269248           16           9.829      8615936       538496
      269248           32          18.464     17231872      1076992
      269248           64          48.059     34463744      2153984
      269248          128          70.681     68927488      4307968
      269248          256         139.527    137854976      8615936
      269248          512         277.252    275709952     17231872
      269248         1024         555.165    551419904     34463744
      269248         2048        1112.935   1102839808     68927488
      296128            1           4.619       592256        37016
      296128            2           2.555      1184512        74032
      296128            4           3.897      2369024       148064
      296128            8           6.161      4738048       296128
      296128           16          11.090      9476096       592256
      296128           32          20.438     18952192      1184512
      296128           64          39.623     37904384      2369024
      296128          128          81.240     75808768      4738048
      296128          256         153.834    151617536      9476096
      296128          512         306.075    303235072     18952192
      296128         1024         617.340    606470144     37904384
      296128         2048        1227.937   1212940288     75808768
      325696            1           3.266       651392        40712
      325696            2           2.815      1302784        81424
      325696            4           4.388      2605568       162848
      325696            8           6.842      5211136       325696
      325696           16          11.992     10422272       651392
      325696           32          22.421     20844544      1302784
      325696           64          43.380     41689088      2605568
      325696          128          85.228     83378176      5211136
      325696          256         180.453    166756352     10422272
      325696          512         334.367    333512704     20844544
      325696         1024         674.456    667025408     41689088
      325696         2048        1344.573   1334050816     83378176
      358208            1           3.366       716416        44776
      358208            2           3.156      1432832        89552
      358208            4           4.628      2865664       179104
      358208            8           7.444      5731328       358208
      358208           16          13.235     11462656       716416
      358208           32          24.695     22925312      1432832
      358208           64          47.909     45850624      2865664
      358208          128          93.463     91701248      5731328
      358208          256         185.212    183402496     11462656
      358208          512         376.956    366804992     22925312
      358208         1024         734.887    733609984     45850624
      358208         2048        1476.095   1467219968     91701248
      393984            1           5.900       787968        49248
      393984            2           3.346      1575936        98496
      393984            4           5.060      3151872       196992
      393984            8           8.205      6303744       393984
      393984           16          14.647     12607488       787968
      393984           32          27.270     25214976      1575936
      393984           64          52.998     50429952      3151872
      393984          128         103.291    100859904      6303744
      393984          256         216.750    201719808     12607488
      393984          512         409.065    403439616     25214976
      393984         1024         817.008    806879232     50429952
      393984         2048        1627.015   1613758464    100859904
      433344            1           4.238       866688        54168
      433344            2           3.867      1733376       108336
      433344            4           5.661      3466752       216672
      433344            8           8.947      6933504       433344
      433344           16          15.799     13867008       866688
      433344           32          29.705     27734016      1733376
      433344           64          69.819     55468032      3466752
      433344          128         112.848    110936064      6933504
      433344          256         224.475    221872128     13867008
      433344          512         446.675    443744256     27734016
      433344         1024         899.270    887488512     55468032
      433344         2048        1790.586   1774977024    110936064
      476672            1           4.468       953344        59584
      476672            2           4.078      1906688       119168
      476672            4           6.191      3813376       238336
      476672            8           9.869      7626752       476672
      476672           16          17.753     15253504       953344
      476672           32          33.061     30507008      1906688
      476672           64          62.986     61014016      3813376
      476672          128         124.049    122028032      7626752
      476672          256         254.821    244056064     15253504
      476672          512         490.256    488112128     30507008
      476672         1024         985.009    976224256     61014016
      476672         2048        1965.349   1952448512    122028032
      524288            1           4.719      1048576        65536
      524288            2           4.558      2097152       131072
      524288            4           6.733      4194304       262144
      524288            8          10.790      8388608       524288
      524288           16          19.186     16777216      1048576
      524288           32          35.956     33554432      2097152
      524288           64          81.361     67108864      4194304
      524288          128         136.953    134217728      8388608
      524288          256         291.278    268435456     16777216
      524288          512         585.331    536870912     33554432
      524288         1024        1080.224   1073741824     67108864
      524288         2048        2162.523   2147483648    134217728
      576704            1           8.145      1153408        72088
      576704            2           4.879      2306816       144176
      576704            4           7.283      4613632       288352
      576704            8          12.002      9227264       576704
      576704           16          20.949     18454528      1153408
      576704           32          39.493     36909056      2306816
      576704           64          76.251     73818112      4613632
      576704          128         150.518    147636224      9227264
      576704          256         320.132    295272448     18454528
      576704          512         607.421    590544896     36909056
      576704         1024        1191.310   1181089792     73818112
      634368            1           6.782      1268736        79296
      634368            2           5.440      2537472       158592
      634368            4           8.205      5074944       317184
      634368            8          14.797     10149888       634368
      634368           16          26.168     20299776      1268736
      634368           32          46.426     40599552      2537472
      634368           64          89.796     81199104      5074944
      634368          128         177.317    162398208     10149888
      634368          256         362.299    324796416     20299776
      634368          512         654.409    649592832     40599552
      634368         1024        1308.255   1299185664     81199104
      697792            1           6.162      1395584        87224
      697792            2           5.800      2791168       174448
      697792            4           8.946      5582336       348896
      697792            8          14.336     11164672       697792
      697792           16          25.286     22329344      1395584
      697792           32          47.598     44658688      2791168
      697792           64          92.631     89317376      5582336
      697792          128         181.736    178634752     11164672
      697792          256         363.151    357269504     22329344
      697792          512         758.070    714539008     44658688
      697792         1024        1442.764   1429078016     89317376
      767552            1           6.432      1535104        95944
      767552            2           6.422      3070208       191888
      767552            4           9.648      6140416       383776
      767552            8          15.689     12280832       767552
      767552           16          27.881     24561664      1535104
      767552           32          52.447     49123328      3070208
      767552           64         101.428     98246656      6140416
      767552          128         199.779    196493312     12280832
      767552          256         395.140    392986624     24561664
      767552          512         793.315    785973248     49123328
      767552         1024        1590.547   1571946496     98246656
      844288            1           8.235      1688576       105536
      844288            2           6.933      3377152       211072
      844288            4          10.509      6754304       422144
      844288            8          17.121     13508608       844288
      844288           16          30.686     27017216      1688576
      844288           32          58.157     54034432      3377152
      844288           64         111.677    108068864      6754304
      844288          128         219.776    216137728     13508608
      844288          256         455.692    432275456     27017216
      844288          512         875.006    864550912     54034432
      844288         1024        1739.382   1729101824    108068864
      928704            1           8.225      1857408       116088
      928704            2           7.754      3714816       232176
      928704            4          11.731      7429632       464352
      928704            8          18.885     14859264       928704
      928704           16          33.752     29718528      1857408
      928704           32          63.347     59437056      3714816
      928704           64         123.038    118874112      7429632
      928704          128         241.596    237748224     14859264
      928704          256         487.871    475496448     29718528
      928704          512         957.398    950992896     59437056
      928704         1024        1915.347   1901985792    118874112
     1021568            1          12.393      2043136       127696
     1021568            2           8.636      4086272       255392
     1021568            4          12.473      8172544       510784
     1021568            8          20.568     16345088      1021568
     1021568           16          37.409     32690176      2043136
     1021568           32          69.959     65380352      4086272
     1021568           64         135.691    130760704      8172544
     1021568          128         265.420    261521408     16345088
     1021568          256         535.940    523042816     32690176
     1021568          512        1056.210   1046085632     65380352
     1021568         1024        2106.930   2092171264    130760704
     1123712            1          10.389      2247424       140464
     1123712            2           9.427      4494848       280928
     1123712            4          13.825      8989696       561856
     1123712            8          22.842     17979392      1123712
     1123712           16          52.777     35958784      2247424
     1123712           32          76.481     71917568      4494848
     1123712           64         148.024    143835136      8989696
     1123712          128         292.991    287670272     17979392
     1123712          256         627.479    575340544     35958784
     1123712          512        1162.667   1150681088     71917568
     1236032            1          14.597      2472064       154504
     1236032            2          10.209      4944128       309008
     1236032            4          15.308      9888256       618016
     1236032            8          25.247     19776512      1236032
     1236032           16          45.004     39553024      2472064
     1236032           32          84.916     79106048      4944128
     1236032           64         163.752    158212096      9888256
     1236032          128         354.515    316424192     19776512
     1236032          256         642.226    632848384     39553024
     1236032          512        1279.563   1265696768     79106048
     1359616            1          12.903      2719232       169952
     1359616            2          11.090      5438464       339904
     1359616            4          30.236     10876928       679808
     1359616            8          27.501     21753856      1359616
     1359616           16          49.512     43507712      2719232
     1359616           32          92.350     87015424      5438464
     1359616           64         179.521    174030848     10876928
     1359616          128         355.647    348061696     21753856
     1359616          256         701.716    696123392     43507712
     1359616          512        1405.756   1392246784     87015424
     1495552            1          18.514      2991104       186944
     1495552            2          12.123      5982208       373888
     1495552            4          18.485     11964416       747776
     1495552            8          30.095     23928832      1495552
     1495552           16          54.220     47857664      2991104
     1495552           32         114.882     95715328      5982208
     1495552           64         197.505    191430656     11964416
     1495552          128         389.740    382861312     23928832
     1495552          256         777.185    765722624     47857664
     1495552          512        1542.298   1531445248     95715328
     1645056            1          36.557      3290112       205632
     1645056            2          11.882      6580224       411264
     1645056            4          20.317     13160448       822528
     1645056            8          33.301     26320896      1645056
     1645056           16          59.500     52641792      3290112
     1645056           32         112.337    105283584      6580224
     1645056           64         217.151    210567168     13160448
     1645056          128         428.161    421134336     26320896
     1645056          256         858.475    842268672     52641792
     1645056          512        1700.080   1684537344    105283584
     1809536            1          25.057      3619072       226192
     1809536            2          15.739      7238144       452384
     1809536            4          21.871     14476288       904768
     1809536            8          36.417     28952576      1809536
     1809536           16          65.612     57905152      3619072
     1809536           32         138.326    115810304      7238144
     1809536           64         243.840    231620608     14476288
     1809536          128         472.182    463241216     28952576
     1809536          256         939.716    926482432     57905152
     1809536          512        1879.451   1852964864    115810304
     1990464            1          27.250      3980928       248808
     1990464            2          17.051      7961856       497616
     1990464            4          24.475     15923712       995232
     1990464            8          40.295     31847424      1990464
     1990464           16          75.760     63694848      3980928
     1990464           32         136.061    127389696      7961856
     1990464           64         264.438    254779392     15923712
     1990464          128         526.101    509558784     31847424
     1990464          256        1037.756   1019117568     63694848
     1990464          512        2066.777   2038235136    127389696
     2189504            1          32.129      4379008       273688
     2189504            2          18.634      8758016       547376
     2189504            4          29.084     17516032      1094752
     2189504            8          47.427     35032064      2189504
     2189504           16          85.588     70064128      4379008
     2189504           32         160.367    140128256      8758016
     2189504           64         320.081    280256512     17516032
     2189504          128         579.710    560513024     35032064
     2189504          256        1153.761   1121026048     70064128
     2408448            1          37.128      4816896       301056
     2408448            2          37.910      9633792       602112
     2408448            4          30.015     19267584      1204224
     2408448            8          49.521     38535168      2408448
     2408448           16          89.285     77070336      4816896
     2408448           32         168.642    154140672      9633792
     2408448           64         329.258    308281344     19267584
     2408448          128         645.693    616562688     38535168
     2408448          256        1280.525   1233125376     77070336
     2649280            1          33.242      5298560       331160
     2649280            2          27.621     10597120       662320
     2649280            4          33.051     21194240      1324640
     2649280            8          55.042     42388480      2649280
     2649280           16         105.114     84776960      5298560
     2649280           32         198.997    169553920     10597120
     2649280           64         378.599    339107840     21194240
     2649280          128         718.156    678215680     42388480
     2649280          256        1419.962   1356431360     84776960
     2914176            1          53.048      5828352       364272
     2914176            2          32.580     11656704       728544
     2914176            4          35.977     23313408      1457088
     2914176            8          59.871     46626816      2914176
     2914176           16         107.529     93253632      5828352
     2914176           32         222.731    186507264     11656704
     2914176           64         409.607    373014528     23313408
     2914176          128         782.114    746029056     46626816
     2914176          256        1545.945   1492058112     93253632
     3205568            1          79.968      6411136       400696
     3205568            2          33.291     12822272       801392
     3205568            4          42.308     25644544      1602784
     3205568            8          69.709     51289088      3205568
     3205568           16         123.217    102578176      6411136
     3205568           32         233.481    205156352     12822272
     3205568           64         458.106    410312704     25644544
     3205568          128         898.208    820625408     51289088
     3205568          256        1694.168   1641250816    102578176
     3526080            1          98.301      7052160       440760
     3526080            2          36.919     14104320       881520
     3526080            4          43.290     28208640      1763040
     3526080            8          72.023     56417280      3526080
     3526080           16         128.908    112834560      7052160
     3526080           32         252.266    225669120     14104320
     3526080           64         475.869    451338240     28208640
     3526080          128         938.383    902676480     56417280
     3526080          256        1870.564   1805352960    112834560
     3878656            1         157.851      7757312       484832
     3878656            2          44.201     15514624       969664
     3878656            4          47.407     31029248      1939328
     3878656            8          89.746     62058496      3878656
     3878656           16         141.792    124116992      7757312
     3878656           32         270.159    248233984     15514624
     3878656           64         518.518    496467968     31029248
     3878656          128        1027.126    992935936     62058496
     3878656          256        2035.760   1985871872    124116992
     4266496            1         165.426      8532992       533312
     4266496            2          49.902     17065984      1066624
     4266496            4          57.727     34131968      2133248
     4266496            8          95.556     68263936      4266496
     4266496           16         169.513    136527872      8532992
     4266496           32         324.540    273055744     17065984
     4266496           64         569.952    546111488     34131968
     4266496          128        1129.516   1092222976     68263936
     4693120            1         199.218      9386240       586640
     4693120            2          75.900     18772480      1173280
     4693120            4          57.587     37544960      2346560
     4693120            8          95.326     75089920      4693120
     4693120           16         170.755    150179840      9386240
     4693120           32         327.465    300359680     18772480
     4693120           64         628.511    600719360     37544960
     4693120          128        1242.935   1201438720     75089920
     5162432            1         204.959     10324864       645304
     5162432            2          59.590     20649728      1290608
     5162432            4          63.097     41299456      2581216
     5162432            8         104.964     82598912      5162432
     5162432           16         190.602    165197824     10324864
     5162432           32         361.607    330395648     20649728
     5162432           64         698.230    660791296     41299456
     5162432          128        1368.527   1321582592     82598912
     5678656            1         244.813     11357312       709832
     5678656            2          62.715     22714624      1419664
     5678656            4          77.113     45429248      2839328
     5678656            8         127.836     90858496      5678656
     5678656           16         228.011    181716992     11357312
     5678656           32         396.452    363433984     22714624
     5678656           64         804.025    726867968     45429248
     5678656          128        1504.318   1453735936     90858496
     6246464            1         314.170     12492928       780808
     6246464            2          77.473     24985856      1561616
     6246464            4          79.457     49971712      3123232
     6246464            8         132.886     99943424      6246464
     6246464           16         244.491    199886848     12492928
     6246464           32         467.363    399773696     24985856
     6246464           64         844.068    799547392     49971712
     6246464          128        1654.956   1599094784     99943424
     6871104            1         348.824     13742208       858888
     6871104            2          88.995     27484416      1717776
     6871104            4          85.307     54968832      3435552
     6871104            8         142.463    109937664      6871104
     6871104           16         252.947    219875328     13742208
     6871104           32         484.144    439750656     27484416
     6871104           64         968.338    879501312     54968832
     6871104          128        1823.157   1759002624    109937664
     7558208            1         382.476     15116416       944776
     7558208            2          90.187     30232832      1889552
     7558208            4          92.291     60465664      3779104
     7558208            8         156.590    120931328      7558208
     7558208           16         275.910    241862656     15116416
     7558208           32         525.571    483725312     30232832
     7558208           64        1019.573    967450624     60465664
     7558208          128        2008.769   1934901248    120931328
     8313984            1         452.936     16627968      1039248
     8313984            2          99.884     33255936      2078496
     8313984            4         104.993     66511872      4156992
     8313984            8         169.183    133023744      8313984
     8313984           16         310.713    266047488     16627968
     8313984           32         579.299    532094976     33255936
     8313984           64        1124.176   1064189952     66511872
     8313984          128        2211.243   2128379904    133023744
     9145344            1         492.249     18290688      1143168
     9145344            2         139.839     36581376      2286336
     9145344            4         123.848     73162752      4572672
     9145344            8         224.545    146325504      9145344
     9145344           16         371.516    292651008     18290688
     9145344           32         691.757    585302016     36581376
     9145344           64        1288.289   1170604032     73162752
    10059840            1         557.149     20119680      1257480
    10059840            2         216.951     40239360      2514960
    10059840            4         143.876     80478720      5029920
    10059840            8         240.334    160957440     10059840
    10059840           16         468.224    321914880     20119680
    10059840           32         798.094    643829760     40239360
    10059840           64        1601.207   1287659520     80478720
    11065792            1         582.025     22131584      1383224
    11065792            2         386.964     44263168      2766448
    11065792            4         333.375     88526336      5532896
    11065792            8         427.719    177052672     11065792
    11065792           16         812.401    354105344     22131584
    11065792           32        1361.003    708210688     44263168
    11065792           64        2358.135   1416421376     88526336
    12172352            1         667.483     24344704      1521544
    12172352            2         627.729     48689408      3043088
    12172352            4         738.464     97378816      6086176
    12172352            8         619.274    194757632     12172352
    12172352           16        1481.886    389515264     24344704
    12172352           32        2207.226    779030528     48689408
    12172352           64        3151.569   1558061056     97378816
    13389568            1         742.361     26779136      1673696
    13389568            2         964.711     53558272      3347392
    13389568            4        1440.771    107116544      6694784
    13389568            8        1015.506    214233088     13389568
    13389568           16        2834.504    428466176     26779136
    13389568           32        3300.535    856932352     53558272
    13389568           64        4519.606   1713864704    107116544
    14728512            1         873.593     29457024      1841064
    14728512            2        1712.833     58914048      3682128
    14728512            4        2337.286    117828096      7364256
    14728512            8        2780.344    235656192     14728512
    14728512           16        3745.647    471312384     29457024
    14728512           32        4641.110    942624768     58914048
    14728512           64        6627.088   1885249536    117828096
    16201344            1         948.351     32402688      2025168
    16201344            2        2092.093     64805376      4050336
    16201344            4        3161.909    129610752      8100672
    16201344            8        5183.202    259221504     16201344
    16201344           16        7795.716    518443008     32402688
    16201344           32        9009.077   1036886016     64805376
    16201344           64       11950.628   2073772032    129610752
    17821440            1        1052.142     35642880      2227680
    17821440            2        2361.951     71285760      4455360
    17821440            4        3629.873    142571520      8910720
    17821440            8        5981.916    285143040     17821440
    17821440           16       10851.578    570286080     35642880
    17821440           32       20216.332   1140572160     71285760
    19603584            1        1181.031     39207168      2450448
    19603584            2        2685.509     78414336      4900896
    19603584            4        4046.663    156828672      9801792
    19603584            8        6594.117    313657344     19603584
    19603584           16       11851.946    627314688     39207168
    19603584           32       22321.339   1254629376     78414336
    21563904            1        1281.657     43127808      2695488
    21563904            2        2900.256     86255616      5390976
    21563904            4        4390.106    172511232     10781952
    21563904            8        7211.376    345022464     21563904
    21563904           16       12963.669    690044928     43127808
    21563904           32       24619.573   1380089856     86255616
    23720256            1        1451.991     47440512      2965032
    23720256            2        3176.556     94881024      5930064
    23720256            4        4771.591    189762048     11860128
    23720256            8        7907.843    379524096     23720256
    23720256           16       14443.041    759048192     47440512
    23720256           32       26991.362   1518096384     94881024
    26092224            1        1616.105     52184448      3261528
    26092224            2        3524.438    104368896      6523056
    26092224            4        5219.058    208737792     13046112
    26092224            8        8755.518    417475584     26092224
    26092224           16       15761.235    834951168     52184448
    26092224           32       29667.634   1669902336    104368896
    28701440            1        1758.968     57402880      3587680
    28701440            2        3872.220    114805760      7175360
    28701440            4        5834.444    229611520     14350720
    28701440            8        9527.964    459223040     28701440
    28701440           16       17187.920    918446080     57402880
    28701440           32       32577.327   1836892160    114805760
    31571584            1        1970.278     63143168      3946448
    31571584            2        4296.214    126286336      7892896
    31571584            4        6273.936    252572672     15785792
    31571584            8       10387.472    505145344     31571584
    31571584           16       18860.859   1010290688     63143168
    31571584           32       35362.400   2020581376    126286336
    34728704            1        2165.609     69457408      4341088
    34728704            2        4695.190    138914816      8682176
    34728704            4        6946.197    277829632     17364352
    34728704            8       11569.755    555659264     34728704
    34728704           16       20889.355   1111318528     69457408
    38201536            1        2401.995     76403072      4775192
    38201536            2        5089.639    152806144      9550384
    38201536            4        7710.609    305612288     19100768
    38201536            8       12730.568    611224576     38201536
    38201536           16       22977.651   1222449152     76403072
    42021632            1        2651.948     84043264      5252704
    42021632            2        5693.654    168086528     10505408
    42021632            4        8352.964    336173056     21010816
    42021632            8       13962.553    672346112     42021632
    42021632           16       25128.553   1344692224     84043264
    46223744            1        2986.455     92447488      5777968
    46223744            2        6166.708    184894976     11555936
    46223744            4        9370.754    369789952     23111872
    46223744            8       15269.567    739579904     46223744
    46223744           16       27644.649   1479159808     92447488
    50846080            1        3213.724    101692160      6355760
    50846080            2        6857.133    203384320     12711520
    50846080            4       10306.983    406768640     25423040
    50846080            8       16860.525    813537280     50846080
    50846080           16       30423.400   1627074560    101692160
    55930688            1        3578.518    111861376      6991336
    55930688            2        7460.767    223722752     13982672
    55930688            4       11253.451    447445504     27965344
    55930688            8       18722.994    894891008     55930688
    55930688           16       33909.938   1789782016    111861376
    61523712            1        3956.767    123047424      7690464
    61523712            2        8284.579    246094848     15380928
    61523712            4       12265.540    492189696     30761856
    61523712            8       20494.525    984379392     61523712
    61523712           16       36855.157   1968758784    123047424
    67676032            1        4347.538    135352064      8459504
    67676032            2        9095.366    270704128     16919008
    67676032            4       13619.990    541408256     33838016
    67676032            8       22514.215   1082816512     67676032
    74443584            1        4845.307    148887168      9305448
    74443584            2        9943.622    297774336     18610896
    74443584            4       14875.269    595548672     37221792
    74443584            8       24962.837   1191097344     74443584
    81887936            1        5298.745    163775872     10235992
    81887936            2       10956.722    327551744     20471984
    81887936            4       16316.019    655103488     40943968
    81887936            8       27269.406   1310206976     81887936
    90076672            1        5859.360    180153344     11259584
    90076672            2       12001.542    360306688     22519168
    90076672            4       18098.652    720613376     45038336
    90076672            8       30047.386   1441226752     90076672
    99084288            1        6568.038    198168576     12385536
    99084288            2       13290.763    396337152     24771072
    99084288            4       19839.165    792674304     49542144
    99084288            8       33014.736   1585348608     99084288
   108992704            1        7274.022    217985408     13624088
   108992704            2       14584.502    435970816     27248176
   108992704            4       21934.124    871941632     54496352
   108992704            8       36568.067   1743883264    108992704
   119891968            1        7959.538    239783936     14986496
   119891968            2       16149.632    479567872     29972992
   119891968            4       24149.064    959135744     59945984
   119891968            8       40021.254   1918271488    119891968
   131881152            1        8660.212    263762304     16485144
   131881152            2       17565.697    527524608     32970288
   131881152            4       26566.288   1055049216     65940576
   131881152            8       44199.970   2110098432    131881152
   145069248            1        9547.140    290138496     18133656
   145069248            2       19468.681    580276992     36267312
   145069248            4       29233.333   1160553984     72534624
   159576128            1       10616.515    319152256     19947016
   159576128            2       21321.502    638304512     39894032
   159576128            4       32172.931   1276609024     79788064
   175533696            1       11596.354    351067392     21941712
   175533696            2       23532.245    702134784     43883424
   175533696            4       35013.806   1404269568     87766848
   193087040            1       12865.808    386174080     24135880
   193087040            2       25735.212    772348160     48271760
   193087040            4       38784.320   1544696320     96543520
   212395712            1       14115.396    424791424     26549464
   212395712            2       28318.654    849582848     53098928
   212395712            4       42333.013   1699165696    106197856
   233635264            1       15396.952    467270528     29204408
   233635264            2       31208.259    934541056     58408816
   233635264            4       46973.552   1869082112    116817632
   256998784            1       17082.244    513997568     32124848
   256998784            2       34279.541   1027995136     64249696
   256998784            4       51448.485   2055990272    128499392
   282698624            1       18736.760    565397248     35337328
   282698624            2       37779.705   1130794496     70674656
   310968448            1       20683.134    621936896     38871056
   310968448            2       41679.796   1243873792     77742112
   342065280            1       22848.532    684130560     42758160
   342065280            2       45710.630   1368261120     85516320
   376271808            1       24906.883    752543616     47033976
   376271808            2       50239.993   1505087232     94067952
   413898944            1       27515.641    827797888     51737368
   413898944            2       55506.048   1655595776    103474736
   455288832            1       30246.804    910577664     56911104
   455288832            2       60792.390   1821155328    113822208
   500817664            1       33169.381   1001635328     62602208
   500817664            2       66597.129   2003270656    125204416
   550899392            1       36518.485   1101798784     68862424
   605989312            1       40412.186   1211978624     75748664
   666588224            1       44450.473   1333176448     83323528
   733247040            1       48762.816   1466494080     91655880
   806571712            1       53494.544   1613143424    100821464
   887228864            1       59131.052   1774457728    110903608
   975951744            1       64791.024   1951903488    121993968
  1073546880            1       71677.490   2147093760    134193360

META_DATA
FLOPS          1
OPENMP_THREADS 8
ERT_VERSION  1.1.0
HOSTNAME  ('cachyos-laptop', [], ['127.0.1.1'])
UNAME  uname_result(system='Linux', node='cachyos-laptop', release='6.18.0-2-cachyos', version='#1 SMP PREEMPT_DYNAMIC Sat, 06 Dec 2025 07:42:36 +0000', machine='x86_64')
TIMESTAMP_DATA  1765907507.2019053
CONFIG  {'ERT_MPI': ['False'], 'ERT_OPENMP': ['True'], 'ERT_OPENMP_CFLAGS': ['-fopenmp'], 'ERT_OPENMP_LDFLAGS': ['-fopenmp'], 'ERT_PRECISION': ['FP64'], 'ERT_TRIALS_MIN': ['1'], 'ERT_TRIALS': ['3', '#', 'Run', 'each', 'test', '3', 'times', 'to', 'filter', 'out', 'background', 'noise'], 'ERT_RESULTS': ['Results/5500U'], 'ERT_GNUPLOT': ['gnuplot'], 'ERT_DRIVER': ['driver1'], 'ERT_KERNEL': ['kernel1'], 'ERT_CC': ['g++'], 'ERT_LD': ['g++'], 'ERT_CFLAGS': ['-O3', '-march=native', '-fopenmp', '-fstrict-aliasing', '-funroll-loops', '-Wno-all'], 'ERT_LDFLAGS': ['-O3', '-march=native', '-fopenmp'], 'ERT_LDLIBS': ['-lm'], 'ERT_RUN': ['export', 'OMP_NUM_THREADS=ERT_OPENMP_THREADS;', './ERT_CODE'], 'ERT_WORKING_SET_MIN': ['128'], 'ERT_MEMORY_MAX': ['1073741824'], 'ERT_ALIGN': ['64'], 'ERT_MIN_PROCS': ['1'], 'ERT_MAX_PROCS': ['1'], 'ERT_OPENMP_THREADS': ['1,2,4,8,12', '#', 'Logical', 'Threads'], 'ERT_NUM_EXPERIMENTS': ['5'], 'ERT_FLOPS': ['1,2,4,8'], 'ERT_GPU': [False], 'ERT_HIP': [False], 'ERT_OCL': [False], 'ERT_SYCL': [False], 'ERT_WSS_MULT': [1.1]}
