fp64
 1024 1048576 8327.628 8333.379 8374.464 256.43236964180636 257.69662558249183 257.8745890186257 32.054046205225795 32.21207819781148 32.234323627328216
 1120 524288 4555.031 4560.03 4563.387 257.353829513035 257.5432880924029 257.82593356664313 32.169228689129376 32.192911011550365 32.22824169583039
 1232 524288 5010.743 5013.247 5064.342 255.08657037775097 257.68641201999424 257.8151846941661 31.88582129721887 32.21080150249928 32.22689808677076
 1352 524288 5529.391 5535.292 5552.393 255.32680269570253 256.1156217232984 256.3889498861629 31.915850336962816 32.0144527154123 32.04861873577036
 1480 524288 6056.203 6057.656 6101.868 254.33071970747315 256.186960765022 256.248424961977 31.791339963434144 32.02337009562775 32.03105312024712
 1624 524288 6633.329 6642.957 6660.569 255.6669593844009 256.344791032066 256.7168647899117 31.958369923050114 32.04309887900825 32.089608098738964
 1784 524288 7286.826 7291.554 7332.33 255.12484899070282 256.55156417959734 256.7180256534189 31.890606123837852 32.06894552244967 32.089753206677365
 1960 524288 8000.233 8005.032 8009.881 256.5842064320306 256.73963077224425 256.893637972794 32.07302580400383 32.09245384653053 32.11170474659925
 2152 262144 4394.705 4396.188 4398.292 256.52407252633515 256.646844038517 256.73344991302037 32.06550906579189 32.08085550481462 32.091681239127546
 2360 262144 4817.707 4820.602 4826.693 256.3493638397967 256.6732702679043 256.82750735982904 32.04367047997459 32.084158783488036 32.10343841997863
 2592 262144 5270.362 5275.341 5318.471 255.51601127466898 257.60505264019895 257.84841648448435 31.939501409333623 32.20063158002487 32.23105206056054
 2848 262144 5794.149 5796.053 5809.258 257.0332087161562 257.6188009322896 257.7034563660686 32.129151089519524 32.2023501165362 32.21293204575858
 3128 262144 6370.825 6381.043 6431.527 254.9896570441203 257.00702283310113 257.41922969160197 31.873707130515037 32.12587785413764 32.177403711450246
 3440 262144 6996.199 6997.442 7039.559 256.2022308499723 257.74428998482585 257.7900828721424 32.02527885624654 32.21803624810323 32.2237603590178
 3784 262144 7706.0 7709.026 7742.778 256.2266142720352 257.3484370139626 257.4494928627044 32.0283267840044 32.168554626745326 32.18118660783805
 4160 131072 4556.504 4559.36 4560.291 239.1336517779238 239.18248175182487 239.33240045438345 29.891706472240475 29.89781021897811 29.91655005679793
 4576 131072 4963.385 4979.074 5021.072 238.90733771593 240.92249763711084 241.68404103248085 29.86341721449125 30.115312204638855 30.210505129060106
 5032 131072 5428.685 5439.725 5450.716 242.0064828180371 242.49545850203825 242.98860736992475 30.25081035225464 30.31193231275478 30.373575921240594
 5528 131072 5952.893 5957.12 5988.829 241.97251783278506 243.2605070906747 243.4332402749386 30.246564729098132 30.40756338633434 30.429155034367326
 6080 131072 6491.086 6497.989 6499.642 245.21897052176107 245.28135089179133 245.54219740733677 30.652371315220133 30.660168861473917 30.692774675917097
 6688 131072 7108.277 7109.328 7141.528 245.49635204118783 246.6082690234576 246.64473148696936 30.68704400514848 30.8260336279322 30.83059143587117
 7352 131072 7790.165 7807.156 7850.126 245.50977755006733 246.86104491827754 247.39946945924765 30.688722193758416 30.857630614784693 30.924933682405957
 8080 131072 8539.71 8546.632 8566.108 247.26789809327647 247.8313702988499 248.03225402267762 30.90848726165956 30.978921287356236 31.004031752834702
 8888 65536 4830.229 4832.103 4847.432 240.32682376978164 241.08921850382742 241.18275468927044 30.040852971222705 30.136152312978428 30.147844336158805
 9776 65536 5279.789 5287.383 5313.192 241.16573841110952 242.34292692623174 242.6914924062306 30.14571730138869 30.292865865778968 30.336436550778824
 10752 65536 5786.917 5789.601 5792.597 243.29090112776703 243.4167991887524 243.52969707358855 30.41136264097088 30.42709989859405 30.44121213419857
 11824 65536 6317.947 6321.724 6346.389 244.20112413531538 245.15390548527586 245.3004635841358 30.525140516914423 30.644238185659482 30.662557948016975
 13000 65536 7074.654 7076.968 7081.437 240.62008883225252 240.77203683837485 240.85078931068568 30.077511104031565 30.096504604796856 30.10634866383571
 14296 65536 7727.189 7739.823 7782.251 240.7793467468474 242.0992459388283 242.4950796466865 30.097418343355926 30.262405742353536 30.31188495583581
 15720 65536 8457.147 8463.278 8470.813 243.2413323254804 243.45789421073016 243.6343887601811 30.40516654068505 30.43223677634127 30.45429859502264
 17288 32768 4716.84 4723.242 4759.139 238.06540804964933 239.87472333621696 240.20029680888055 29.758176006206167 29.98434041702712 30.02503710111007
 19016 32768 5141.113 5148.838 5150.38 241.96905393388445 242.0415200478244 242.40520992244285 30.246131741735557 30.25519000597805 30.300651240305356
 20912 32768 5705.797 5706.298 5737.555 238.86286615117413 240.17126900838338 240.19235735165483 29.857858268896766 30.021408626047922 30.024044668956854
 23000 32768 6233.371 6242.458 6246.024 241.32600194940014 241.46385926825621 241.81586496295506 30.165750243675017 30.182982408532027 30.226983120369383
 25296 32768 6896.716 6905.682 6914.989 239.73988331724027 240.06298813064373 240.375079385609 29.967485414655034 30.007873516330466 30.046884923201127
 27824 32768 7530.506 7540.975 7576.401 240.67808237710756 241.80874011649686 242.14490553490032 30.084760297138445 30.226092514562108 30.26811319186254
 30600 32768 8358.455 8380.235 8486.001 236.31880316771114 239.30135610755545 239.92491435319084 29.539850395963892 29.91266951344443 29.990614294148855
 33656 16384 4632.504 4638.715 4743.289 232.50529495461905 237.746834629849 238.0655921721816 29.06316186932738 29.718354328731124 29.7581990215227
 37016 16384 5230.769 5255.154 5297.472 228.96587051333162 230.80965619656433 231.88565352436703 28.620733814166453 28.85120702457054 28.98570669054588
 40712 16384 5696.69 5704.514 5753.394 231.871972613035 233.85880304614906 234.1799915389463 28.983996576629377 29.232350380768633 29.272498942368287
 44776 16384 6288.403 6312.727 6340.689 231.39756073827309 232.4225280136461 233.32155525019624 28.924695092284136 29.05281600170576 29.16519440627453
 49248 16384 6957.107 6980.831 7014.433 230.06256728091924 231.16996586796043 231.95826426127988 28.757820910114905 28.896245733495054 28.994783032659985
 54168 16384 7631.402 7636.331 7704.878 230.3705553806303 232.438460826279 232.58858909542442 28.796319422578787 29.054807603284875 29.073573636928053
 59584 16384 8323.38 8368.444 8403.137 232.3475759112341 233.31081763826108 234.5739966215648 29.04344698890426 29.163852204782636 29.3217495776956
 65536 16384 9179.701 9212.451 9270.088 231.6573098335205 233.10665619822566 233.93830016903607 28.95716372919006 29.138332024778208 29.24228752112951
 72088 8192 5071.515 5082.375 5109.405 231.1599475868521 232.38934395828724 232.886975982522 28.894993448356512 29.048667994785905 29.11087199781525
 79296 8192 5555.559 5557.713 5597.266 232.11075978879686 233.76264013632945 233.85327453096977 29.013844973599607 29.22033001704118 29.23165931637122
 87224 8192 6158.231 6161.938 6187.466 230.96337272802793 231.92021990484162 232.05982627153804 28.870421591003492 28.990027488105202 29.007478283942255
 95944 8192 6714.519 6772.416 6865.488 228.96354869457204 232.11015035107118 234.11155676229376 28.620443586821505 29.013768793883898 29.26394459528672
 105536 8192 7388.393 7420.463 7433.016 232.62452603357775 233.01805076044448 234.02948706166552 29.07806575419722 29.12725634505556 29.25368588270819
 116088 8192 8165.208 8175.046 8221.091 231.35442631640984 232.6575033339262 232.93782497641212 28.91930328955123 29.082187916740775 29.117228122051515
 127696 8192 8963.993 8973.04 8997.134 232.5375240604397 233.16192327238033 233.39724428611223 29.06719050755496 29.145240409047542 29.17465553576403
 140464 4096 4949.65 4961.712 4986.087 230.77838152442988 231.91210775635506 232.47726364490418 28.847297690553734 28.989013469544382 29.059657955613023
 154504 4096 5415.13 5433.824 5464.27 231.6314472015475 232.9292903119424 233.73340399953463 28.953930900193438 29.1161612889928 29.21667549994183
 169952 4096 5997.686 6038.451 6079.807 228.99522698664612 230.56356406634745 232.13065572289045 28.624403373330765 28.82044550829343 29.016331965361307
 186944 4096 6556.948 6568.018 6598.234 232.09926292398845 233.1670296884083 233.56068219543604 29.012407865498556 29.145878711051036 29.195085274429506
 205632 4096 7215.424 7232.165 7249.617 232.36225361974294 232.92296898646535 233.46338953885456 29.045281702467868 29.11537112330817 29.18292369235682
 226192 4096 7956.774 7973.514 7997.649 231.68869551539456 232.3899931698872 232.8789109757296 28.96108693942432 29.0487491462359 29.1098638719662
 248808 4096 8773.331 8786.866 8802.054 231.56358004620284 231.96383511481793 232.32169583023824 28.945447505775356 28.99547938935224 29.04021197877978
 273688 2048 4805.624 4838.775 4857.751 230.7705866356674 231.67558896621563 233.27377422786304 28.846323329458425 28.959448620776953 29.15922177848288
 301056 2048 5276.243 5286.543 5315.776 231.97466860906107 233.25741907329615 233.7127717582378 28.996833576132634 29.15717738416202 29.214096469779726
 331160 2048 5815.369 5870.921 5874.798 230.889872298588 231.0423458261489 233.24940515382602 28.8612340373235 28.880293228268613 29.156175644228252
 364272 2048 6440.933 6455.811 6509.842 229.20035724369347 231.11861732011673 231.65248140292718 28.650044655461684 28.88982716501459 28.956560175365897
 400696 2048 7027.807 7032.636 7139.775 229.87430500260862 233.37633513237424 233.53669444821122 28.734288125326078 29.17204189154678 29.192086806026403
 440760 2048 7770.98 7795.655 7891.713 228.76566342440483 231.58451214169946 232.31985669761087 28.595707928050604 28.948064017712433 29.03998208720136
 484832 2048 8621.982 8690.528 8742.243 227.15816432922304 228.50992160660434 230.32660842947712 28.39477054115288 28.563740200825542 28.79082605368464
 533312 1024 4788.081 4799.813 4839.957 225.66790903307609 227.55531850928358 228.11288614373896 28.20848862913451 28.444414813660448 28.51411076796737
 586640 1024 5576.778 5594.881 6260.981 191.89304679250745 214.73892295475096 215.43599547982726 23.98663084906343 26.84236536934387 26.929499434978407
 645304 1024 6217.782 6240.433 6343.313 208.3426424015337 211.7773866012182 212.54887868374928 26.042830300191714 26.472173325152276 26.56860983546866
 709832 1024 6559.864 6565.985 6741.028 215.65493215574833 221.40409032308176 221.6106821726792 26.95686651946854 27.67551129038522 27.7013352715849
 780808 1024 6991.45 7030.253 7190.167 222.40022853433027 227.4590664091321 228.72147894928807 27.800028566791283 28.432383301141513 28.59018486866101
 858888 1024 7705.239 7715.377 7890.46 222.9277664420072 227.98660700572376 228.28657540668112 27.8659708052509 28.49832587571547 28.53582192583514
 944776 1024 8539.469 8577.078 8758.944 220.90576763591596 225.58979270096413 226.58332128145207 27.613220954489496 28.198724087620516 28.32291516018151
 1039248 1024 9391.232 9410.597 9807.992 217.00465334800435 226.16842523380822 226.63479126061418 27.125581668500544 28.271053154226028 28.329348907576772
 1143168 512 5177.049 5195.734 5380.005 217.58419034926547 225.30099346887272 226.11414958599 27.198023793658184 28.16262418360909 28.26426869824875
 1257480 512 5647.398 5662.166 5687.903 226.38563280702922 227.41465368553304 228.0093451887046 28.298204100878653 28.42683171069163 28.501168148588075
 1383224 512 6197.855 6203.516 6264.839 226.09062675034426 228.325577946442 228.53412608071665 28.261328343793032 28.54069724330525 28.56676576008958
 1521544 512 6874.144 6900.653 6924.947 224.99248817355573 225.78458241560617 226.65528333418678 28.124061021694466 28.22307280195077 28.331910416773347
 1673696 512 7551.044 7593.702 7931.657 216.07902409294803 225.6955440179243 226.97056248116155 27.009878011618504 28.211943002240538 28.371320310145194
 1841064 512 8346.162 8382.028 8425.739 223.74886475833156 224.91568102611922 225.88221220723966 27.968608094791445 28.114460128264902 28.235276525904958
 2025168 512 9153.813 9162.279 9845.19 210.6380914944252 226.33801393736206 226.5473450244177 26.32976143680315 28.292251742170258 28.318418128052212
 2227680 256 5053.252 5066.025 5391.776 211.539233083867 225.14143929412114 225.71052462849667 26.442404135483375 28.142679911765143 28.213815578562084
 2450448 256 5515.024 5545.631 5591.916 224.36484668224628 226.23744277251765 227.49300383824257 28.045605835280785 28.279680346564707 28.43662547978032
 2695488 256 6097.029 6114.16 6152.481 224.31436293748814 225.72027163175318 226.35448445464172 28.039295367186018 28.215033953969147 28.294310556830215
 2965032 256 6661.912 6680.586 6686.217 227.04862615137978 227.24000319732428 227.87697946175211 28.381078268922472 28.405000399665536 28.484622432719014
 3261528 256 7372.655 7382.844 7397.24 225.7466752464433 226.18686457413972 226.49945453842614 28.21833440580541 28.273358071767465 28.312431817303267
 3587680 256 8123.982 8144.86 8177.802 224.61929990479106 225.5277757997068 226.10736459041885 28.077412488098883 28.19097197496335 28.263420573802357
 3946448 256 8987.467 9009.607 9095.055 222.16263409072295 224.2696463896816 224.82211906869864 27.77032926134037 28.0337057987102 28.10276488358733
 4341088 128 5299.907 5335.062 5444.855 204.10433849937237 208.3047072367669 209.6864205353037 25.513042312421547 26.03808840459586 26.210802566912964
 4775192 128 15717.184 15996.469 16902.453 72.32377170343263 76.41993692483011 77.77787369544062 9.040471462929078 9.552492115603764 9.722234211930077
 5252704 128 25653.111 25874.981 31400.564 42.82382392876765 51.96881976454399 52.41829047556845 5.3529779910959565 6.496102470567998 6.552286309446056
 5777968 128 31669.281 31845.886 32568.371 45.41706455014283 46.44743776323259 46.706453739824404 5.677133068767854 5.805929720404074 5.8383067174780505
 6355760 128 37220.222 37364.487 38142.003 42.65834072741278 43.54601630152182 43.7147999815799 5.332292590926597 5.443252037690227 5.464349997697488
 6991336 128 40600.774 41101.499 42551.877 42.061176666777826 43.545419499176894 44.082460496935354 5.257647083347228 5.443177437397112 5.510307562116919
 7690464 128 44772.477 45523.514 46929.21 41.951671123379235 43.24707411646649 43.97252320884547 5.243958890422404 5.405884264558312 5.496565401105684
 8459504 64 24818.671 25352.957 25944.299 41.73620231558386 42.70967335289529 43.62910939107094 5.2170252894479825 5.338709169111911 5.453638673883868
 9305448 64 27276.179 27763.027 28513.624 41.77292034151814 42.90228669950146 43.66804250698017 5.221615042689767 5.3627858374376824 5.458505313372521
 10235992 64 29298.553 29763.271 30705.32 42.67035731918768 44.02093358623116 44.71917012420374 5.33379466489846 5.502616698278895 5.589896265525468
 11259584 64 32378.601 32821.308 33447.134 43.08969348464954 43.91131371120249 44.51170549339052 5.386211685581192 5.488914213900311 5.563963186673815
 12385536 64 36084.895 36424.251 37207.869 42.60788512236485 43.52453556285894 43.93385675640736 5.325985640295606 5.440566945357367 5.49173209455092
 13624088 64 39500.532 39659.736 40420.812 43.14320217020875 43.97112638369555 44.148348786796085 5.392900271276094 5.4963907979619435 5.518543598349511
 14986496 64 43545.562 43954.907 44588.568 43.02159889952061 43.64180518002233 44.05205490286244 5.3776998624400765 5.455225647502791 5.506506862857805
 16485144 64 47750.697 48421.466 49433.515 42.68558349532701 43.577747769966315 44.18989804483901 5.335697936915876 5.447218471245789 5.5237372556048765
 18133656 32 26786.113 27169.662 33287.289 34.86477928557054 42.715068888232764 43.326703803571654 4.358097410696318 5.3393836110290955 5.415837975446457
 19947016 32 29649.441 30142.231 31710.426 40.25833724214238 42.35283791700754 43.05676535351881 5.032292155267798 5.294104739625943 5.382095669189852
 21941712 32 32714.381 32834.682 33228.019 42.26160963733649 42.767874773387476 42.925145611038765 5.282701204667061 5.3459843466734345 5.365643201379846
 24135880 32 35773.319 36182.636 36432.456 42.39890717222029 42.69164689935803 43.18012315267699 5.299863396527536 5.336455862419753 5.397515394084624
 26549464 32 39381.673 39944.241 42694.75 39.79800083148397 42.53843992178997 43.14610240149015 4.974750103935496 5.317304990223747 5.393262800186268
 29204408 32 43430.72 44006.052 45920.568 40.70250420247415 42.47329690016273 43.03594580057619 5.087813025309269 5.309162112520341 5.379493225072023
 32124848 32 47792.123 48225.484 48872.719 42.06826045426284 42.632859257565975 43.019437993997464 5.258532556782855 5.329107407195747 5.377429749249683
 35337328 16 27607.911 27911.962 29006.304 38.984439244655235 40.51289894991975 40.95907495500113 4.873054905581904 5.064112368739969 5.119884369375141
 38871056 16 30483.932 30569.069 31264.454 39.78555940877777 40.69060107784114 40.80424375700615 4.9731949260972215 5.086325134730142 5.1005304696257685
 42758160 16 33526.26 33606.147 34291.453 39.90093741434637 40.71460855063213 40.811624082137406 4.987617176793297 5.089326068829016 5.101453010267176
 47033976 16 36764.329 37022.366 39446.683 38.15497571747668 40.653458830805135 40.93879238214847 4.769371964684585 5.081682353850642 5.117349047768559
 51737368 16 40568.594 40749.188 41399.158 39.99104947979859 40.628926789903154 40.80978936563589 4.998881184974824 5.078615848737894 5.101223670704487
 56911104 16 44469.077 44756.858 45482.749 40.040572921394876 40.68997265178891 40.95329723169204 5.0050716151743595 5.086246581473614 5.119162153961505
 62602208 16 49159.519 49396.817 52733.258 37.98875191819174 40.55465063669993 40.7504120615989 4.748593989773967 5.0693313295874916 5.093801507699863
 68862424 8 29645.323 29783.799 30837.264 35.72945978605625 36.99322520945028 37.16602392896849 4.466182473257032 4.624153151181285 4.6457529911210615
 75748664 8 32724.239 32859.599 33204.155 36.500812142335796 36.88354882236998 37.036113322604685 4.5626015177919745 4.610443602796248 4.629514165325586
 83323528 8 35508.15 35838.399 37292.805 35.74889172321578 37.1996653087098 37.545646506506245 4.468611465401972 4.649958163588725 4.693205813313281
 91655880 8 39523.405 39857.732 45720.909 32.074910846588814 36.79321442574805 37.104446846115614 4.009363855823602 4.599151803218506 4.638055855764452
 100821464 8 43365.079 43599.301 44995.759 35.85101040300265 36.99929556210087 37.19913490760619 4.481376300375331 4.624911945262609 4.649891863450773
 110903608 8 47866.731 48136.52 48646.661 36.4764547355059 36.863024747115084 37.070794076161164 4.559556841938237 4.6078780933893855 4.6338492595201455
 121993968 8 52719.312 53198.266 53447.196 36.52022246405592 36.69111109749329 37.02444918097566 4.56502780800699 4.586388887186661 4.628056147621957
 134193360 8 57685.373 57897.514 67445.876 31.834322383180258 37.08438604116923 37.22076582567994 3.979290297897532 4.635548255146154 4.652595728209993
 147612696 4 37482.807 37533.53 39552.649 29.856446985383965 31.46257674138297 31.505152962530257 3.7320558731729956 3.9328220926728714 3.938144120316282
 162373960 4 41033.954 41231.98 41640.383 31.195478677513606 31.504470073957158 31.656507681419153 3.8994348346892007 3.9380587592446448 3.957063460177394
 178611352 4 45032.337 45269.976 45565.532 31.359028486707892 31.56376349746684 31.730327830865185 3.9198785608384865 3.945470437183355 3.966290978858148
 196472480 4 49515.856 49913.271 50875.998 30.894329384948872 31.490219104253857 31.742960073233917 3.861791173118609 3.936277388031732 3.9678700091542396
 216119728 4 54430.422 54796.277 56790.61 30.444431288904983 31.552468865722393 31.76454931765916 3.805553911113123 3.944058608215299 3.970568664707395
 237731696 4 59798.465 59956.126 61734.399 30.807031392660033 31.720754739890967 31.80438775476929 3.850878924082504 3.965094342486371 3.9755484693461614
 261504864 4 65679.244 65843.177 67969.874 30.778914081847496 31.773055422280123 31.852359810962497 3.847364260230937 3.9716319277850154 3.981544976370312
 287655344 2 47144.047 47573.349 48382.583 23.781726907800685 24.186259748078697 24.406504091598244 2.9727158634750857 3.023282468509837 3.0508130114497805
 316420872 2 52125.506 52365.408 53435.705 23.68610066995467 24.17022107418699 24.281461900820684 2.9607625837443337 3.021277634273374 3.0351827376025855
 348062952 2 57610.895 57782.632 58963.652 23.612034885491823 24.094641587112196 24.16646726283284 2.951504360686478 3.0118301983890245 3.020808407854105
 382869240 2 63387.622 63586.78 64141.534 23.876525310417428 24.084832727809147 24.160505027306435 2.9845656638021785 3.0106040909761433 3.0200631284133044
 421156160 2 69363.607 69413.229 70825.897 23.78543317284072 24.269504016302136 24.286866165999697 2.97317914660509 3.033688002037767 3.035858270749962
 463271776 2 75178.645 75464.955 80349.174 23.062926620751572 24.55559807860483 24.649115503478416 2.8828658275939465 3.069449759825604 3.081139437934802
 509598952 2 84107.814 84864.772 85769.142 23.766074376726305 24.019339944729957 24.235510484198294 2.970759297090788 3.0024174930912446 3.0294388105247867
 560558840 1 46241.811 46437.091 46673.768 24.020295083096784 24.142719878814116 24.24467501932396 3.002536885387098 3.0178399848517645 3.030584377415495
 616614720 1 50577.818 50651.494 51708.786 23.849514471293137 24.347345805831512 24.382812243897117 2.981189308911642 3.043418225728939 3.0478515304871396
 678276192 1 54957.866 55075.232 57687.736 23.515438082021454 24.63089731514885 24.68349815475004 2.9394297602526818 3.0788621643936063 3.085437269343755
 746103808 1 61202.266 61442.971 63679.441 23.433114244831387 24.286058953757298 24.381574629932818 2.9291392806039234 3.035757369219662 3.047696828741602
 820714184 1 67728.719 67848.77 70552.683 23.265286282592538 24.192455780701696 24.23533756780488 2.908160785324067 3.024056972587712 3.02941719597561
 902785600 1 74042.067 74338.064 76433.362 23.622815387866886 24.28864975552767 24.38574817204928 2.952851923483361 3.0360812194409585 3.04821852150616
 993064160 1 81680.802 82155.319 85513.58 23.225882017803485 24.17528583876596 24.315729906765608 2.9032352522254357 3.021910729845745 3.039466238345701
 
META_DATA
 FLOPS          2
 OPENMP_THREADS 1
 ERT_VERSION  1.1.0
 HOSTNAME  ('cachyos-laptop', [], ['127.0.1.1'])
 UNAME  uname_result(system='Linux', node='cachyos-laptop', release='6.18.0-2-cachyos', version='#1 SMP PREEMPT_DYNAMIC Sat, 06 Dec 2025 07:42:36 +0000', machine='x86_64')
 TIMESTAMP_DATA  1765907644.487812
 CONFIG  {'ERT_MPI': ['False'], 'ERT_OPENMP': ['True'], 'ERT_OPENMP_CFLAGS': ['-fopenmp'], 'ERT_OPENMP_LDFLAGS': ['-fopenmp'], 'ERT_PRECISION': ['FP64'], 'ERT_TRIALS_MIN': ['1'], 'ERT_TRIALS': ['3', '#', 'Run', 'each', 'test', '3', 'times', 'to', 'filter', 'out', 'background', 'noise'], 'ERT_RESULTS': ['Results/5500U'], 'ERT_GNUPLOT': ['gnuplot'], 'ERT_DRIVER': ['driver1'], 'ERT_KERNEL': ['kernel1'], 'ERT_CC': ['g++'], 'ERT_LD': ['g++'], 'ERT_CFLAGS': ['-O3', '-march=native', '-fopenmp', '-fstrict-aliasing', '-funroll-loops', '-Wno-all'], 'ERT_LDFLAGS': ['-O3', '-march=native', '-fopenmp'], 'ERT_LDLIBS': ['-lm'], 'ERT_RUN': ['export', 'OMP_NUM_THREADS=ERT_OPENMP_THREADS;', './ERT_CODE'], 'ERT_WORKING_SET_MIN': ['128'], 'ERT_MEMORY_MAX': ['1073741824'], 'ERT_ALIGN': ['64'], 'ERT_MIN_PROCS': ['1'], 'ERT_MAX_PROCS': ['1'], 'ERT_OPENMP_THREADS': ['1,2,4,8,12', '#', 'Logical', 'Threads'], 'ERT_NUM_EXPERIMENTS': ['5'], 'ERT_FLOPS': ['1,2,4,8'], 'ERT_GPU': [False], 'ERT_HIP': [False], 'ERT_OCL': [False], 'ERT_SYCL': [False], 'ERT_WSS_MULT': [1.1]}
 TIMESTAMP_DATA  1765907664.1996393
 TIMESTAMP_DATA  1765907683.535598
 TIMESTAMP_DATA  1765907702.6973073
 TIMESTAMP_DATA  1765907721.910339
 