fp64
        4096            1           3.607         8192          512
        4096            2           1.654        16384         1024
        4096            4           1.689        32768         2048
        4096            8           1.791        65536         4096
        4096           16           1.890       131072         8192
        4096           32           2.203       262144        16384
        4096           64           2.872       524288        32768
        4096          128           3.458      1048576        65536
        4096          256           5.415      2097152       131072
        4096          512           9.337      4194304       262144
        4096         1024          17.132      8388608       524288
        4096         2048          32.802     16777216      1048576
        4096         4096          63.950     33554432      2097152
        4096         8192         126.523     67108864      4194304
        4096        16384         250.614    134217728      8388608
        4096        32768         507.266    268435456     16777216
        4096        65536        1008.684    536870912     33554432
        4096       131072        2020.325   1073741824     67108864
        4096       262144        4044.827   2147483648    134217728
        4480            1           1.823         8960          560
        4480            2           1.685        17920         1120
        4480            4           1.699        35840         2240
        4480            8           1.717        71680         4480
        4480           16           1.901       143360         8960
        4480           32           2.288       286720        17920
        4480           64           3.116       573440        35840
        4480          128           3.893      1146880        71680
        4480          256           6.026      2293760       143360
        4480          512          10.525      4587520       286720
        4480         1024          19.521      9175040       573440
        4480         2048          37.443     18350080      1146880
        4480         4096          73.544     36700160      2293760
        4480         8192         145.210     73400320      4587520
        4480        16384         296.092    146800640      9175040
        4480        32768         576.482    293601280     18350080
        4480        65536        1156.346    587202560     36700160
        4480       131072        2319.444   1174405120     73400320
        4928            1           2.109         9856          616
        4928            2           1.641        19712         1232
        4928            4           1.767        39424         2464
        4928            8           1.870        78848         4928
        4928           16           1.964       157696         9856
        4928           32           2.417       315392        19712
        4928           64           3.324       630784        39424
        4928          128           5.160      1261568        78848
        4928          256           6.871      2523136       157696
        4928          512          12.165      5046272       315392
        4928         1024          22.823     10092544       630784
        4928         2048          44.118     20185088      1261568
        4928         4096          86.668     40370176      2523136
        4928         8192         171.554     80740352      5046272
        4928        16384         347.488    161480704     10092544
        4928        32768         681.374    322961408     20185088
        4928        65536        1370.298    645922816     40370176
        4928       131072        2729.658   1291845632     80740352
        5408            1           1.887        10816          676
        5408            2           1.660        21632         1352
        5408            4           1.681        43264         2704
        5408            8           1.809        86528         5408
        5408           16           1.889       173056        10816
        5408           32           2.208       346112        21632
        5408           64           2.969       692224        43264
        5408          128           4.255      1384448        86528
        5408          256           6.950      2768896       173056
        5408          512          12.560      5537792       346112
        5408         1024          23.371     11075584       692224
        5408         2048          45.320     22151168      1384448
        5408         4096          88.900     44302336      2768896
        5408         8192         176.164     88604672      5537792
        5408        16384         364.217    177209344     11075584
        5408        32768         699.904    354418688     22151168
        5408        65536        1414.910    708837376     44302336
        5408       131072        2825.543   1417674752     88604672
        5920            1           1.960        11840          740
        5920            2           1.711        23680         1480
        5920            4           1.768        47360         2960
        5920            8           1.781        94720         5920
        5920           16           2.053       189440        11840
        5920           32           2.301       378880        23680
        5920           64           3.086       757760        47360
        5920          128           4.657      1515520        94720
        5920          256           7.608      3031040       189440
        5920          512          13.591      6062080       378880
        5920         1024          25.566     12124160       757760
        5920         2048          48.730     24248320      1515520
        5920         4096         100.241     48496640      3031040
        5920         8192         196.505     96993280      6062080
        5920        16384         399.723    193986560     12124160
        5920        32768         789.812    387973120     24248320
        5920        65536        1587.039    775946240     48496640
        5920       131072        3222.892   1551892480     96993280
        6496            1           2.216        12992          812
        6496            2           1.699        25984         1624
        6496            4           1.784        51968         3248
        6496            8           1.894       103936         6496
        6496           16           2.116       207872        12992
        6496           32           2.787       415744        25984
        6496           64           3.907       831488        51968
        6496          128           5.732      1662976       103936
        6496          256           8.178      3325952       207872
        6496          512          14.832      6651904       415744
        6496         1024          28.155     13303808       831488
        6496         2048          54.833     26607616      1662976
        6496         4096         108.040     53215232      3325952
        6496         8192         214.285    106430464      6651904
        6496        16384         441.998    212860928     13303808
        6496        32768         852.196    425721856     26607616
        6496        65536        1730.029    851443712     53215232
        6496       131072        3425.676   1702887424    106430464
        7136            1           2.024        14272          892
        7136            2           1.813        28544         1784
        7136            4           1.717        57088         3568
        7136            8           1.864       114176         7136
        7136           16           2.028       228352        14272
        7136           32           2.509       456704        28544
        7136           64           3.453       913408        57088
        7136          128           5.315      1826816       114176
        7136          256           9.019      3653632       228352
        7136          512          16.521      7307264       456704
        7136         1024          31.424     14614528       913408
        7136         2048          61.411     29229056      1826816
        7136         4096         121.129     58458112      3653632
        7136         8192         255.596    116916224      7307264
        7136        16384         479.029    233832448     14614528
        7136        32768         969.850    467664896     29229056
        7136        65536        1937.111    935329792     58458112
        7136       131072        3847.521   1870659584    116916224
        7840            1           1.954        15680          980
        7840            2           1.654        31360         1960
        7840            4           1.750        62720         3920
        7840            8           1.915       125440         7840
        7840           16           2.208       250880        15680
        7840           32           2.976       501760        31360
        7840           64           3.507      1003520        62720
        7840          128           5.437      2007040       125440
        7840          256           9.380      4014080       250880
        7840          512          17.342      8028160       501760
        7840         1024          32.995     16056320      1003520
        7840         2048          64.290     32112640      2007040
        7840         4096         126.747     64225280      4014080
        7840         8192         266.230    128450560      8028160
        7840        16384         502.384    256901120     16056320
        7840        32768        1006.257    513802240     32112640
        7840        65536        2012.273   1027604480     64225280
        7840       131072        4045.934   2055208960    128450560
        8608            1           2.005        17216         1076
        8608            2           1.659        34432         2152
        8608            4           1.800        68864         4304
        8608            8           1.900       137728         8608
        8608           16           2.091       275456        17216
        8608           32           2.575       550912        34432
        8608           64           3.590      1101824        68864
        8608          128           5.631      2203648       137728
        8608          256           9.697      4407296       275456
        8608          512          17.823      8814592       550912
        8608         1024          34.162     17629184      1101824
        8608         2048          66.616     35258368      2203648
        8608         4096         133.593     70516736      4407296
        8608         8192         267.630    141033472      8814592
        8608        16384         540.903    282066944     17629184
        8608        32768        1083.621    564133888     35258368
        8608        65536        2167.806   1128267776     70516736
        9440            1           2.009        18880         1180
        9440            2           1.689        37760         2360
        9440            4           1.787        75520         4720
        9440            8           2.018       151040         9440
        9440           16           2.152       302080        18880
        9440           32           2.723       604160        37760
        9440           64           3.837      1208320        75520
        9440          128           6.221      2416640       151040
        9440          256          10.637      4833280       302080
        9440          512          19.864      9666560       604160
        9440         1024          37.938     19333120      1208320
        9440         2048          74.543     38666240      2416640
        9440         4096         160.526     77332480      4833280
        9440         8192         292.980    154664960      9666560
        9440        16384         584.436    309329920     19333120
        9440        32768        1189.025    618659840     38666240
        9440        65536        2353.575   1237319680     77332480
       10368            1           2.057        20736         1296
       10368            2           1.755        41472         2592
       10368            4           1.833        82944         5184
       10368            8           1.920       165888        10368
       10368           16           2.231       331776        20736
       10368           32           2.764       663552        41472
       10368           64           4.097      1327104        82944
       10368          128           6.382      2654208       165888
       10368          256          11.250      5308416       331776
       10368          512          21.060     10616832       663552
       10368         1024          40.439     21233664      1327104
       10368         2048          79.242     42467328      2654208
       10368         4096         170.622     84934656      5308416
       10368         8192         312.125    169869312     10616832
       10368        16384         632.818    339738624     21233664
       10368        32768        1254.852    679477248     42467328
       10368        65536        2507.062   1358954496     84934656
       11392            1           2.015        22784         1424
       11392            2           1.694        45568         2848
       11392            4           1.841        91136         5696
       11392            8           2.173       182272        11392
       11392           16           2.501       364544        22784
       11392           32           3.128       729088        45568
       11392           64           4.210      1458176        91136
       11392          128           6.874      2916352       182272
       11392          256          12.235      5832704       364544
       11392          512          22.928     11665408       729088
       11392         1024          44.393     23330816      1458176
       11392         2048          86.978     46661632      2916352
       11392         4096         172.267     93323264      5832704
       11392         8192         342.916    186646528     11665408
       11392        16384         695.943    373293056     23330816
       11392        32768        1374.545    746586112     46661632
       11392        65536        2762.622   1493172224     93323264
       12512            1           3.510        25024         1564
       12512            2           1.737        50048         3128
       12512            4           1.859       100096         6256
       12512            8           1.997       200192        12512
       12512           16           2.304       400384        25024
       12512           32           3.059       800768        50048
       12512           64           4.552      1601536       100096
       12512          128           7.491      3203072       200192
       12512          256          13.495      6406144       400384
       12512          512          25.411     12812288       800768
       12512         1024          58.518     25624576      1601536
       12512         2048          97.113     51249152      3203072
       12512         4096         192.529    102498304      6406144
       12512         8192         383.056    204996608     12812288
       12512        16384         769.877    409993216     25624576
       12512        32768        1536.803    819986432     51249152
       12512        65536        3067.672   1639972864    102498304
       13760            1           2.306        27520         1720
       13760            2           1.786        55040         3440
       13760            4           1.900       110080         6880
       13760            8           2.220       220160        13760
       13760           16           2.838       440320        27520
       13760           32           3.185       880640        55040
       13760           64           4.842      1761280       110080
       13760          128           8.078      3522560       220160
       13760          256          14.551      7045120       440320
       13760          512          27.706     14090240       880640
       13760         1024          53.630     28180480      1761280
       13760         2048         105.647     56360960      3522560
       13760         4096         209.284    112721920      7045120
       13760         8192         425.031    225443840     14090240
       13760        16384         836.464    450887680     28180480
       13760        32768        1667.819    901775360     56360960
       13760        65536        3346.265   1803550720    112721920
       15136            1           2.351        30272         1892
       15136            2           1.815        60544         3784
       15136            4           1.949       121088         7568
       15136            8           2.295       242176        15136
       15136           16           2.846       484352        30272
       15136           32           3.373       968704        60544
       15136           64           5.153      1937408       121088
       15136          128           8.708      3874816       242176
       15136          256          15.863      7749632       484352
       15136          512          30.140     15499264       968704
       15136         1024          58.809     30998528      1937408
       15136         2048         115.930     61997056      3874816
       15136         4096         244.543    123994112      7749632
       15136         8192         459.473    247988224     15499264
       15136        16384         935.736    495976448     30998528
       15136        32768        1858.757    991952896     61997056
       15136        65536        3736.770   1983905792    123994112
       16640            1           1.686        33280         2080
       16640            2           1.816        66560         4160
       16640            4           2.007       133120         8320
       16640            8           2.292       266240        16640
       16640           16           3.032       532480        33280
       16640           32           4.479      1064960        66560
       16640           64           6.043      2129920       133120
       16640          128          10.452      4259840       266240
       16640          256          19.467      8519680       532480
       16640          512          37.607     17039360      1064960
       16640         1024          71.754     34078720      2129920
       16640         2048         145.610     68157440      4259840
       16640         4096         288.635    136314880      8519680
       16640         8192         581.063    272629760     17039360
       16640        16384        1144.952    545259520     34078720
       16640        32768        2279.781   1090519040     68157440
       18304            1           3.023        36608         2288
       18304            2           1.818        73216         4576
       18304            4           2.060       146432         9152
       18304            8           2.479       292864        18304
       18304           16           3.197       585728        36608
       18304           32           4.040      1171456        73216
       18304           64           6.331      2342912       146432
       18304          128          11.094      4685824       292864
       18304          256          20.534      9371648       585728
       18304          512          39.536     18743296      1171456
       18304         1024          77.396     37486592      2342912
       18304         2048         153.219     74973184      4685824
       18304         4096         304.634    149946368      9371648
       18304         8192         615.884    299892736     18743296
       18304        16384        1218.042    599785472     37486592
       18304        32768        2452.102   1199570944     74973184
       20128            1           2.116        40256         2516
       20128            2           1.947        80512         5032
       20128            4           2.109       161024        10064
       20128            8           2.311       322048        20128
       20128           16           2.907       644096        40256
       20128           32           4.181      1288192        80512
       20128           64           6.904      2576384       161024
       20128          128          11.963      5152768       322048
       20128          256          22.350     10305536       644096
       20128          512          43.005     20611072      1288192
       20128         1024          84.486     41222144      2576384
       20128         2048         167.288     82444288      5152768
       20128         4096         343.235    164888576     10305536
       20128         8192         663.800    329777152     20611072
       20128        16384        1339.334    659554304     41222144
       20128        32768        2662.839   1319108608     82444288
       22112            1           2.361        44224         2764
       22112            2           2.037        88448         5528
       22112            4           2.128       176896        11056
       22112            8           2.637       353792        22112
       22112           16           3.481       707584        44224
       22112           32           4.432      1415168        88448
       22112           64           7.275      2830336       176896
       22112          128          12.930      5660672       353792
       22112          256          24.262     11321344       707584
       22112          512          46.963     22642688      1415168
       22112         1024          92.197     45285376      2830336
       22112         2048         182.681     90570752      5660672
       22112         4096         363.577    181141504     11321344
       22112         8192         730.558    362283008     22642688
       22112        16384        1458.318    724566016     45285376
       22112        32768        2910.002   1449132032     90570752
       24320            1           2.658        48640         3040
       24320            2           1.991        97280         6080
       24320            4           2.224       194560        12160
       24320            8           2.484       389120        24320
       24320           16           3.232       778240        48640
       24320           32           4.756      1556480        97280
       24320           64           7.806      3112960       194560
       24320          128          13.980      6225920       389120
       24320          256          26.294     12451840       778240
       24320          512          50.979     24903680      1556480
       24320         1024         100.240     49807360      3112960
       24320         2048         198.807     99614720      6225920
       24320         4096         405.080    199229440     12451840
       24320         8192         789.677    398458880     24903680
       24320        16384        1590.494    796917760     49807360
       24320        32768        3171.304   1593835520     99614720
       26752            1           2.501        53504         3344
       26752            2           1.946       107008         6688
       26752            4           2.191       214016        13376
       26752            8           2.776       428032        26752
       26752           16           3.856       856064        53504
       26752           32           5.726      1712128       107008
       26752           64           8.419      3424256       214016
       26752          128          15.184      6848512       428032
       26752          256          35.246     13697024       856064
       26752          512          63.990     27394048      1712128
       26752         1024         109.453     54788096      3424256
       26752         2048         217.341    109576192      6848512
       26752         4096         432.862    219152384     13697024
       26752         8192         873.372    438304768     27394048
       26752        16384        1739.315    876609536     54788096
       26752        32768        3476.517   1753219072    109576192
       29408            1           3.043        58816         3676
       29408            2           2.068       117632         7352
       29408            4           2.533       235264        14704
       29408            8           2.655       470528        29408
       29408           16           3.535       941056        58816
       29408           32           5.382      1882112       117632
       29408           64           9.069      3764224       235264
       29408          128          16.435      7528448       470528
       29408          256          31.136     15056896       941056
       29408          512          60.755     30113792      1882112
       29408         1024         119.509     60227584      3764224
       29408         2048         237.248    120455168      7528448
       29408         4096         481.679    240910336     15056896
       29408         8192         977.667    481820672     30113792
       29408        16384        1910.429    963641344     60227584
       29408        32768        3793.248   1927282688    120455168
       32320            1           3.428        64640         4040
       32320            2           2.034       129280         8080
       32320            4           2.326       258560        16160
       32320            8           2.808       517120        32320
       32320           16           3.740      1034240        64640
       32320           32           5.814      2068480       129280
       32320           64           9.739      4136960       258560
       32320          128          17.861      8273920       517120
       32320          256          33.908     16547840      1034240
       32320          512          66.147     33095680      2068480
       32320         1024         130.469     66191360      4136960
       32320         2048         259.088    132382720      8273920
       32320         4096         523.925    264765440     16547840
       32320         8192        1036.248    529530880     33095680
       32320        16384        2082.736   1059061760     66191360
       32320        32768        4148.608   2118123520    132382720
       35552            1           3.242        71104         4444
       35552            2           2.313       142208         8888
       35552            4           2.424       284416        17776
       35552            8           3.000       568832        35552
       35552           16           4.062      1137664        71104
       35552           32           6.380      2275328       142208
       35552           64          16.888      4550656       284416
       35552          128          20.304      9101312       568832
       35552          256          38.784     18202624      1137664
       35552          512          75.988     36405248      2275328
       35552         1024         150.061     72810496      4550656
       35552         2048         298.239    145620992      9101312
       35552         4096         604.823    291241984     18202624
       35552         8192        1196.998    582483968     36405248
       35552        16384        2386.538   1164967936     72810496
       39104            1           2.784        78208         4888
       39104            2           2.175       156416         9776
       39104            4           2.692       312832        19552
       39104            8           3.085       625664        39104
       39104           16           3.695      1251328        78208
       39104           32           6.763      2502656       156416
       39104           64          11.769      5005312       312832
       39104          128          22.019     10010624       625664
       39104          256          42.201     20021248      1251328
       39104          512          82.810     40042496      2502656
       39104         1024         163.573     80084992      5005312
       39104         2048         325.226    160169984     10010624
       39104         4096         657.902    320339968     20021248
       39104         8192        1301.420    640679936     40042496
       39104        16384        2617.419   1281359872     80084992
       43008            1           3.124        86016         5376
       43008            2           2.254       172032        10752
       43008            4           2.727       344064        21504
       43008            8           3.669       688128        43008
       43008           16           5.130      1376256        86016
       43008           32           7.337      2752512       172032
       43008           64          12.848      5505024       344064
       43008          128          23.917     11010048       688128
       43008          256          46.065     22020096      1376256
       43008          512          90.177     44040192      2752512
       43008         1024         178.610     88080384      5505024
       43008         2048         364.848    176160768     11010048
       43008         4096         713.529    352321536     22020096
       43008         8192        1422.718    704643072     44040192
       43008        16384        2846.592   1409286144     88080384
       47296            1           2.846        94592         5912
       47296            2           2.332       189184        11824
       47296            4           2.866       378368        23648
       47296            8           3.797       756736        47296
       47296           16           4.828      1513472        94592
       47296           32           7.840      3026944       189184
       47296           64          13.883      6053888       378368
       47296          128          25.917     12107776       756736
       47296          256          50.061     24215552      1513472
       47296          512          98.174     48431104      3026944
       47296         1024         194.393     96862208      6053888
       47296         2048         393.457    193724416     12107776
       47296         4096         779.848    387448832     24215552
       47296         8192        1551.485    774897664     48431104
       47296        16384        3103.358   1549795328     96862208
       52000            1           3.315       104000         6500
       52000            2           2.446       208000        13000
       52000            4           3.028       416000        26000
       52000            8           4.162       832000        52000
       52000           16           5.274      1664000       104000
       52000           32           8.652      3328000       208000
       52000           64          15.474      6656000       416000
       52000          128          29.002     13312000       832000
       52000          256          56.196     26624000      1664000
       52000          512         110.396     53248000      3328000
       52000         1024         218.840    106496000      6656000
       52000         2048         442.116    212992000     13312000
       52000         4096         869.568    425984000     26624000
       52000         8192        1749.037    851968000     53248000
       52000        16384        3504.593   1703936000    106496000
       57184            1           3.446       114368         7148
       57184            2           2.537       228736        14296
       57184            4           3.075       457472        28592
       57184            8           3.835       914944        57184
       57184           16           5.632      1829888       114368
       57184           32           9.304      3659776       228736
       57184           64          16.755      7319552       457472
       57184          128          31.501     14639104       914944
       57184          256          61.185     29278208      1829888
       57184          512         120.284     58556416      3659776
       57184         1024         238.449    117112832      7319552
       57184         2048         487.735    234225664     14639104
       57184         4096         956.517    468451328     29278208
       57184         8192        1911.879    936902656     58556416
       57184        16384        3817.106   1873805312    117112832
       62880            1           4.585       125760         7860
       62880            2           2.601       251520        15720
       62880            4           3.297       503040        31440
       62880            8           4.554      1006080        62880
       62880           16           6.699      2012160       125760
       62880           32          10.000      4024320       251520
       62880           64          18.098      8048640       503040
       62880          128          34.232     16097280      1006080
       62880          256          66.452     32194560      2012160
       62880          512         130.834     64389120      4024320
       62880         1024         259.617    128778240      8048640
       62880         2048         526.189    257556480     16097280
       62880         4096        1037.405    515112960     32194560
       62880         8192        2075.762   1030225920     64389120
       62880        16384        4159.443   2060451840    128778240
       69152            1           3.870       138304         8644
       69152            2           2.665       276608        17288
       69152            4           3.242       553216        34576
       69152            8           4.354      1106432        69152
       69152           16           6.555      2212864       138304
       69152           32          11.090      4425728       276608
       69152           64          20.077      8851456       553216
       69152          128          38.106     17702912      1106432
       69152          256          74.212     35405824      2212864
       69152          512         146.337     70811648      4425728
       69152         1024         290.493    141623296      8851456
       69152         2048         590.946    283246592     17702912
       69152         4096        1161.537    566493184     35405824
       69152         8192        2323.838   1132986368     70811648
       76064            1           7.406       152128         9508
       76064            2           2.853       304256        19016
       76064            4           3.397       608512        38032
       76064            8           4.570      1217024        76064
       76064           16           7.005      2434048       152128
       76064           32          12.006      4868096       304256
       76064           64          21.795      9736192       608512
       76064          128          41.479     19472384      1217024
       76064          256          80.842     38944768      2434048
       76064          512         159.507     77889536      4868096
       76064         1024         316.794    155779072      9736192
       76064         2048         644.230    311558144     19472384
       76064         4096        1267.768    623116288     38944768
       76064         8192        2550.674   1246232576     77889536
       83648            1           6.421       167296        10456
       83648            2           2.982       334592        20912
       83648            4           3.919       669184        41824
       83648            8           5.643      1338368        83648
       83648           16           9.141      2676736       167296
       83648           32          13.157      5353472       334592
       83648           64          24.120     10706944       669184
       83648          128          46.111     21413888      1338368
       83648          256          89.967     42827776      2676736
       83648          512         177.621     85655552      5353472
       83648         1024         363.247    171311104     10706944
       83648         2048         709.089    342622208     21413888
       83648         4096        1412.408    685244416     42827776
       83648         8192        2835.578   1370488832     85655552
       92000            1           4.912       184000        11500
       92000            2           3.128       368000        23000
       92000            4           3.847       736000        46000
       92000            8           5.309      1472000        92000
       92000           16           8.688      2944000       184000
       92000           32          14.183      5888000       368000
       92000           64          26.118     11776000       736000
       92000          128          50.008     23552000      1472000
       92000          256          97.828     47104000      2944000
       92000          512         203.883     94208000      5888000
       92000         1024         384.015    188416000     11776000
       92000         2048         773.983    376832000     23552000
       92000         4096        1533.800    753664000     47104000
       92000         8192        3085.207   1507328000     94208000
      101184            1           6.205       202368        12648
      101184            2           3.310       404736        25296
      101184            4           4.042       809472        50592
      101184            8           5.686      1618944       101184
      101184           16           8.979      3237888       202368
      101184           32          15.654      6475776       404736
      101184           64          28.819     12951552       809472
      101184          128          55.371     25903104      1618944
      101184          256         108.207     51806208      3237888
      101184          512         213.995    103612416      6475776
      101184         1024         425.563    207224832     12951552
      101184         2048         854.747    414449664     25903104
      101184         4096        1709.391    828899328     51806208
      101184         8192        3413.119   1657798656    103612416
      111296            1           7.865       222592        13912
      111296            2           3.502       445184        27824
      111296            4           4.638       890368        55648
      111296            8           6.147      1780736       111296
      111296           16           9.732      3561472       222592
      111296           32          16.953      7122944       445184
      111296           64          31.334     14245888       890368
      111296          128          60.232     28491776      1780736
      111296          256         117.811     56983552      3561472
      111296          512         233.031    113967104      7122944
      111296         1024         470.580    227934208     14245888
      111296         2048         934.364    455868416     28491776
      111296         4096        1851.847    911736832     56983552
      111296         8192        3719.829   1823473664    113967104
      122400            1           6.443       244800        15300
      122400            2           3.726       489600        30600
      122400            4           4.715       979200        61200
      122400            8           6.676      1958400       122400
      122400           16          10.695      3916800       244800
      122400           32          18.691      7833600       489600
      122400           64          34.777     15667200       979200
      122400          128         101.355     31334400      1958400
      122400          256         133.086     62668800      3916800
      122400          512         263.490    125337600      7833600
      122400         1024         524.318    250675200     15667200
      122400         2048        1063.980    501350400     31334400
      122400         4096        2103.274   1002700800     62668800
      122400         8192        4201.129   2005401600    125337600
      134624            1          11.167       269248        16828
      134624            2           4.225       538496        33656
      134624            4           5.376      1076992        67312
      134624            8           7.771      2153984       134624
      134624           16          12.567      4307968       269248
      134624           32          22.309      8615936       538496
      134624           64          41.722     17231872      1076992
      134624          128          80.593     34463744      2153984
      134624          256         158.400     68927488      4307968
      134624          512         320.383    137854976      8615936
      134624         1024         624.104    275709952     17231872
      134624         2048        1258.741    551419904     34463744
      134624         4096        2503.880   1102839808     68927488
      148064            1          12.147       296128        18508
      148064            2           4.740       592256        37016
      148064            4           6.277      1184512        74032
      148064            8           9.242      2369024       148064
      148064           16          15.505      4738048       296128
      148064           32          27.896      9476096       592256
      148064           64          51.840     18952192      1184512
      148064          128         130.586     37904384      2369024
      148064          256         201.153     75808768      4738048
      148064          512         401.485    151617536      9476096
      148064         1024         809.970    303235072     18952192
      148064         2048        1618.542    606470144     37904384
      148064         4096        3212.324   1212940288     75808768
      162848            1          13.317       325696        20356
      162848            2           5.104       651392        40712
      162848            4           6.728      1302784        81424
      162848            8          10.098      2605568       162848
      162848           16          16.979      5211136       325696
      162848           32          30.647     10422272       651392
      162848           64          72.216     20844544      1302784
      162848          128         147.161     41689088      2605568
      162848          256         221.835     83378176      5211136
      162848          512         468.705    166756352     10422272
      162848         1024         916.949    333512704     20844544
      162848         2048        1784.484    667025408     41689088
      162848         4096        3508.192   1334050816     83378176
      179104            1          13.307       358208        22388
      179104            2           5.376       716416        44776
      179104            4           7.237      1432832        89552
      179104            8          10.877      2865664       179104
      179104           16          18.279      5731328       358208
      179104           32          33.256     11462656       716416
      179104           64          63.254     22925312      1432832
      179104          128         123.335     45850624      2865664
      179104          256         242.688     91701248      5731328
      179104          512         491.217    183402496     11462656
      179104         1024         965.083    366804992     22925312
      179104         2048        1929.269    733609984     45850624
      179104         4096        3844.168   1467219968     91701248
      196992            1          15.774       393984        24624
      196992            2           5.652       787968        49248
      196992            4           7.724      1575936        98496
      196992            8          11.804      3151872       196992
      196992           16          20.100      6303744       393984
      196992           32          36.527     12607488       787968
      196992           64          69.538     25214976      1575936
      196992          128         135.459     50429952      3151872
      196992          256         267.198    100859904      6303744
      196992          512         537.115    201719808     12607488
      196992         1024        1065.421    403439616     25214976
      196992         2048        2130.225    806879232     50429952
      196992         4096        4253.094   1613758464    100859904
      216672            1          16.569       433344        27084
      216672            2           6.081       866688        54168
      216672            4           8.404      1733376       108336
      216672            8          14.820      3466752       216672
      216672           16          28.402      6933504       433344
      216672           32          53.026     13867008       866688
      216672           64          78.281     27734016      1733376
      216672          128         152.228     55468032      3466752
      216672          256         300.588    110936064      6933504
      216672          512         599.180    221872128     13867008
      216672         1024        1175.621    443744256     27734016
      216672         2048        2343.786    887488512     55468032
      216672         4096        4739.273   1774977024    110936064
      238336            1          18.857       476672        29792
      238336            2           6.575       953344        59584
      238336            4           9.190      1906688       119168
      238336            8          14.060      3813376       238336
      238336           16          23.941      7626752       476672
      238336           32          43.835     15253504       953344
      238336           64          82.879     30507008      1906688
      238336          128         169.294     61014016      3813376
      238336          256         322.989    122028032      7626752
      238336          512         648.025    244056064     15253504
      238336         1024        1285.781    488112128     30507008
      238336         2048        2569.045    976224256     61014016
      238336         4096        5150.054   1952448512    122028032
      262144            1          22.445       524288        32768
      262144            2           7.015      1048576        65536
      262144            4           9.826      2097152       131072
      262144            8          15.322      4194304       262144
      262144           16          26.320      8388608       524288
      262144           32          48.376     16777216      1048576
      262144           64          91.401     33554432      2097152
      262144          128         182.149     67108864      4194304
      262144          256         362.187    134217728      8388608
      262144          512         707.027    268435456     16777216
      262144         1024        1442.716    536870912     33554432
      262144         2048        2851.043   1073741824     67108864
      262144         4096        5670.782   2147483648    134217728
      288352            1          28.605       576704        36044
      288352            2           7.711      1153408        72088
      288352            4          17.528      2306816       144176
      288352            8          16.611      4613632       288352
      288352           16          28.656      9227264       576704
      288352           32          52.703     18454528      1153408
      288352           64         101.006     36909056      2306816
      288352          128         197.298     73818112      4613632
      288352          256         389.351    147636224      9227264
      288352          512         782.284    295272448     18454528
      288352         1024        1563.637    590544896     36909056
      288352         2048        3117.269   1181089792     73818112
      317184            1          28.269       634368        39648
      317184            2           8.233      1268736        79296
      317184            4          11.494      2537472       158592
      317184            8          18.183      5074944       317184
      317184           16          31.386     10149888       634368
      317184           32          57.941     20299776      1268736
      317184           64         111.126     40599552      2537472
      317184          128         216.983     81199104      5074944
      317184          256         434.739    162398208     10149888
      317184          512         859.412    324796416     20299776
      317184         1024        1732.295    649592832     40599552
      317184         2048        3461.237   1299185664     81199104
      348896            1          28.473       697792        43612
      348896            2           8.944      1395584        87224
      348896            4          12.524      2791168       174448
      348896            8          19.801      5582336       348896
      348896           16          37.221     11164672       697792
      348896           32          63.634     22329344      1395584
      348896           64         122.183     44658688      2791168
      348896          128         239.041     89317376      5582336
      348896          256         481.430    178634752     11164672
      348896          512         948.209    357269504     22329344
      348896         1024        1892.623    714539008     44658688
      348896         2048        3785.968   1429078016     89317376
      383776            1          35.376       767552        47972
      383776            2           9.855      1535104        95944
      383776            4          13.675      3070208       191888
      383776            8          21.846      6140416       383776
      383776           16          37.851     12280832       767552
      383776           32          76.299     24561664      1535104
      383776           64         134.604     49123328      3070208
      383776          128         263.255     98246656      6140416
      383776          256         520.736    196493312     12280832
      383776          512        1049.717    392986624     24561664
      383776         1024        2083.972    785973248     49123328
      383776         2048        4154.467   1571946496     98246656
      422144            1          35.458       844288        52768
      422144            2          10.686      1688576       105536
      422144            4          14.862      3377152       211072
      422144            8          23.728      6754304       422144
      422144           16          41.351     13508608       844288
      422144           32          76.795     27017216      1688576
      422144           64         147.344     54034432      3377152
      422144          128         301.281    108068864      6754304
      422144          256         571.331    216137728     13508608
      422144          512        1147.473    432275456     27017216
      422144         1024        2296.314    864550912     54034432
      422144         2048        4572.766   1729101824    108068864
      464352            1          39.241       928704        58044
      464352            2          11.385      1857408       116088
      464352            4          16.166      3714816       232176
      464352            8          35.436      7429632       464352
      464352           16          45.369     14859264       928704
      464352           32          84.269     29718528      1857408
      464352           64         162.186     59437056      3714816
      464352          128         317.547    118874112      7429632
      464352          256         637.516    237748224     14859264
      464352          512        1259.786    475496448     29718528
      464352         1024        2520.517    950992896     59437056
      464352         2048        5030.648   1901985792    118874112
      510784            1          44.981      1021568        63848
      510784            2          12.339      2043136       127696
      510784            4          17.714      4086272       255392
      510784            8          28.326      8172544       510784
      510784           16          49.753     16345088      1021568
      510784           32          92.711     32690176      2043136
      510784           64         178.254     65380352      4086272
      510784          128         359.509    130760704      8172544
      510784          256         692.421    261521408     16345088
      510784          512        1395.933    523042816     32690176
      510784         1024        2767.027   1046085632     65380352
      510784         2048        5540.603   2092171264    130760704
      561856            1          50.157      1123712        70232
      561856            2          13.629      2247424       140464
      561856            4          18.445      4494848       280928
      561856            8          33.573      8989696       561856
      561856           16          56.877     17979392      1123712
      561856           32         113.625     35958784      2247424
      561856           64         208.476     71917568      4494848
      561856          128         411.795    143835136      8989696
      561856          256         827.503    287670272     17979392
      561856          512        1661.332    575340544     35958784
      561856         1024        3298.803   1150681088     71917568
      618016            1          58.732      1236032        77252
      618016            2          15.817      2472064       154504
      618016            4          22.722      4944128       309008
      618016            8          37.116      9888256       618016
      618016           16          65.236     19776512      1236032
      618016           32         127.598     39553024      2472064
      618016           64         233.855     79106048      4944128
      618016          128         461.126    158212096      9888256
      618016          256         931.358    316424192     19776512
      618016          512        1833.055    632848384     39553024
      618016         1024        3680.890   1265696768     79106048
      679808            1          66.724      1359616        84976
      679808            2          17.545      2719232       169952
      679808            4          24.772      5438464       339904
      679808            8          40.041     10876928       679808
      679808           16          70.409     21753856      1359616
      679808           32         133.343     43507712      2719232
      679808           64         265.715     87015424      5438464
      679808          128         515.581    174030848     10876928
      679808          256        1042.496    348061696     21753856
      679808          512        2071.759    696123392     43507712
      679808         1024        4140.667   1392246784     87015424
      747776            1          73.671      1495552        93472
      747776            2          18.937      2991104       186944
      747776            4          26.316      5982208       373888
      747776            8          44.185     11964416       747776
      747776           16          80.545     23928832      1495552
      747776           32         153.034     47857664      2991104
      747776           64         296.808     95715328      5982208
      747776          128         603.009    191430656     11964416
      747776          256        1187.256    382861312     23928832
      747776          512        2354.157    765722624     47857664
      747776         1024        4694.206   1531445248     95715328
      822528            1          80.190      1645056       102816
      822528            2          20.559      3290112       205632
      822528            4          29.390      6580224       411264
      822528            8          49.276     13160448       822528
      822528           16          90.479     26320896      1645056
      822528           32         170.891     52641792      3290112
      822528           64         334.528    105283584      6580224
      822528          128         678.995    210567168     13160448
      822528          256        1326.336    421134336     26320896
      822528          512        2652.391    842268672     52641792
      822528         1024        5305.375   1684537344    105283584
      904768            1          91.419      1809536       113096
      904768            2          23.100      3619072       226192
      904768            4          33.614      7238144       452384
      904768            8          56.728     14476288       904768
      904768           16         102.877     28952576      1809536
      904768           32         196.227     57905152      3619072
      904768           64         382.759    115810304      7238144
      904768          128         762.974    231620608     14476288
      904768          256        1495.712    463241216     28952576
      904768          512        3005.935    926482432     57905152
      904768         1024        6002.059   1852964864    115810304
      995232            1          94.889      1990464       124404
      995232            2          25.833      3980928       248808
      995232            4          39.798      7961856       497616
      995232            8          63.335     15923712       995232
      995232           16         115.074     31847424      1990464
      995232           32         218.611     63694848      3980928
      995232           64         430.625    127389696      7961856
      995232          128         845.538    254779392     15923712
      995232          256        1675.766    509558784     31847424
      995232          512        3339.647   1019117568     63694848
      995232         1024        6673.322   2038235136    127389696
     1094752            1         107.543      2189504       136844
     1094752            2          29.720      4379008       273688
     1094752            4          46.023      8758016       547376
     1094752            8          74.383     17516032      1094752
     1094752           16         134.871     35032064      2189504
     1094752           32         256.436     70064128      4379008
     1094752           64         506.040    140128256      8758016
     1094752          128         991.153    280256512     17516032
     1094752          256        1966.416    560513024     35032064
     1094752          512        3926.511   1121026048     70064128
     1204224            1         114.360      2408448       150528
     1204224            2          34.503      4816896       301056
     1204224            4          50.156      9633792       602112
     1204224            8          84.661     19267584      1204224
     1204224           16         153.311     38535168      2408448
     1204224           32         297.588     77070336      4816896
     1204224           64         569.332    154140672      9633792
     1204224          128        1128.432    308281344     19267584
     1204224          256        2235.098    616562688     38535168
     1204224          512        4466.341   1233125376     77070336
     1324640            1         128.981      2649280       165580
     1324640            2          41.510      5298560       331160
     1324640            4          59.657     10597120       662320
     1324640            8          97.222     21194240      1324640
     1324640           16         188.923     42388480      2649280
     1324640           32         335.924     84776960      5298560
     1324640           64         665.255    169553920     10597120
     1324640          128        1295.688    339107840     21194240
     1324640          256        2588.372    678215680     42388480
     1324640          512        5164.610   1356431360     84776960
     1457088            1         143.422      2914176       182136
     1457088            2          51.029      5828352       364272
     1457088            4          64.039     11656704       728544
     1457088            8         108.666     23313408      1457088
     1457088           16         197.240     46626816      2914176
     1457088           32         387.784     93253632      5828352
     1457088           64         735.302    186507264     11656704
     1457088          128        1470.710    373014528     23313408
     1457088          256        2909.017    746029056     46626816
     1457088          512        5801.803   1492058112     93253632
     1602784            1         157.647      3205568       200348
     1602784            2          62.245      6411136       400696
     1602784            4          72.421     12822272       801392
     1602784            8         124.414     25644544      1602784
     1602784           16         223.057     51289088      3205568
     1602784           32         420.817    102578176      6411136
     1602784           64         832.725    205156352     12822272
     1602784          128        1637.880    410312704     25644544
     1602784          256        3250.236    820625408     51289088
     1602784          512        6460.299   1641250816    102578176
     1763040            1         171.383      3526080       220380
     1763040            2          79.818      7052160       440760
     1763040            4          82.431     14104320       881520
     1763040            8         138.628     28208640      1763040
     1763040           16         252.130     56417280      3526080
     1763040           32         490.966    112834560      7052160
     1763040           64         943.056    225669120     14104320
     1763040          128        1855.001    451338240     28208640
     1763040          256        3687.943    902676480     56417280
     1763040          512        7347.835   1805352960    112834560
     1939328            1         198.070      3878656       242416
     1939328            2         106.091      7757312       484832
     1939328            4          92.837     15514624       969664
     1939328            8         155.534     31029248      1939328
     1939328           16         294.608     62058496      3878656
     1939328           32         540.483    124116992      7757312
     1939328           64        1061.837    248233984     15514624
     1939328          128        2086.331    496467968     31029248
     1939328          256        4168.542    992935936     62058496
     1939328          512        8284.363   1985871872    124116992
     2133248            1         212.821      4266496       266656
     2133248            2         125.938      8532992       533312
     2133248            4         105.077     17065984      1066624
     2133248            8         188.002     34131968      2133248
     2133248           16         319.147     68263936      4266496
     2133248           32         615.987    136527872      8532992
     2133248           64        1192.588    273055744     17065984
     2133248          128        2354.054    546111488     34131968
     2133248          256        4691.406   1092222976     68263936
     2346560            1         230.571      4693120       293320
     2346560            2         157.141      9386240       586640
     2346560            4         117.624     18772480      1173280
     2346560            8         203.030     37544960      2346560
     2346560           16         358.855     75089920      4693120
     2346560           32         690.064    150179840      9386240
     2346560           64        1328.381    300359680     18772480
     2346560          128        2640.152    600719360     37544960
     2346560          256        5235.537   1201438720     75089920
     2581216            1         258.035      5162432       322652
     2581216            2         180.661     10324864       645304
     2581216            4         129.559     20649728      1290608
     2581216            8         226.388     41299456      2581216
     2581216           16         396.226     82598912      5162432
     2581216           32         759.435    165197824     10324864
     2581216           64        1472.192    330395648     20649728
     2581216          128        2904.396    660791296     41299456
     2581216          256        5777.998   1321582592     82598912
     2839328            1         286.098      5678656       354916
     2839328            2         220.497     11357312       709832
     2839328            4         144.211     22714624      1419664
     2839328            8         243.801     45429248      2839328
     2839328           16         441.285     90858496      5678656
     2839328           32         841.668    181716992     11357312
     2839328           64        1638.158    363433984     22714624
     2839328          128        3234.975    726867968     45429248
     2839328          256        6891.783   1453735936     90858496
     3123232            1         322.636      6246464       390404
     3123232            2         256.699     12492928       780808
     3123232            4         159.436     24985856      1561616
     3123232            8         267.789     49971712      3123232
     3123232           16         493.641     99943424      6246464
     3123232           32         924.945    199886848     12492928
     3123232           64        1796.968    399773696     24985856
     3123232          128        3559.630    799547392     49971712
     3123232          256        7065.434   1599094784     99943424
     3435552            1         351.562      6871104       429444
     3435552            2         308.850     13742208       858888
     3435552            4         177.036     27484416      1717776
     3435552            8         299.739     54968832      3435552
     3435552           16         546.773    109937664      6871104
     3435552           32        1028.737    219875328     13742208
     3435552           64        1997.172    439750656     27484416
     3435552          128        3937.417    879501312     54968832
     3435552          256        7833.807   1759002624    109937664
     3779104            1         387.253      7558208       472388
     3779104            2         365.891     15116416       944776
     3779104            4         198.107     30232832      1889552
     3779104            8         334.202     60465664      3779104
     3779104           16         607.418    120931328      7558208
     3779104           32        1144.452    241862656     15116416
     3779104           64        2227.400    483725312     30232832
     3779104          128        4393.839    967450624     60465664
     3779104          256        8733.424   1934901248    120931328
     4156992            1         432.709      8313984       519624
     4156992            2         435.467     16627968      1039248
     4156992            4         219.914     33255936      2078496
     4156992            8         373.225     66511872      4156992
     4156992           16         663.371    133023744      8313984
     4156992           32        1270.787    266047488     16627968
     4156992           64        2456.597    532094976     33255936
     4156992          128        4844.836   1064189952     66511872
     4156992          256        9600.448   2128379904    133023744
     4572672            1         476.927      9145344       571584
     4572672            2         508.986     18290688      1143168
     4572672            4         262.355     36581376      2286336
     4572672            8         423.244     73162752      4572672
     4572672           16         769.401    146325504      9145344
     4572672           32        1442.974    292651008     18290688
     4572672           64        2828.205    585302016     36581376
     4572672          128        5580.188   1170604032     73162752
     5029920            1         524.911     10059840       628740
     5029920            2         616.865     20119680      1257480
     5029920            4         309.654     40239360      2514960
     5029920            8         490.030     80478720      5029920
     5029920           16         883.377    160957440     10059840
     5029920           32        1670.494    321914880     20119680
     5029920           64        3251.874    643829760     40239360
     5029920          128        6398.735   1287659520     80478720
     5532896            1         579.138     11065792       691612
     5532896            2         761.466     22131584      1383224
     5532896            4         383.862     44263168      2766448
     5532896            8         572.640     88526336      5532896
     5532896           16        1028.811    177052672     11065792
     5532896           32        1950.374    354105344     22131584
     5532896           64        3806.286    708210688     44263168
     5532896          128        7467.594   1416421376     88526336
     6086176            1         635.342     12172352       760772
     6086176            2         908.544     24344704      1521544
     6086176            4         577.694     48689408      3043088
     6086176            8         806.496     97378816      6086176
     6086176           16        1443.923    194757632     12172352
     6086176           32        2691.504    389515264     24344704
     6086176           64        5093.777    779030528     48689408
     6086176          128        9930.709   1558061056     97378816
     6694784            1         706.547     13389568       836848
     6694784            2        1062.506     26779136      1673696
     6694784            4         812.870     53558272      3347392
     6694784            8        1211.280    107116544      6694784
     6694784           16        2174.001    214233088     13389568
     6694784           32        3964.666    428466176     26779136
     6694784           64        7064.860    856932352     53558272
     6694784          128       15077.459   1713864704    107116544
     7364256            1         776.108     14728512       920532
     7364256            2        1282.713     29457024      1841064
     7364256            4        1112.548     58914048      3682128
     7364256            8        1697.077    117828096      7364256
     7364256           16        3048.710    235656192     14728512
     7364256           32        5432.916    471312384     29457024
     7364256           64        9895.049    942624768     58914048
     7364256          128       19597.019   1885249536    117828096
     8100672            1         844.534     16201344      1012584
     8100672            2        1422.215     32402688      2025168
     8100672            4        1360.995     64805376      4050336
     8100672            8        2147.976    129610752      8100672
     8100672           16        3815.920    259221504     16201344
     8100672           32        6675.637    518443008     32402688
     8100672           64       11047.829   1036886016     64805376
     8100672          128       22459.472   2073772032    129610752
     8910720            1         931.862     17821440      1113840
     8910720            2        1618.377     35642880      2227680
     8910720            4        1630.942     71285760      4455360
     8910720            8        2561.759    142571520      8910720
     8910720           16        4466.429    285143040     17821440
     8910720           32        8391.051    570286080     35642880
     8910720           64       14221.314   1140572160     71285760
     9801792            1        1027.024     19603584      1225224
     9801792            2        1846.842     39207168      2450448
     9801792            4        2128.139     78414336      4900896
     9801792            8        3048.485    156828672      9801792
     9801792           16        5250.539    313657344     19603584
     9801792           32       10097.930    627314688     39207168
     9801792           64       17439.831   1254629376     78414336
    10781952            1        1140.346     21563904      1347744
    10781952            2        2120.817     43127808      2695488
    10781952            4        2797.098     86255616      5390976
    10781952            8        3964.407    172511232     10781952
    10781952           16        6339.493    345022464     21563904
    10781952           32       11846.505    690044928     43127808
    10781952           64       22681.060   1380089856     86255616
    11860128            1        1241.500     23720256      1482516
    11860128            2        2350.566     47440512      2965032
    11860128            4        3190.214     94881024      5930064
    11860128            8        4641.769    189762048     11860128
    11860128           16        7487.678    379524096     23720256
    11860128           32       13756.407    759048192     47440512
    11860128           64       26735.191   1518096384     94881024
    13046112            1        1364.886     26092224      1630764
    13046112            2        2596.712     52184448      3261528
    13046112            4        3546.009    104368896      6523056
    13046112            8        5311.675    208737792     13046112
    13046112           16        8731.551    417475584     26092224
    13046112           32       15979.565    834951168     52184448
    13046112           64       31299.101   1669902336    104368896
    14350720            1        1503.050     28701440      1793840
    14350720            2        2846.201     57402880      3587680
    14350720            4        3955.782    114805760      7175360
    14350720            8        6034.231    229611520     14350720
    14350720           16        9976.080    459223040     28701440
    14350720           32       18281.058    918446080     57402880
    14350720           64       35629.501   1836892160    114805760
    15785792            1        1635.524     31571584      1973224
    15785792            2        3136.088     63143168      3946448
    15785792            4        4427.009    126286336      7892896
    15785792            8        6808.359    252572672     15785792
    15785792           16       11379.668    505145344     31571584
    15785792           32       20911.769   1010290688     63143168
    15785792           64       40708.079   2020581376    126286336
    17364352            1        1791.238     34728704      2170544
    17364352            2        3464.237     69457408      4341088
    17364352            4        4924.443    138914816      8682176
    17364352            8        7638.120    277829632     17364352
    17364352           16       12882.677    555659264     34728704
    17364352           32       23898.534   1111318528     69457408
    19100768            1        1970.755     38201536      2387596
    19100768            2        3781.112     76403072      4775192
    19100768            4        5368.120    152806144      9550384
    19100768            8        8387.861    305612288     19100768
    19100768           16       14435.222    611224576     38201536
    19100768           32       26940.262   1222449152     76403072
    21010816            1        2152.224     42021632      2626352
    21010816            2        4143.793     84043264      5252704
    21010816            4        5931.429    168086528     10505408
    21010816            8        9417.899    336173056     21010816
    21010816           16       16865.036    672346112     42021632
    21010816           32       30701.447   1344692224     84043264
    23111872            1        2367.563     46223744      2888984
    23111872            2        4573.643     92447488      5777968
    23111872            4        6571.355    184894976     11555936
    23111872            8       10426.196    369789952     23111872
    23111872           16       18350.027    739579904     46223744
    23111872           32       34502.547   1479159808     92447488
    25423040            1        2594.871     50846080      3177880
    25423040            2        5029.609    101692160      6355760
    25423040            4        7254.855    203384320     12711520
    25423040            8       11591.134    406768640     25423040
    25423040           16       20411.710    813537280     50846080
    25423040           32       38647.087   1627074560    101692160
    27965344            1        2843.748     55930688      3495668
    27965344            2        5562.689    111861376      6991336
    27965344            4        8063.880    223722752     13982672
    27965344            8       12903.994    447445504     27965344
    27965344           16       22934.788    894891008     55930688
    27965344           32       43313.877   1789782016    111861376
    30761856            1        3141.172     61523712      3845232
    30761856            2        6175.619    123047424      7690464
    30761856            4        8962.922    246094848     15380928
    30761856            8       14439.104    492189696     30761856
    30761856           16       25768.943    984379392     61523712
    30761856           32       48864.684   1968758784    123047424
    33838016            1        3476.792     67676032      4229752
    33838016            2        6814.660    135352064      8459504
    33838016            4        9920.638    270704128     16919008
    33838016            8       16608.387    541408256     33838016
    33838016           16       28976.126   1082816512     67676032
    37221792            1        3827.855     74443584      4652724
    37221792            2        7527.748    148887168      9305448
    37221792            4       10965.637    297774336     18610896
    37221792            8       17993.868    595548672     37221792
    37221792           16       32247.358   1191097344     74443584
    40943968            1        4239.145     81887936      5117996
    40943968            2        8342.041    163775872     10235992
    40943968            4       12190.208    327551744     20471984
    40943968            8       19993.135    655103488     40943968
    40943968           16       35959.362   1310206976     81887936
    45038336            1        4694.856     90076672      5629792
    45038336            2        9208.587    180153344     11259584
    45038336            4       13499.521    360306688     22519168
    45038336            8       22392.020    720613376     45038336
    45038336           16       40217.021   1441226752     90076672
    49542144            1        5166.479     99084288      6192768
    49542144            2       10183.060    198168576     12385536
    49542144            4       15012.411    396337152     24771072
    49542144            8       24822.786    792674304     49542144
    49542144           16       44686.228   1585348608     99084288
    54496352            1        5708.310    108992704      6812044
    54496352            2       11235.710    217985408     13624088
    54496352            4       16594.411    435970816     27248176
    54496352            8       28082.244    871941632     54496352
    54496352           16       49970.426   1743883264    108992704
    59945984            1        6303.386    119891968      7493248
    59945984            2       12434.880    239783936     14986496
    59945984            4       18415.476    479567872     29972992
    59945984            8       30682.772    959135744     59945984
    59945984           16       55338.931   1918271488    119891968
    65940576            1        6941.518    131881152      8242572
    65940576            2       13676.354    263762304     16485144
    65940576            4       20369.113    527524608     32970288
    65940576            8       34135.014   1055049216     65940576
    65940576           16       61124.279   2110098432    131881152
    72534624            1        7671.019    145069248      9066828
    72534624            2       15127.147    290138496     18133656
    72534624            4       22697.731    580276992     36267312
    72534624            8       37919.449   1160553984     72534624
    79788064            1        8383.249    159576128      9973508
    79788064            2       16575.647    319152256     19947016
    79788064            4       24920.254    638304512     39894032
    79788064            8       41916.155   1276609024     79788064
    87766848            1        9234.504    175533696     10970856
    87766848            2       18329.404    351067392     21941712
    87766848            4       27807.756    702134784     43883424
    87766848            8       46231.522   1404269568     87766848
    96543520            1       10179.469    193087040     12067940
    96543520            2       20197.306    386174080     24135880
    96543520            4       30603.586    772348160     48271760
    96543520            8       51130.728   1544696320     96543520
   106197856            1       11204.163    212395712     13274732
   106197856            2       22314.184    424791424     26549464
   106197856            4       33916.747    849582848     53098928
   106197856            8       56434.395   1699165696    106197856
   116817632            1       12377.252    233635264     14602204
   116817632            2       24707.928    467270528     29204408
   116817632            4       37657.614    934541056     58408816
   116817632            8       62655.402   1869082112    116817632
   128499392            1       13839.970    256998784     16062424
   128499392            2       27415.185    513997568     32124848
   128499392            4       41858.022   1027995136     64249696
   128499392            8       69567.283   2055990272    128499392
   141349312            1       15064.090    282698624     17668664
   141349312            2       30269.616    565397248     35337328
   141349312            4       46544.721   1130794496     70674656
   155484224            1       16483.152    310968448     19435528
   155484224            2       33446.589    621936896     38871056
   155484224            4       51027.408   1243873792     77742112
   171032640            1       18133.569    342065280     21379080
   171032640            2       36868.018    684130560     42758160
   171032640            4       56427.590   1368261120     85516320
   188135904            1       19980.746    376271808     23516988
   188135904            2       41008.977    752543616     47033976
   188135904            4       62678.176   1505087232     94067952
   206949472            1       21886.759    413898944     25868684
   206949472            2       45267.303    827797888     51737368
   206949472            4       68272.055   1655595776    103474736
   227644416            1       24041.867    455288832     28455552
   227644416            2       50097.762    910577664     56911104
   227644416            4       75256.740   1821155328    113822208
   250408832            1       26609.432    500817664     31301104
   250408832            2       55875.383   1001635328     62602208
   250408832            4       83668.090   2003270656    125204416
   275449696            1       29321.121    550899392     34431212
   275449696            2       61811.027   1101798784     68862424
   302994656            1       32309.008    605989312     37874332
   302994656            2       68590.391   1211978624     75748664
   333294112            1       35544.196    666588224     41661764
   333294112            2       75623.594   1333176448     83323528
   366623520            1       38964.157    733247040     45827940
   366623520            2       83221.649   1466494080     91655880
   403285856            1       43255.888    806571712     50410732
   403285856            2       91426.016   1613143424    100821464
   443614432            1       47642.710    887228864     55451804
   443614432            2      102097.733   1774457728    110903608
   487975872            1       52425.366    975951744     60996984
   487975872            2      112396.845   1951903488    121993968
   536773440            1       57804.732   1073546880     67096680
   536773440            2      123900.190   2147093760    134193360
   590450784            1       63902.513   1180901568     73806348
   649495840            1       70883.753   1298991680     81186980
   714445408            1       77626.803   1428890816     89305676
   785889920            1       86276.767   1571779840     98236240
   864478912            1       95426.863   1728957824    108059864
   950926784            1      105469.563   1901853568    118865848
  1046019456            1      116288.162   2092038912    130752432

META_DATA
FLOPS          1
OPENMP_THREADS 4
ERT_VERSION  1.1.0
HOSTNAME  ('laptop', [], ['127.0.1.1'])
UNAME  uname_result(system='Linux', node='laptop', release='6.8.0-84-generic', version='#84-Ubuntu SMP PREEMPT_DYNAMIC Fri Sep  5 22:36:38 UTC 2025', machine='x86_64')
TIMESTAMP_DATA  1765913413.289464
CONFIG  {'ERT_MPI': ['False'], 'ERT_OPENMP': ['True'], 'ERT_OPENMP_CFLAGS': ['-fopenmp'], 'ERT_OPENMP_LDFLAGS': ['-fopenmp'], 'ERT_PRECISION': ['FP64'], 'ERT_TRIALS_MIN': ['1'], 'ERT_TRIALS': ['3', '#', 'Run', 'each', 'test', '3', 'times', 'to', 'filter', 'out', 'background', 'noise'], 'ERT_RESULTS': ['Results/8250U'], 'ERT_GNUPLOT': ['gnuplot'], 'ERT_DRIVER': ['driver1'], 'ERT_KERNEL': ['kernel1'], 'ERT_CC': ['g++'], 'ERT_LD': ['g++'], 'ERT_CFLAGS': ['-O3', '-march=native', '-fopenmp', '-fstrict-aliasing', '-funroll-loops', '-Wno-all'], 'ERT_LDFLAGS': ['-O3', '-march=native', '-fopenmp'], 'ERT_LDLIBS': ['-lm'], 'ERT_RUN': ['export', 'OMP_NUM_THREADS=ERT_OPENMP_THREADS;', './ERT_CODE'], 'ERT_WORKING_SET_MIN': ['128'], 'ERT_MEMORY_MAX': ['1073741824'], 'ERT_ALIGN': ['64'], 'ERT_MIN_PROCS': ['1'], 'ERT_MAX_PROCS': ['1'], 'ERT_OPENMP_THREADS': ['1,2,4,8', '#', 'Logical', 'Threads'], 'ERT_NUM_EXPERIMENTS': ['4'], 'ERT_FLOPS': ['1,2,4,8'], 'ERT_GPU': [False], 'ERT_HIP': [False], 'ERT_OCL': [False], 'ERT_SYCL': [False], 'ERT_WSS_MULT': [1.1]}
