fp64
        4096            1           2.909         8192         2048
        4096            2           1.661        16384         4096
        4096            4           1.699        32768         8192
        4096            8           1.818        65536        16384
        4096           16           2.029       131072        32768
        4096           32           2.658       262144        65536
        4096           64           2.864       524288       131072
        4096          128           4.223      1048576       262144
        4096          256           7.011      2097152       524288
        4096          512          12.434      4194304      1048576
        4096         1024          23.479      8388608      2097152
        4096         2048          45.341     16777216      4194304
        4096         4096          89.260     33554432      8388608
        4096         8192         176.813     67108864     16777216
        4096        16384         352.027    134217728     33554432
        4096        32768         713.851    268435456     67108864
        4096        65536        1413.322    536870912    134217728
        4096       131072        2824.484   1073741824    268435456
        4096       262144        5646.646   2147483648    536870912
        4480            1           2.727         8960         2240
        4480            2           1.662        17920         4480
        4480            4           1.715        35840         8960
        4480            8           1.853        71680        17920
        4480           16           2.112       143360        35840
        4480           32           2.738       286720        71680
        4480           64           3.050       573440       143360
        4480          128           4.577      1146880       286720
        4480          256           7.544      2293760       573440
        4480          512          13.732      4587520      1146880
        4480         1024          25.628      9175040      2293760
        4480         2048          49.867     18350080      4587520
        4480         4096          98.310     36700160      9175040
        4480         8192         194.606     73400320     18350080
        4480        16384         399.755    146800640     36700160
        4480        32768         773.973    293601280     73400320
        4480        65536        1561.056    587202560    146800640
        4480       131072        3126.883   1174405120    293601280
        4928            1           1.364         9856         2464
        4928            2           1.917        19712         4928
        4928            4           1.783        39424         9856
        4928            8           1.908        78848        19712
        4928           16           2.130       157696        39424
        4928           32           2.908       315392        78848
        4928           64           3.323       630784       157696
        4928          128           5.083      1261568       315392
        4928          256           8.664      2523136       630784
        4928          512          15.726      5046272      1261568
        4928         1024          29.825     10092544      2523136
        4928         2048          58.179     20185088      5046272
        4928         4096         114.671     40370176     10092544
        4928         8192         230.127     80740352     20185088
        4928        16384         466.985    161480704     40370176
        4928        32768         925.972    322961408     80740352
        4928        65536        1851.390    645922816    161480704
        4928       131072        3713.090   1291845632    322961408
        5408            1           2.013        10816         2704
        5408            2           1.700        21632         5408
        5408            4           1.837        43264        10816
        5408            8           1.955        86528        21632
        5408           16           2.198       173056        43264
        5408           32           2.522       346112        86528
        5408           64           3.471       692224       173056
        5408          128           5.279      1384448       346112
        5408          256           8.984      2768896       692224
        5408          512          16.574      5537792      1384448
        5408         1024          31.478     11075584      2768896
        5408         2048          60.535     22151168      5537792
        5408         4096         123.541     44302336     11075584
        5408         8192         257.495     88604672     22151168
        5408        16384         489.606    177209344     44302336
        5408        32768         982.269    354418688     88604672
        5408        65536        1968.178    708837376    177209344
        5408       131072        3941.103   1417674752    354418688
        5920            1           2.691        11840         2960
        5920            2           1.880        23680         5920
        5920            4           1.789        47360        11840
        5920            8           1.884        94720        23680
        5920           16           2.073       189440        47360
        5920           32           2.608       378880        94720
        5920           64           3.691       757760       189440
        5920          128           5.968      1515520       378880
        5920          256          14.755      3031040       757760
        5920          512          33.048      6062080      1515520
        5920         1024          35.660     12124160      3031040
        5920         2048          69.760     24248320      6062080
        5920         4096         167.593     48496640     12124160
        5920         8192         297.951     96993280     24248320
        5920        16384         581.694    193986560     48496640
        5920        32768        1101.419    387973120     96993280
        5920        65536        2199.860    775946240    193986560
        5920       131072        4387.288   1551892480    387973120
        6496            1           1.770        12992         3248
        6496            2           1.772        25984         6496
        6496            4           1.765        51968        12992
        6496            8           1.908       103936        25984
        6496           16           2.150       207872        51968
        6496           32           2.749       415744       103936
        6496           64           3.871       831488       207872
        6496          128           6.202      1662976       415744
        6496          256          10.901      3325952       831488
        6496          512          20.226      6651904      1662976
        6496         1024          50.798     13303808      3325952
        6496         2048          76.187     26607616      6651904
        6496         4096         150.593     53215232     13303808
        6496         8192         299.464    106430464     26607616
        6496        16384         602.676    212860928     53215232
        6496        32768        1203.022    425721856    106430464
        6496        65536        2399.877    851443712    212860928
        6496       131072        4814.669   1702887424    425721856
        7136            1           1.863        14272         3568
        7136            2           1.801        28544         7136
        7136            4           1.856        57088        14272
        7136            8           1.959       114176        28544
        7136           16           2.222       228352        57088
        7136           32           2.851       456704       114176
        7136           64           4.086       913408       228352
        7136          128           6.605      1826816       456704
        7136          256          11.689      3653632       913408
        7136          512          21.830      7307264      1826816
        7136         1024          42.107     14614528      3653632
        7136         2048          82.052     29229056      7307264
        7136         4096         177.978     58458112     14614528
        7136         8192         332.522    116916224     29229056
        7136        16384         673.269    233832448     58458112
        7136        32768        1333.566    467664896    116916224
        7136        65536        2670.369    935329792    233832448
        7136       131072        5330.919   1870659584    467664896
        7840            1           1.258        15680         3920
        7840            2           1.892        31360         7840
        7840            4           1.921        62720        15680
        7840            8           2.057       125440        31360
        7840           16           2.492       250880        62720
        7840           32           2.954       501760       125440
        7840           64           4.293      1003520       250880
        7840          128           6.960      2007040       501760
        7840          256          12.404      4014080      1003520
        7840          512          23.250      8028160      2007040
        7840         1024          44.978     16056320      4014080
        7840         2048          88.453     32112640      8028160
        7840         4096         174.653     64225280     16056320
        7840         8192         359.732    128450560     32112640
        7840        16384         693.306    256901120     64225280
        7840        32768        1401.498    513802240    128450560
        7840        65536        2802.735   1027604480    256901120
        7840       131072        5571.152   2055208960    513802240
        8608            1           2.657        17216         4304
        8608            2           1.709        34432         8608
        8608            4           1.902        68864        17216
        8608            8           2.095       137728        34432
        8608           16           2.780       275456        68864
        8608           32           3.169       550912       137728
        8608           64           4.514      1101824       275456
        8608          128           7.519      2203648       550912
        8608          256          13.377      4407296      1101824
        8608          512          25.333      8814592      2203648
        8608         1024          49.215     17629184      4407296
        8608         2048          96.695     35258368      8814592
        8608         4096         203.788     70516736     17629184
        8608         8192         381.623    141033472     35258368
        8608        16384         767.111    282066944     70516736
        8608        32768        1530.957    564133888    141033472
        8608        65536        3066.860   1128267776    282066944
        9440            1           1.248        18880         4720
        9440            2           1.898        37760         9440
        9440            4           1.871        75520        18880
        9440            8           2.000       151040        37760
        9440           16           2.403       302080        75520
        9440           32           3.189       604160       151040
        9440           64           4.872      1208320       302080
        9440          128           8.115      2416640       604160
        9440          256          20.531      4833280      1208320
        9440          512          28.073      9666560      2416640
        9440         1024          54.643     19333120      4833280
        9440         2048         107.544     38666240      9666560
        9440         4096         213.511     77332480     19333120
        9440         8192         425.233    154664960     38666240
        9440        16384         860.090    309329920     77332480
        9440        32768        1716.226    618659840    154664960
        9440        65536        3415.147   1237319680    309329920
       10368            1           3.237        20736         5184
       10368            2           1.886        41472        10368
       10368            4           1.872        82944        20736
       10368            8           1.991       165888        41472
       10368           16           2.407       331776        82944
       10368           32           3.305       663552       165888
       10368           64           5.164      1327104       331776
       10368          128           8.391      2654208       663552
       10368          256          15.455      5308416      1327104
       10368          512          29.183     10616832      2654208
       10368         1024          63.269     21233664      5308416
       10368         2048         112.159     42467328     10616832
       10368         4096         222.639     84934656     21233664
       10368         8192         443.518    169869312     42467328
       10368        16384         889.136    339738624     84934656
       10368        32768        1789.365    679477248    169869312
       10368        65536        3566.391   1358954496    339738624
       11392            1           1.271        22784         5696
       11392            2           1.741        45568        11392
       11392            4           2.056        91136        22784
       11392            8           2.329       182272        45568
       11392           16           2.515       364544        91136
       11392           32           3.423       729088       182272
       11392           64           5.288      1458176       364544
       11392          128           9.084      2916352       729088
       11392          256          16.617      5832704      1458176
       11392          512          38.710     11665408      2916352
       11392         1024          61.860     23330816      5832704
       11392         2048         121.912     46661632     11665408
       11392         4096         242.193     93323264     23330816
       11392         8192         494.133    186646528     46661632
       11392        16384         975.202    373293056     93323264
       11392        32768        1946.875    746586112    186646528
       11392        65536        3862.818   1493172224    373293056
       12512            1           2.023        25024         6256
       12512            2           1.830        50048        12512
       12512            4           2.079       100096        25024
       12512            8           2.183       200192        50048
       12512           16           2.652       400384       100096
       12512           32           3.692       800768       200192
       12512           64           5.769      1601536       400384
       12512          128          10.131      3203072       800768
       12512          256          18.612      6406144      1601536
       12512          512          35.741     12812288      3203072
       12512         1024          69.883     25624576      6406144
       12512         2048         138.001     51249152     12812288
       12512         4096         274.254    102498304     25624576
       12512         8192         560.019    204996608     51249152
       12512        16384        1104.722    409993216    102498304
       12512        32768        2206.048    819986432    204996608
       12512        65536        4416.468   1639972864    409993216
       13760            1           2.291        27520         6880
       13760            2           2.040        55040        13760
       13760            4           2.069       110080        27520
       13760            8           2.215       220160        55040
       13760           16           2.780       440320       110080
       13760           32           3.884       880640       220160
       13760           64           6.195      1761280       440320
       13760          128          10.794      3522560       880640
       13760          256          19.968      7045120      1761280
       13760          512          38.419     14090240      3522560
       13760         1024          75.431     28180480      7045120
       13760         2048         149.024     56360960     14090240
       13760         4096         296.170    112721920     28180480
       13760         8192         605.639    225443840     56360960
       13760        16384        1185.750    450887680    112721920
       13760        32768        2390.917    901775360    225443840
       13760        65536        4755.958   1803550720    450887680
       15136            1           2.248        30272         7568
       15136            2           1.901        60544        15136
       15136            4           1.991       121088        30272
       15136            8           2.267       242176        60544
       15136           16           2.819       484352       121088
       15136           32           4.125       968704       242176
       15136           64           6.642      1937408       484352
       15136          128          11.640      3874816       968704
       15136          256          33.995      7749632      1937408
       15136          512          42.547     15499264      3874816
       15136         1024          83.942     30998528      7749632
       15136         2048         165.617     61997056     15499264
       15136         4096         329.621    123994112     30998528
       15136         8192         668.558    247988224     61997056
       15136        16384        1322.465    495976448    123994112
       15136        32768        2655.808    991952896    247988224
       15136        65536        5298.313   1983905792    495976448
       16640            1           2.764        33280         8320
       16640            2           1.948        66560        16640
       16640            4           2.120       133120        33280
       16640            8           2.320       266240        66560
       16640           16           3.035       532480       133120
       16640           32           4.333      1064960       266240
       16640           64           7.162      2129920       532480
       16640          128          12.783      4259840      1064960
       16640          256          23.871      8519680      2129920
       16640          512          46.170     17039360      4259840
       16640         1024          90.871     34078720      8519680
       16640         2048         192.547     68157440     17039360
       16640         4096         358.002    136314880     34078720
       16640         8192         725.691    272629760     68157440
       16640        16384        1439.152    545259520    136314880
       16640        32768        2890.952   1090519040    272629760
       18304            1           3.355        36608         9152
       18304            2           1.935        73216        18304
       18304            4           2.107       146432        36608
       18304            8           2.425       292864        73216
       18304           16           3.105       585728       146432
       18304           32           4.651      1171456       292864
       18304           64           7.719      2342912       585728
       18304          128          13.883      4685824      1171456
       18304          256          26.117      9371648      2342912
       18304          512          50.629     18743296      4685824
       18304         1024          99.521     37486592      9371648
       18304         2048         197.364     74973184     18743296
       18304         4096         405.173    149946368     37486592
       18304         8192         789.731    299892736     74973184
       18304        16384        1571.714    599785472    149946368
       18304        32768        3158.170   1199570944    299892736
       20128            1           2.917        40256        10064
       20128            2           2.003        80512        20128
       20128            4           2.309       161024        40256
       20128            8           2.920       322048        80512
       20128           16           3.304       644096       161024
       20128           32           4.939      1288192       322048
       20128           64           8.362      2576384       644096
       20128          128          15.010      5152768      1288192
       20128          256          28.446     10305536      2576384
       20128          512          67.104     20611072      5152768
       20128         1024         108.599     41222144     10305536
       20128         2048         215.548     82444288     20611072
       20128         4096         428.385    164888576     41222144
       20128         8192         867.763    329777152     82444288
       20128        16384        1733.127    659554304    164888576
       20128        32768        3452.117   1319108608    329777152
       22112            1           3.117        44224        11056
       22112            2           1.995        88448        22112
       22112            4           2.338       176896        44224
       22112            8           2.630       353792        88448
       22112           16           3.477       707584       176896
       22112           32           5.313      1415168       353792
       22112           64           9.099      2830336       707584
       22112          128          16.484      5660672      1415168
       22112          256          31.417     11321344      2830336
       22112          512          73.560     22642688      5660672
       22112         1024         120.815     45285376     11321344
       22112         2048         239.859     90570752     22642688
       22112         4096         478.145    181141504     45285376
       22112         8192         964.417    362283008     90570752
       22112        16384        1923.383    724566016    181141504
       22112        32768        3829.351   1449132032    362283008
       24320            1           2.023        48640        12160
       24320            2           2.112        97280        24320
       24320            4           2.447       194560        48640
       24320            8           2.735       389120        97280
       24320           16           3.745       778240       194560
       24320           32           5.609      1556480       389120
       24320           64           9.578      3112960       778240
       24320          128          17.530      6225920      1556480
       24320          256          33.326     12451840      3112960
       24320          512          65.178     24903680      6225920
       24320         1024         128.405     49807360     12451840
       24320         2048         270.812     99614720     24903680
       24320         4096         517.838    199229440     49807360
       24320         8192        1043.905    398458880     99614720
       24320        16384        2087.482    796917760    199229440
       24320        32768        6304.486   1593835520    398458880
       26752            1           4.185        53504        13376
       26752            2           2.013       107008        26752
       26752            4           2.294       214016        53504
       26752            8           2.796       428032       107008
       26752           16           3.872       856064       214016
       26752           32           6.069      1712128       428032
       26752           64          10.486      3424256       856064
       26752          128          19.396      6848512      1712128
       26752          256          37.158     13697024      3424256
       26752          512          72.705     27394048      6848512
       26752         1024         143.937     54788096     13697024
       26752         2048         285.853    109576192     27394048
       26752         4096         575.994    219152384     54788096
       26752         8192        1149.647    438304768    109576192
       26752        16384        2297.231    876609536    219152384
       26752        32768        4578.031   1753219072    438304768
       29408            1           2.380        58816        14704
       29408            2           2.159       117632        29408
       29408            4           2.476       235264        58816
       29408            8           2.958       470528       117632
       29408           16           4.081       941056       235264
       29408           32           6.535      1882112       470528
       29408           64          11.219      3764224       941056
       29408          128          20.848      7528448      1882112
       29408          256          40.138     15056896      3764224
       29408          512          77.931     30113792      7528448
       29408         1024         164.821     60227584     15056896
       29408         2048         313.342    120455168     30113792
       29408         4096         631.210    240910336     60227584
       29408         8192        1269.843    481820672    120455168
       29408        16384        2528.570    963641344    240910336
       29408        32768        5066.533   1927282688    481820672
       32320            1           1.887        64640        16160
       32320            2           2.211       129280        32320
       32320            4           2.413       258560        64640
       32320            8           3.118       517120       129280
       32320           16           4.442      1034240       258560
       32320           32          15.289      2068480       517120
       32320           64          15.246      4136960      1034240
       32320          128          23.185      8273920      2068480
       32320          256          44.681     16547840      4136960
       32320          512          87.755     33095680      8273920
       32320         1024         174.127     66191360     16547840
       32320         2048         346.381    132382720     33095680
       32320         4096         704.471    264765440     66191360
       32320         8192        1391.318    529530880    132382720
       32320        16384        2784.215   1059061760    264765440
       32320        32768        5563.859   2118123520    529530880
       35552            1           3.472        71104        17776
       35552            2           2.244       142208        35552
       35552            4           2.820       284416        71104
       35552            8           3.239       568832       142208
       35552           16           4.738      1137664       284416
       35552           32           7.798      2275328       568832
       35552           64          13.784      4550656      1137664
       35552          128          25.785      9101312      2275328
       35552          256          49.904     18202624      4550656
       35552          512          98.228     36405248      9101312
       35552         1024         194.627     72810496     18202624
       35552         2048         399.251    145620992     36405248
       35552         4096         772.765    291241984     72810496
       35552         8192        1562.674    582483968    145620992
       35552        16384        3115.524   1164967936    291241984
       39104            1           4.415        78208        19552
       39104            2           2.337       156416        39104
       39104            4           2.940       312832        78208
       39104            8           3.375       625664       156416
       39104           16           4.962      1251328       312832
       39104           32           8.214      2502656       625664
       39104           64          14.733      5005312      1251328
       39104          128          27.770     10010624      2502656
       39104          256          53.963     20021248      5005312
       39104          512         105.284     40042496     10010624
       39104         1024         211.055     80084992     20021248
       39104         2048         435.322    160169984     40042496
       39104         4096         856.765    320339968     80084992
       39104         8192        1747.480    640679936    160169984
       39104        16384        3411.614   1281359872    320339968
       43008            1           4.210        86016        21504
       43008            2           2.412       172032        43008
       43008            4           2.701       344064        86016
       43008            8           3.542       688128       172032
       43008           16           5.330      1376256       344064
       43008           32           8.981      2752512       688128
       43008           64          15.986      5505024      1376256
       43008          128          30.433     11010048      2752512
       43008          256          58.149     22020096      5505024
       43008          512         118.355     44040192     11010048
       43008         1024         233.563     88080384     22020096
       43008         2048         478.176    176160768     44040192
       43008         4096         940.563    352321536     88080384
       43008         8192        1882.532    704643072    176160768
       43008        16384        3758.433   1409286144    352321536
       47296            1           5.543        94592        23648
       47296            2           2.307       189184        47296
       47296            4           2.873       378368        94592
       47296            8           3.793       756736       189184
       47296           16           5.704      1513472       378368
       47296           32           9.535      3026944       756736
       47296           64          17.354      6053888      1513472
       47296          128          32.974     12107776      3026944
       47296          256          64.095     24215552      6053888
       47296          512         126.359     48431104     12107776
       47296         1024         250.881     96862208     24215552
       47296         2048         512.359    193724416     48431104
       47296         4096        1002.290    387448832     96862208
       47296         8192        2008.474    774897664    193724416
       47296        16384        4025.091   1549795328    387448832
       52000            1           3.731       104000        26000
       52000            2           2.506       208000        52000
       52000            4           3.000       416000       104000
       52000            8           4.031       832000       208000
       52000           16           6.182      1664000       416000
       52000           32          10.529      3328000       832000
       52000           64          19.157      6656000      1664000
       52000          128          36.432     13312000      3328000
       52000          256          71.130     26624000      6656000
       52000          512         140.511     53248000     13312000
       52000         1024         279.196    106496000     26624000
       52000         2048         569.115    212992000     53248000
       52000         4096        1113.952    425984000    106496000
       52000         8192        2239.572    851968000    212992000
       52000        16384        4475.534   1703936000    425984000
       57184            1           5.987       114368        28592
       57184            2           2.703       228736        57184
       57184            4           3.637       457472       114368
       57184            8           4.219       914944       228736
       57184           16           6.625      1829888       457472
       57184           32          11.339      3659776       914944
       57184           64          20.918      7319552      1829888
       57184          128          39.766     14639104      3659776
       57184          256          77.911     29278208      7319552
       57184          512         153.952     58556416     14639104
       57184         1024         306.033    117112832     29278208
       57184         2048         620.806    234225664     58556416
       57184         4096        1223.022    468451328    117112832
       57184         8192        2459.999    936902656    234225664
       57184        16384        5188.155   1873805312    468451328
       62880            1           5.021       125760        31440
       62880            2           2.814       251520        62880
       62880            4           3.245       503040       125760
       62880            8           4.521      1006080       251520
       62880           16           6.991      2012160       503040
       62880           32          12.148      4024320      1006080
       62880           64          22.279      8048640      2012160
       62880          128          42.719     16097280      4024320
       62880          256          83.517     32194560      8048640
       62880          512         165.130     64389120     16097280
       62880         1024         334.887    128778240     32194560
       62880         2048         654.231    257556480     64389120
       62880         4096        1329.899    515112960    128778240
       62880         8192        2634.717   1030225920    257556480
       62880        16384        5284.598   2060451840    515112960
       69152            1           6.609       138304        34576
       69152            2           2.884       276608        69152
       69152            4           4.173       553216       138304
       69152            8           5.569      1106432       276608
       69152           16           7.565      2212864       553216
       69152           32          13.196      4425728      1106432
       69152           64          24.457      8851456      2212864
       69152          128          47.041     17702912      4425728
       69152          256          91.091     35405824      8851456
       69152          512         184.131     70811648     17702912
       69152         1024         364.300    141623296     35405824
       69152         2048         738.391    283246592     70811648
       69152         4096        1473.292    566493184    141623296
       69152         8192        2932.635   1132986368    283246592
       76064            1           7.177       152128        38032
       76064            2           4.950       304256        76064
       76064            4           4.342       608512       152128
       76064            8           5.110      1217024       304256
       76064           16          15.822      2434048       608512
       76064           32          13.716      4868096      1217024
       76064           64          27.048      9736192      2434048
       76064          128          52.156     19472384      4868096
       76064          256         101.608     38944768      9736192
       76064          512         203.645     77889536     19472384
       76064         1024         408.718    155779072     38944768
       76064         2048         822.201    311558144     77889536
       76064         4096        1646.965    623116288    155779072
       76064         8192        3296.607   1246232576    311558144
       83648            1           7.770       167296        41824
       83648            2           3.239       334592        83648
       83648            4           3.929       669184       167296
       83648            8           5.528      1338368       334592
       83648           16           8.895      2676736       669184
       83648           32          15.731      5353472      1338368
       83648           64          29.377     10706944      2676736
       83648          128          56.703     21413888      5353472
       83648          256         110.453     42827776     10706944
       83648          512         232.986     85655552     21413888
       83648         1024         442.343    171311104     42827776
       83648         2048         894.494    342622208     85655552
       83648         4096        1782.256    685244416    171311104
       83648         8192        3562.995   1370488832    342622208
       92000            1           7.991       184000        46000
       92000            2           3.450       368000        92000
       92000            4           4.111       736000       184000
       92000            8           6.026      1472000       368000
       92000           16          10.089      2944000       736000
       92000           32          17.529      5888000      1472000
       92000           64          38.896     11776000      2944000
       92000          128          63.462     23552000      5888000
       92000          256         124.677     47104000     11776000
       92000          512         247.206     94208000     23552000
       92000         1024         491.766    188416000     47104000
       92000         2048         994.621    376832000     94208000
       92000         4096        1977.456    753664000    188416000
       92000         8192        3965.841   1507328000    376832000
      101184            1          10.967       202368        50592
      101184            2           3.302       404736       101184
      101184            4           4.347       809472       202368
      101184            8           6.405      1618944       404736
      101184           16          10.617      3237888       809472
      101184           32          18.944      6475776      1618944
      101184           64          35.602     12951552      3237888
      101184          128          80.613     25903104      6475776
      101184          256         138.003     51806208     12951552
      101184          512         273.544    103612416     25903104
      101184         1024         550.259    207224832     51806208
      101184         2048        1097.656    414449664    103612416
      101184         4096        2187.843    828899328    207224832
      101184         8192        4373.844   1657798656    414449664
      111296            1          10.772       222592        55648
      111296            2           3.502       445184       111296
      111296            4           4.671       890368       222592
      111296            8           6.967      1780736       445184
      111296           16          11.493      3561472       890368
      111296           32          20.716      7122944      1780736
      111296           64          39.107     14245888      3561472
      111296          128          75.879     28491776      7122944
      111296          256         164.643     56983552     14245888
      111296          512         296.200    113967104     28491776
      111296         1024         589.888    227934208     56983552
      111296         2048        1193.972    455868416    113967104
      111296         4096        2376.608    911736832    227934208
      111296         8192        4751.080   1823473664    455868416
      122400            1          12.350       244800        61200
      122400            2           3.922       489600       122400
      122400            4           5.100       979200       244800
      122400            8           7.565      1958400       489600
      122400           16          12.485      3916800       979200
      122400           32          22.579      7833600      1958400
      122400           64          42.751     15667200      3916800
      122400          128          82.517     31334400      7833600
      122400          256         166.916     62668800     15667200
      122400          512         329.054    125337600     31334400
      122400         1024         664.867    250675200     62668800
      122400         2048        1319.495    501350400    125337600
      122400         4096        2642.336   1002700800    250675200
      122400         8192        5278.500   2005401600    501350400
      134624            1          11.593       269248        67312
      134624            2           6.160       538496       134624
      134624            4           8.181      1076992       269248
      134624            8           8.354      2153984       538496
      134624           16          14.057      4307968      1076992
      134624           32          25.491      8615936      2153984
      134624           64          47.549     17231872      4307968
      134624          128          96.709     34463744      8615936
      134624          256         188.314     68927488     17231872
      134624          512         376.050    137854976     34463744
      134624         1024         757.223    275709952     68927488
      134624         2048        1514.804    551419904    137854976
      134624         4096        3025.953   1102839808    275709952
      148064            1          13.445       296128        74032
      148064            2           4.824       592256       148064
      148064            4           6.549      1184512       296128
      148064            8          10.211      2369024       592256
      148064           16          17.535      4738048      1184512
      148064           32          32.202      9476096      2369024
      148064           64          60.761     18952192      4738048
      148064          128         120.902     37904384      9476096
      148064          256         241.164     75808768     18952192
      148064          512         484.603    151617536     37904384
      148064         1024         958.401    303235072     75808768
      148064         2048        1924.432    606470144    151617536
      148064         4096        3846.380   1212940288    303235072
      162848            1          14.646       325696        81424
      162848            2           5.108       651392       162848
      162848            4           7.117      1302784       325696
      162848            8          11.137      2605568       651392
      162848           16          19.350      5211136      1302784
      162848           32          35.624     10422272      2605568
      162848           64          68.478     20844544      5211136
      162848          128         133.405     41689088     10422272
      162848          256         265.839     83378176     20844544
      162848          512         534.895    166756352     41689088
      162848         1024        1062.077    333512704     83378176
      162848         2048        2119.202    667025408    166756352
      162848         4096        4230.624   1334050816    333512704
      179104            1          17.695       358208        89552
      179104            2           5.391       716416       179104
      179104            4           7.639      1432832       358208
      179104            8          12.023      2865664       716416
      179104           16          20.819      5731328      1432832
      179104           32          38.407     11462656      2865664
      179104           64          73.832     22925312      5731328
      179104          128         144.516     45850624     11462656
      179104          256         298.381     91701248     22925312
      179104          512         572.713    183402496     45850624
      179104         1024        1143.783    366804992     91701248
      179104         2048        2283.578    733609984    183402496
      179104         4096        4560.996   1467219968    366804992
      196992            1          19.487       393984        98496
      196992            2           5.810       787968       196992
      196992            4           8.097      1575936       393984
      196992            8          12.982      3151872       787968
      196992           16          22.758      6303744      1575936
      196992           32          42.110     12607488      3151872
      196992           64          80.917     25214976      6303744
      196992          128         171.724     50429952     12607488
      196992          256         312.317    100859904     25214976
      196992          512         630.902    201719808     50429952
      196992         1024        1252.259    403439616    100859904
      196992         2048        2503.869    806879232    201719808
      196992         4096        5005.601   1613758464    403439616
      216672            1          22.388       433344       108336
      216672            2           6.187       866688       216672
      216672            4           8.884      1733376       433344
      216672            8          19.821      3466752       866688
      216672           16          33.819      6933504      1733376
      216672           32          58.191     13867008      3466752
      216672           64          90.574     27734016      6933504
      216672          128         177.938     55468032     13867008
      216672          256         352.459    110936064     27734016
      216672          512         712.038    221872128     55468032
      216672         1024        1409.991    443744256    110936064
      216672         2048        2817.205    887488512    221872128
      216672         4096        5675.814   1774977024    443744256
      238336            1          23.297       476672       119168
      238336            2           6.716       953344       238336
      238336            4           9.683      1906688       476672
      238336            8          15.665      3813376       953344
      238336           16          27.238      7626752      1906688
      238336           32          53.091     15253504      3813376
      238336           64         104.217     30507008      7626752
      238336          128         207.296     61014016     15253504
      238336          256         416.874    122028032     30507008
      238336          512         826.577    244056064     61014016
      238336         1024        1646.788    488112128    122028032
      238336         2048        3275.612    976224256    244056064
      238336         4096        6585.688   1952448512    488112128
      262144            1          25.289       524288       131072
      262144            2           7.296      1048576       262144
      262144            4           9.929      2097152       524288
      262144            8          19.042      4194304      1048576
      262144           16          32.312      8388608      2097152
      262144           32          62.673     16777216      4194304
      262144           64         123.657     33554432      8388608
      262144          128         255.043     67108864     16777216
      262144          256         496.883    134217728     33554432
      262144          512         996.419    268435456     67108864
      262144         1024        2000.230    536870912    134217728
      262144         2048        3991.784   1073741824    268435456
      262144         4096        8009.450   2147483648    536870912
      288352            1          26.877       576704       144176
      288352            2           7.876      1153408       288352
      288352            4          11.234      2306816       576704
      288352            8          22.103      4613632      1153408
      288352           16          37.350      9227264      2306816
      288352           32          79.471     18454528      4613632
      288352           64         145.663     36909056      9227264
      288352          128         288.232     73818112     18454528
      288352          256         576.527    147636224     36909056
      288352          512        1117.660    295272448     73818112
      288352         1024        2282.075    590544896    147636224
      288352         2048        4568.974   1181089792    295272448
      317184            1          31.250       634368       158592
      317184            2           7.705      1268736       317184
      317184            4          14.888      2537472       634368
      317184            8          22.600      5074944      1268736
      317184           16          42.121     10149888      2537472
      317184           32          81.401     20299776      5074944
      317184           64         160.107     40599552     10149888
      317184          128         317.361     81199104     20299776
      317184          256         630.462    162398208     40599552
      317184          512        1251.051    324796416     81199104
      317184         1024        2432.646    649592832    162398208
      317184         2048        4993.478   1299185664    324796416
      348896            1          32.985       697792       174448
      348896            2           9.414      1395584       348896
      348896            4          14.081      2791168       697792
      348896            8          24.409      5582336      1395584
      348896           16          45.701     11164672      2791168
      348896           32          88.051     22329344      5582336
      348896           64         172.745     44658688     11164672
      348896          128         341.485     89317376     22329344
      348896          256         685.484    178634752     44658688
      348896          512        1368.112    357269504     89317376
      348896         1024        2686.081    714539008    178634752
      348896         2048        5454.520   1429078016    357269504
      383776            1          37.624       767552       191888
      383776            2          10.597      1535104       383776
      383776            4          15.278      3070208       767552
      383776            8          28.938      6140416      1535104
      383776           16          50.004     12280832      3070208
      383776           32          96.620     24561664      6140416
      383776           64         188.974     49123328     12280832
      383776          128         372.046     98246656     24561664
      383776          256         762.160    196493312     49123328
      383776          512        1550.173    392986624     98246656
      383776         1024        3084.945    785973248    196493312
      383776         2048        6152.993   1571946496    392986624
      422144            1          40.958       844288       211072
      422144            2          10.389      1688576       422144
      422144            4          16.879      3377152       844288
      422144            8          30.214      6754304      1688576
      422144           16          56.156     13508608      3377152
      422144           32         108.090     27017216      6754304
      422144           64         210.835     54034432     13508608
      422144          128         428.986    108068864     27017216
      422144          256         847.592    216137728     54034432
      422144          512        1653.688    432275456    108068864
      422144         1024        3352.090    864550912    216137728
      422144         2048        6742.370   1729101824    432275456
      464352            1          47.115       928704       232176
      464352            2          12.036      1857408       464352
      464352            4          21.114      3714816       928704
      464352            8          34.500      7429632      1857408
      464352           16          68.758     14859264      3714816
      464352           32         118.634     29718528      7429632
      464352           64         232.578     59437056     14859264
      464352          128         457.998    118874112     29718528
      464352          256         943.363    237748224     59437056
      464352          512        1891.876    475496448    118874112
      464352         1024        3720.941    950992896    237748224
      464352         2048        7468.828   1901985792    475496448
      510784            1          47.823      1021568       255392
      510784            2          13.158      2043136       510784
      510784            4          21.274      4086272      1021568
      510784            8          38.176      8172544      2043136
      510784           16          76.449     16345088      4086272
      510784           32         130.520     32690176      8172544
      510784           64         248.818     65380352     16345088
      510784          128         488.639    130760704     32690176
      510784          256         995.197    261521408     65380352
      510784          512        2059.864    523042816    130760704
      510784         1024        4204.212   1046085632    261521408
      510784         2048        8224.372   2092171264    523042816
      561856            1          55.977      1123712       280928
      561856            2          14.174      2247424       561856
      561856            4          23.453      4494848      1123712
      561856            8          40.627      8989696      2247424
      561856           16          75.689     17979392      4494848
      561856           32         145.587     35958784      8989696
      561856           64         292.730     71917568     17979392
      561856          128         554.185    143835136     35958784
      561856          256        1117.101    287670272     71917568
      561856          512        2252.758    575340544    143835136
      561856         1024        4469.032   1150681088    287670272
      618016            1          60.295      1236032       309008
      618016            2          15.963      2472064       618016
      618016            4          25.990      4944128      1236032
      618016            8          44.974      9888256      2472064
      618016           16          84.458     19776512      4944128
      618016           32         170.271     39553024      9888256
      618016           64         313.163     79106048     19776512
      618016          128         641.459    158212096     39553024
      618016          256        1259.526    316424192     79106048
      618016          512        2530.108    632848384    158212096
      618016         1024        4994.579   1265696768    316424192
      679808            1          70.833      1359616       339904
      679808            2          19.250      2719232       679808
      679808            4          28.125      5438464      1359616
      679808            8          48.932     10876928      2719232
      679808           16          97.201     21753856      5438464
      679808           32         171.856     43507712     10876928
      679808           64         337.209     87015424     21753856
      679808          128         673.485    174030848     43507712
      679808          256        1333.224    348061696     87015424
      679808          512        2643.288    696123392    174030848
      679808         1024        5261.685   1392246784    348061696
      747776            1          71.890      1495552       373888
      747776            2          19.930      2991104       747776
      747776            4          33.071      5982208      1495552
      747776            8          53.506     11964416      2991104
      747776           16          99.374     23928832      5982208
      747776           32         196.700     47857664     11964416
      747776           64         371.410     95715328     23928832
      747776          128         741.075    191430656     47857664
      747776          256        1469.509    382861312     95715328
      747776          512        2939.309    765722624    191430656
      747776         1024        5862.045   1531445248    382861312
      822528            1          84.316      1645056       411264
      822528            2          23.518      3290112       822528
      822528            4          33.738      6580224      1645056
      822528            8          58.541     13160448      3290112
      822528           16         108.185     26320896      6580224
      822528           32         206.858     52641792     13160448
      822528           64         411.168    105283584     26320896
      822528          128         805.105    210567168     52641792
      822528          256        1593.907    421134336    105283584
      822528          512        3182.226    842268672    210567168
      822528         1024        6362.117   1684537344    421134336
      904768            1          91.373      1809536       452384
      904768            2          26.442      3619072       904768
      904768            4          38.833      7238144      1809536
      904768            8          65.274     14476288      3619072
      904768           16         118.434     28952576      7238144
      904768           32         228.239     57905152     14476288
      904768           64         453.183    115810304     28952576
      904768          128         888.878    231620608     57905152
      904768          256        1762.282    463241216    115810304
      904768          512        3528.133    926482432    231620608
      904768         1024        7040.445   1852964864    463241216
      995232            1         102.620      1990464       497616
      995232            2          30.359      3980928       995232
      995232            4          42.125      7961856      1990464
      995232            8          74.762     15923712      3980928
      995232           16         133.399     31847424      7961856
      995232           32         263.022     63694848     15923712
      995232           64         501.875    127389696     31847424
      995232          128         998.069    254779392     63694848
      995232          256        1984.823    509558784    127389696
      995232          512        3960.499   1019117568    254779392
      995232         1024        7970.533   2038235136    509558784
     1094752            1         111.126      2189504       547376
     1094752            2          35.143      4379008      1094752
     1094752            4          49.194      8758016      2189504
     1094752            8          83.003     17516032      4379008
     1094752           16         152.983     35032064      8758016
     1094752           32         302.899     70064128     17516032
     1094752           64         574.833    140128256     35032064
     1094752          128        1139.454    280256512     70064128
     1094752          256        2254.235    560513024    140128256
     1094752          512        4483.461   1121026048    280256512
     1204224            1         122.689      2408448       602112
     1204224            2          42.035      4816896      1204224
     1204224            4          53.287      9633792      2408448
     1204224            8          92.630     19267584      4816896
     1204224           16         181.678     38535168      9633792
     1204224           32         325.869     77070336     19267584
     1204224           64         640.715    154140672     38535168
     1204224          128        1259.409    308281344     77070336
     1204224          256        2509.492    616562688    154140672
     1204224          512        5018.029   1233125376    308281344
     1324640            1         130.541      2649280       662320
     1324640            2          50.247      5298560      1324640
     1324640            4          60.099     10597120      2649280
     1324640            8         101.032     21194240      5298560
     1324640           16         186.583     42388480     10597120
     1324640           32         363.364     84776960     21194240
     1324640           64         696.375    169553920     42388480
     1324640          128        1376.539    339107840     84776960
     1324640          256        2734.677    678215680    169553920
     1324640          512        5499.596   1356431360    339107840
     1457088            1         145.857      2914176       728544
     1457088            2          56.777      5828352      1457088
     1457088            4          66.117     11656704      2914176
     1457088            8         113.455     23313408      5828352
     1457088           16         220.753     46626816     11656704
     1457088           32         397.944     93253632     23313408
     1457088           64         782.972    186507264     46626816
     1457088          128        1538.079    373014528     93253632
     1457088          256        3065.635    746029056    186507264
     1457088          512        6110.492   1492058112    373014528
     1602784            1         165.001      3205568       801392
     1602784            2          71.835      6411136      1602784
     1602784            4          74.452     12822272      3205568
     1602784            8         127.288     25644544      6411136
     1602784           16         234.210     51289088     12822272
     1602784           32         451.535    102578176     25644544
     1602784           64         868.557    205156352     51289088
     1602784          128        1751.613    410312704    102578176
     1602784          256        3464.767    820625408    205156352
     1602784          512        6841.529   1641250816    410312704
     1763040            1         183.397      3526080       881520
     1763040            2          84.182      7052160      1763040
     1763040            4          83.581     14104320      3526080
     1763040            8         142.327     28208640      7052160
     1763040           16         260.758     56417280     14104320
     1763040           32         505.169    112834560     28208640
     1763040           64        1003.656    225669120     56417280
     1763040          128        1932.291    451338240    112834560
     1763040          256        3833.542    902676480    225669120
     1763040          512        7674.935   1805352960    451338240
     1939328            1         192.390      3878656       969664
     1939328            2          96.431      7757312      1939328
     1939328            4          94.630     15514624      3878656
     1939328            8         168.807     31029248      7757312
     1939328           16         297.010     62058496     15514624
     1939328           32         567.517    124116992     31029248
     1939328           64        1119.472    248233984     62058496
     1939328          128        2198.472    496467968    124116992
     1939328          256        4364.141    992935936    248233984
     1939328          512        8646.521   1985871872    496467968
     2133248            1         210.990      4266496      1066624
     2133248            2         118.854      8532992      2133248
     2133248            4         106.258     17065984      4266496
     2133248            8         179.446     34131968      8532992
     2133248           16         336.900     68263936     17065984
     2133248           32         629.059    136527872     34131968
     2133248           64        1232.367    273055744     68263936
     2133248          128        2464.324    546111488    136527872
     2133248          256        4865.736   1092222976    273055744
     2346560            1         232.131      4693120      1173280
     2346560            2         142.535      9386240      2346560
     2346560            4         119.065     18772480      4693120
     2346560            8         200.246     37544960      9386240
     2346560           16         373.497     75089920     18772480
     2346560           32         697.233    150179840     37544960
     2346560           64        1380.470    300359680     75089920
     2346560          128        2717.114    600719360    150179840
     2346560          256        5446.251   1201438720    300359680
     2581216            1         253.971      5162432      1290608
     2581216            2         172.272     10324864      2581216
     2581216            4         134.450     20649728      5162432
     2581216            8         236.540     41299456     10324864
     2581216           16         418.957     82598912     20649728
     2581216           32         803.954    165197824     41299456
     2581216           64        1561.968    330395648     82598912
     2581216          128        3094.413    660791296    165197824
     2581216          256        6070.247   1321582592    330395648
     2839328            1         276.250      5678656      1419664
     2839328            2         199.817     11357312      2839328
     2839328            4         147.303     22714624      5678656
     2839328            8         256.013     45429248     11357312
     2839328           16         459.512     90858496     22714624
     2839328           32         878.927    181716992     45429248
     2839328           64        1734.384    363433984     90858496
     2839328          128        3415.323    726867968    181716992
     2839328          256        6725.382   1453735936    363433984
     3123232            1         305.247      6246464      1561616
     3123232            2         236.007     12492928      3123232
     3123232            4         161.947     24985856      6246464
     3123232            8         290.181     49971712     12492928
     3123232           16         504.218     99943424     24985856
     3123232           32         967.159    199886848     49971712
     3123232           64        1896.527    399773696     99943424
     3123232          128        3752.869    799547392    199886848
     3123232          256        7456.848   1599094784    399773696
     3435552            1         335.393      6871104      1717776
     3435552            2         288.891     13742208      3435552
     3435552            4         182.476     27484416      6871104
     3435552            8         307.269     54968832     13742208
     3435552           16         567.383    109937664     27484416
     3435552           32        1079.068    219875328     54968832
     3435552           64        2103.251    439750656    109937664
     3435552          128        4145.920    879501312    219875328
     3435552          256        8277.050   1759002624    439750656
     3779104            1         381.421      7558208      1889552
     3779104            2         342.811     15116416      3779104
     3779104            4         198.661     30232832      7558208
     3779104            8         336.555     60465664     15116416
     3779104           16         624.268    120931328     30232832
     3779104           32        1180.927    241862656     60465664
     3779104           64        2318.597    483725312    120931328
     3779104          128        4554.841    967450624    241862656
     3779104          256        9008.775   1934901248    483725312
     4156992            1         406.393      8313984      2078496
     4156992            2         399.243     16627968      4156992
     4156992            4         222.848     33255936      8313984
     4156992            8         376.001     66511872     16627968
     4156992           16         697.503    133023744     33255936
     4156992           32        1318.923    266047488     66511872
     4156992           64        2559.897    532094976    133023744
     4156992          128        5060.747   1064189952    266047488
     4156992          256       10057.927   2128379904    532094976
     4572672            1         447.360      9145344      2286336
     4572672            2         479.243     18290688      4572672
     4572672            4         256.735     36581376      9145344
     4572672            8         425.250     73162752     18290688
     4572672           16         780.127    146325504     36581376
     4572672           32        1500.554    292651008     73162752
     4572672           64        2872.454    585302016    146325504
     4572672          128        5713.884   1170604032    292651008
     5029920            1         493.008     10059840      2514960
     5029920            2         593.561     20119680      5029920
     5029920            4         308.859     40239360     10059840
     5029920            8         502.414     80478720     20119680
     5029920           16         912.887    160957440     40239360
     5029920           32        1742.907    321914880     80478720
     5029920           64        3407.581    643829760    160957440
     5029920          128        6738.873   1287659520    321914880
     5532896            1         540.097     11065792      2766448
     5532896            2         733.949     22131584      5532896
     5532896            4         415.848     44263168     11065792
     5532896            8         626.225     88526336     22131584
     5532896           16        1109.342    177052672     44263168
     5532896           32        2094.425    354105344     88526336
     5532896           64        4137.175    708210688    177052672
     5532896          128        8068.482   1416421376    354105344
     6086176            1         602.197     12172352      3043088
     6086176            2         884.121     24344704      6086176
     6086176            4         635.608     48689408     12172352
     6086176            8         874.446     97378816     24344704
     6086176           16        1488.100    194757632     48689408
     6086176           32        2833.281    389515264     97378816
     6086176           64        5359.663    779030528    194757632
     6086176          128       10608.675   1558061056    389515264
     6694784            1         662.875     13389568      3347392
     6694784            2        1013.280     26779136      6694784
     6694784            4         846.640     53558272     13389568
     6694784            8        1475.971    107116544     26779136
     6694784           16        2300.854    214233088     53558272
     6694784           32        3959.129    428466176    107116544
     6694784           64        7847.788    856932352    214233088
     6694784          128       14216.071   1713864704    428466176
     7364256            1         728.478     14728512      3682128
     7364256            2        1207.355     29457024      7364256
     7364256            4        1062.481     58914048     14728512
     7364256            8        1729.398    117828096     29457024
     7364256           16        2987.813    235656192     58914048
     7364256           32        5623.483    471312384    117828096
     7364256           64       10665.960    942624768    235656192
     7364256          128       21249.853   1885249536    471312384
     8100672            1         802.943     16201344      4050336
     8100672            2        1307.083     32402688      8100672
     8100672            4        1302.615     64805376     16201344
     8100672            8        2029.842    129610752     32402688
     8100672           16        3710.520    259221504     64805376
     8100672           32        6930.392    518443008    129610752
     8100672           64       12895.877   1036886016    259221504
     8100672          128       25308.214   2073772032    518443008
     8910720            1         880.861     17821440      4455360
     8910720            2        1478.176     35642880      8910720
     8910720            4        1521.411     71285760     17821440
     8910720            8        2380.046    142571520     35642880
     8910720           16        4289.712    285143040     71285760
     8910720           32        8167.080    570286080    142571520
     8910720           64       14827.409   1140572160    285143040
     9801792            1         972.690     19603584      4900896
     9801792            2        1699.362     39207168      9801792
     9801792            4        1836.829     78414336     19603584
     9801792            8        2840.679    156828672     39207168
     9801792           16        5092.073    313657344     78414336
     9801792           32        9519.721    627314688    156828672
     9801792           64       18643.739   1254629376    313657344
    10781952            1        1073.193     21563904      5390976
    10781952            2        1936.024     43127808     10781952
    10781952            4        2373.723     86255616     21563904
    10781952            8        3475.438    172511232     43127808
    10781952           16        5954.020    345022464     86255616
    10781952           32       11140.387    690044928    172511232
    10781952           64       22659.564   1380089856    345022464
    11860128            1        1185.608     23720256      5930064
    11860128            2        2190.434     47440512     11860128
    11860128            4        2908.765     94881024     23720256
    11860128            8        4313.213    189762048     47440512
    11860128           16        7094.315    379524096     94881024
    11860128           32       13157.704    759048192    189762048
    11860128           64       25574.402   1518096384    379524096
    13046112            1        1316.547     26092224      6523056
    13046112            2        2453.051     52184448     13046112
    13046112            4        3302.697    104368896     26092224
    13046112            8        4976.152    208737792     52184448
    13046112           16        8283.211    417475584    104368896
    13046112           32       15356.130    834951168    208737792
    13046112           64       29814.538   1669902336    417475584
    14350720            1        1445.486     28701440      7175360
    14350720            2        2741.946     57402880     14350720
    14350720            4        3786.486    114805760     28701440
    14350720            8        5729.503    229611520     57402880
    14350720           16        9594.335    459223040    114805760
    14350720           32       17756.775    918446080    229611520
    14350720           64       34438.387   1836892160    459223040
    15785792            1        1592.448     31571584      7892896
    15785792            2        3018.006     63143168     15785792
    15785792            4        4232.065    126286336     31571584
    15785792            8        6522.792    252572672     63143168
    15785792           16       11017.956    505145344    126286336
    15785792           32       20277.873   1010290688    252572672
    15785792           64       39398.860   2020581376    505145344
    17364352            1        1759.602     34728704      8682176
    17364352            2        3350.054     69457408     17364352
    17364352            4        4776.483    138914816     34728704
    17364352            8        7376.252    277829632     69457408
    17364352           16       12475.007    555659264    138914816
    17364352           32       23260.986   1111318528    277829632
    19100768            1        1932.341     38201536      9550384
    19100768            2        3704.739     76403072     19100768
    19100768            4        5268.741    152806144     38201536
    19100768            8        8235.836    305612288     76403072
    19100768           16       14194.431    611224576    152806144
    19100768           32       26575.932   1222449152    305612288
    21010816            1        2112.785     42021632     10505408
    21010816            2        4091.959     84043264     21010816
    21010816            4        5832.017    168086528     42021632
    21010816            8        9238.284    336173056     84043264
    21010816           16       15964.796    672346112    168086528
    21010816           32       30104.018   1344692224    336173056
    23111872            1        2334.799     46223744     11555936
    23111872            2        4530.713     92447488     23111872
    23111872            4        6491.173    184894976     46223744
    23111872            8       10300.229    369789952     92447488
    23111872           16       18015.379    739579904    184894976
    23111872           32       33846.614   1479159808    369789952
    25423040            1        2594.002     50846080     12711520
    25423040            2        5068.117    101692160     25423040
    25423040            4        7288.807    203384320     50846080
    25423040            8       11625.716    406768640    101692160
    25423040           16       20409.404    813537280    203384320
    25423040           32       38386.732   1627074560    406768640
    27965344            1        2868.196     55930688     13982672
    27965344            2        5596.998    111861376     27965344
    27965344            4        8099.650    223722752     55930688
    27965344            8       12951.338    447445504    111861376
    27965344           16       22845.216    894891008    223722752
    27965344           32       43189.070   1789782016    447445504
    30761856            1        3160.226     61523712     15380928
    30761856            2        6181.894    123047424     30761856
    30761856            4        8971.021    246094848     61523712
    30761856            8       14445.820    492189696    123047424
    30761856           16       26272.020    984379392    246094848
    30761856           32       48390.140   1968758784    492189696
    33838016            1        3490.555     67676032     16919008
    33838016            2        6841.465    135352064     33838016
    33838016            4        9956.538    270704128     67676032
    33838016            8       16220.620    541408256    135352064
    33838016           16       28931.961   1082816512    270704128
    37221792            1        3861.096     74443584     18610896
    37221792            2        7585.909    148887168     37221792
    37221792            4       11028.104    297774336     74443584
    37221792            8       17973.907    595548672    148887168
    37221792           16       32155.956   1191097344    297774336
    40943968            1        4271.089     81887936     20471984
    40943968            2        8362.296    163775872     40943968
    40943968            4       12228.071    327551744     81887936
    40943968            8       19995.508    655103488    163775872
    40943968           16       35732.212   1310206976    327551744
    45038336            1        4689.180     90076672     22519168
    45038336            2        9244.359    180153344     45038336
    45038336            4       13554.611    360306688     90076672
    45038336            8       22253.844    720613376    180153344
    45038336           16       40104.037   1441226752    360306688
    49542144            1        5169.933     99084288     24771072
    49542144            2       10167.732    198168576     49542144
    49542144            4       14982.770    396337152     99084288
    49542144            8       24731.650    792674304    198168576
    49542144           16       44879.091   1585348608    396337152
    54496352            1        5676.050    108992704     27248176
    54496352            2       11204.260    217985408     54496352
    54496352            4       16573.582    435970816    108992704
    54496352            8       27387.590    871941632    217985408
    54496352           16       49147.659   1743883264    435970816
    59945984            1        6258.178    119891968     29972992
    59945984            2       12312.666    239783936     59945984
    59945984            4       18276.746    479567872    119891968
    59945984            8       30403.490    959135744    239783936
    59945984           16       54416.670   1918271488    479567872
    65940576            1        6911.725    131881152     32970288
    65940576            2       13647.051    263762304     65940576
    65940576            4       20308.567    527524608    131881152
    65940576            8       33773.701   1055049216    263762304
    65940576           16       60434.538   2110098432    527524608
    72534624            1        7633.576    145069248     36267312
    72534624            2       15091.334    290138496     72534624
    72534624            4       22538.054    580276992    145069248
    72534624            8       37435.855   1160553984    290138496
    79788064            1        8397.861    159576128     39894032
    79788064            2       16597.174    319152256     79788064
    79788064            4       24872.505    638304512    159576128
    79788064            8       41801.779   1276609024    319152256
    87766848            1        9243.633    175533696     43883424
    87766848            2       18376.519    351067392     87766848
    87766848            4       27568.028    702134784    175533696
    87766848            8       45956.761   1404269568    351067392
    96543520            1       10177.737    193087040     48271760
    96543520            2       20232.901    386174080     96543520
    96543520            4       30573.498    772348160    193087040
    96543520            8       50748.348   1544696320    386174080
   106197856            1       11203.015    212395712     53098928
   106197856            2       22287.432    424791424    106197856
   106197856            4       33772.209    849582848    212395712
   106197856            8       56006.506   1699165696    424791424
   116817632            1       12344.549    233635264     58408816
   116817632            2       24666.456    467270528    116817632
   116817632            4       37529.490    934541056    233635264
   116817632            8       62444.016   1869082112    467270528
   128499392            1       13576.003    256998784     64249696
   128499392            2       27206.121    513997568    128499392
   128499392            4       41488.268   1027995136    256998784
   128499392            8       68480.227   2055990272    513997568
   141349312            1       14927.706    282698624     70674656
   141349312            2       30129.286    565397248    141349312
   141349312            4       45836.363   1130794496    282698624
   155484224            1       16425.724    310968448     77742112
   155484224            2       33375.347    621936896    155484224
   155484224            4       50540.343   1243873792    310968448
   171032640            1       18077.587    342065280     85516320
   171032640            2       36836.577    684130560    171032640
   171032640            4       55981.262   1368261120    342065280
   188135904            1       19857.242    376271808     94067952
   188135904            2       40940.309    752543616    188135904
   188135904            4       62102.522   1505087232    376271808
   206949472            1       21899.464    413898944    103474736
   206949472            2       45351.208    827797888    206949472
   206949472            4       68514.259   1655595776    413898944
   227644416            1       24092.593    455288832    113822208
   227644416            2       50493.600    910577664    227644416
   227644416            4       75554.388   1821155328    455288832
   250408832            1       26585.400    500817664    125204416
   250408832            2       56358.455   1001635328    250408832
   250408832            4       84288.193   2003270656    500817664
   275449696            1       29387.961    550899392    137724848
   275449696            2       62200.287   1101798784    275449696
   302994656            1       32290.564    605989312    151497328
   302994656            2       69931.895   1211978624    302994656
   333294112            1       35547.287    666588224    166647056
   333294112            2       76435.114   1333176448    333294112
   366623520            1       39054.239    733247040    183311760
   366623520            2       84371.714   1466494080    366623520
   403285856            1       43305.183    806571712    201642928
   403285856            2       93212.475   1613143424    403285856
   443614432            1       47690.083    887228864    221807216
   443614432            2      104369.037   1774457728    443614432
   487975872            1       52416.201    975951744    243987936
   487975872            2      114801.956   1951903488    487975872
   536773440            1       57843.069   1073546880    268386720
   536773440            2      125336.456   2147093760    536773440
   590450784            1       63891.935   1180901568    295225392
   649495840            1       70622.954   1298991680    324747920
   714445408            1       77693.745   1428890816    357222704
   785889920            1       86179.559   1571779840    392944960
   864478912            1       95278.251   1728957824    432239456
   950926784            1      104762.101   1901853568    475463392
  1046019456            1      115782.347   2092038912    523009728

META_DATA
FLOPS          4
OPENMP_THREADS 4
ERT_VERSION  1.1.0
HOSTNAME  ('laptop', [], ['127.0.1.1'])
UNAME  uname_result(system='Linux', node='laptop', release='6.8.0-84-generic', version='#84-Ubuntu SMP PREEMPT_DYNAMIC Fri Sep  5 22:36:38 UTC 2025', machine='x86_64')
TIMESTAMP_DATA  1765914125.054081
CONFIG  {'ERT_MPI': ['False'], 'ERT_OPENMP': ['True'], 'ERT_OPENMP_CFLAGS': ['-fopenmp'], 'ERT_OPENMP_LDFLAGS': ['-fopenmp'], 'ERT_PRECISION': ['FP64'], 'ERT_TRIALS_MIN': ['1'], 'ERT_TRIALS': ['3', '#', 'Run', 'each', 'test', '3', 'times', 'to', 'filter', 'out', 'background', 'noise'], 'ERT_RESULTS': ['Results/8250U'], 'ERT_GNUPLOT': ['gnuplot'], 'ERT_DRIVER': ['driver1'], 'ERT_KERNEL': ['kernel1'], 'ERT_CC': ['g++'], 'ERT_LD': ['g++'], 'ERT_CFLAGS': ['-O3', '-march=native', '-fopenmp', '-fstrict-aliasing', '-funroll-loops', '-Wno-all'], 'ERT_LDFLAGS': ['-O3', '-march=native', '-fopenmp'], 'ERT_LDLIBS': ['-lm'], 'ERT_RUN': ['export', 'OMP_NUM_THREADS=ERT_OPENMP_THREADS;', './ERT_CODE'], 'ERT_WORKING_SET_MIN': ['128'], 'ERT_MEMORY_MAX': ['1073741824'], 'ERT_ALIGN': ['64'], 'ERT_MIN_PROCS': ['1'], 'ERT_MAX_PROCS': ['1'], 'ERT_OPENMP_THREADS': ['1,2,4,8', '#', 'Logical', 'Threads'], 'ERT_NUM_EXPERIMENTS': ['4'], 'ERT_FLOPS': ['1,2,4,8'], 'ERT_GPU': [False], 'ERT_HIP': [False], 'ERT_OCL': [False], 'ERT_SYCL': [False], 'ERT_WSS_MULT': [1.1]}
