fp64
        2048            1           0.825         4096         4096
        2048            2           0.275         8192         8192
        2048            4           0.275        16384        16384
        2048            8           0.458        32768        32768
        2048           16           0.641        65536        65536
        2048           32           1.008       131072       131072
        2048           64           1.742       262144       262144
        2048          128           3.758       524288       524288
        2048          256           6.875      1048576      1048576
        2048          512          13.750      2097152      2097152
        2048         1024          27.500      4194304      4194304
        2048         2048          55.091      8388608      8388608
        2048         4096         110.275     16777216     16777216
        2048         8192         220.733     33554432     33554432
        2048        16384         441.100     67108864     67108864
        2048        32768         848.925    134217728    134217728
        2048        65536        1700.967    268435456    268435456
        2048       131072        3129.959    536870912    536870912
        2048       262144        5701.942   1073741824   1073741824
        2048       524288       13719.200   2147483648   2147483648
        2240            1           2.933         4480         4480
        2240            2           0.275         8960         8960
        2240            4           0.367        17920        17920
        2240            8           0.367        35840        35840
        2240           16           0.550        71680        71680
        2240           32           0.917       143360       143360
        2240           64           1.742       286720       286720
        2240          128           3.300       573440       573440
        2240          256           6.416      1146880      1146880
        2240          512          12.558      2293760      2293760
        2240         1024          24.934      4587520      4587520
        2240         2048          49.408      9175040      9175040
        2240         4096          99.275     18350080     18350080
        2240         8192         198.091     36700160     36700160
        2240        16384         396.184     73400320     73400320
        2240        32768         821.608    146800640    146800640
        2240        65536        1736.259    293601280    293601280
        2240       131072        3237.392    587202560    587202560
        2240       262144        6307.492   1174405120   1174405120
        2464            1           1.008         4928         4928
        2464            2           0.367         9856         9856
        2464            4           0.367        19712        19712
        2464            8           0.550        39424        39424
        2464           16           0.917        78848        78848
        2464           32           1.833       157696       157696
        2464           64           3.575       315392       315392
        2464          128           7.150       630784       630784
        2464          256          14.117      1261568      1261568
        2464          512          28.325      2523136      2523136
        2464         1024          56.467      5046272      5046272
        2464         2048         113.025     10092544     10092544
        2464         4096         230.267     20185088     20185088
        2464         8192         440.183     40370176     40370176
        2464        16384         555.866     80740352     80740352
        2464        32768        1094.776    161480704    161480704
        2464        65536        1946.634    322961408    322961408
        2464       131072        3633.025    645922816    645922816
        2464       262144        7332.325   1291845632   1291845632
        2704            1           0.825         5408         5408
        2704            2           0.275        10816        10816
        2704            4           0.275        21632        21632
        2704            8           0.459        43264        43264
        2704           16           0.642        86528        86528
        2704           32           1.100       173056       173056
        2704           64           2.017       346112       346112
        2704          128           3.942       692224       692224
        2704          256           7.792      1384448      1384448
        2704          512          15.400      2768896      2768896
        2704         1024          30.525      5537792      5537792
        2704         2048          60.775     11075584     11075584
        2704         4096         121.825     22151168     22151168
        2704         8192         242.458     44302336     44302336
        2704        16384         493.350     88604672     88604672
        2704        32768        1141.708    177209344    177209344
        2704        65536        2062.133    354418688    354418688
        2704       131072        3904.633    708837376    708837376
        2704       262144        7734.192   1417674752   1417674752
        2960            1           0.825         5920         5920
        2960            2           0.367        11840        11840
        2960            4           0.458        23680        23680
        2960            8           0.550        47360        47360
        2960           16           0.825        94720        94720
        2960           32           1.284       189440       189440
        2960           64           2.292       378880       378880
        2960          128           4.400       757760       757760
        2960          256           8.617      1515520      1515520
        2960          512          16.958      3031040      3031040
        2960         1024          33.550      6062080      6062080
        2960         2048          66.917     12124160     12124160
        2960         4096         150.883     24248320     24248320
        2960         8192         319.733     48496640     48496640
        2960        16384         597.392     96993280     96993280
        2960        32768        1106.416    193986560    193986560
        2960        65536        2216.592    387973120    387973120
        2960       131072        4396.608    775946240    775946240
        2960       262144       10384.276   1551892480   1551892480
        3248            1           0.733         6496         6496
        3248            2           0.458        12992        12992
        3248            4           0.458        25984        25984
        3248            8           0.642        51968        51968
        3248           16           0.917       103936       103936
        3248           32           1.650       207872       207872
        3248           64           3.025       415744       415744
        3248          128           5.867       831488       831488
        3248          256          11.642      1662976      1662976
        3248          512          22.916      3325952      3325952
        3248         1024          45.650      6651904      6651904
        3248         2048          91.117     13303808     13303808
        3248         4096         181.959     26607616     26607616
        3248         8192         363.734     53215232     53215232
        3248        16384         671.458    106430464    106430464
        3248        32768        1278.384    212860928    212860928
        3248        65536        2400.292    425721856    425721856
        3248       131072        4805.992    851443712    851443712
        3248       262144       13459.601   1702887424   1702887424
        3568            1           0.733         7136         7136
        3568            2           0.458        14272        14272
        3568            4           0.550        28544        28544
        3568            8           0.734        57088        57088
        3568           16           1.466       114176       114176
        3568           32           2.750       228352       228352
        3568           64           5.134       456704       456704
        3568          128          10.358       913408       913408
        3568          256          20.441      1826816      1826816
        3568          512          40.700      3653632      3653632
        3568         1024          81.216      7307264      7307264
        3568         2048         166.833     14614528     14614528
        3568         4096         346.041     29229056     29229056
        3568         8192         649.000     58458112     58458112
        3568        16384        1313.034    116916224    116916224
        3568        32768        2612.867    233832448    233832448
        3568        65536        5197.317    467664896    467664896
        3568       131072        7050.725    935329792    935329792
        3568       262144       12726.083   1870659584   1870659584
        3920            1           0.825         7840         7840
        3920            2           0.366        15680        15680
        3920            4           0.367        31360        31360
        3920            8           0.550        62720        62720
        3920           16           0.825       125440       125440
        3920           32           1.559       250880       250880
        3920           64           2.933       501760       501760
        3920          128           5.684      1003520      1003520
        3920          256          11.092      2007040      2007040
        3920          512          22.092      4014080      4014080
        3920         1024          47.758      8028160      8028160
        3920         2048         111.650     16056320     16056320
        3920         4096         175.267     32112640     32112640
        3920         8192         363.916     64225280     64225280
        3920        16384         700.792    128450560    128450560
        3920        32768        1390.492    256901120    256901120
        3920        65536        2934.251    513802240    513802240
        3920       131072        5558.942   1027604480   1027604480
        3920       262144       11272.158   2055208960   2055208960
        4304            1           0.916         8608         8608
        4304            2           0.459        17216        17216
        4304            4           0.550        34432        34432
        4304            8           1.009        68864        68864
        4304           16           1.742       137728       137728
        4304           32           3.392       275456       275456
        4304           64           6.600       550912       550912
        4304          128          13.291      1101824      1101824
        4304          256          26.308      2203648      2203648
        4304          512          52.525      4407296      4407296
        4304         1024         112.933      8814592      8814592
        4304         2048         209.459     17629184     17629184
        4304         4096         418.550     35258368     35258368
        4304         8192         921.984     70516736     70516736
        4304        16384        1626.075    141033472    141033472
        4304        32768        3180.925    282066944    282066944
        4304        65536        6131.492    564133888    564133888
        4304       131072       12170.584   1128267776   1128267776
        4720            1           0.825         9440         9440
        4720            2           0.367        18880        18880
        4720            4           0.366        37760        37760
        4720            8           0.550        75520        75520
        4720           16           1.008       151040       151040
        4720           32           1.925       302080       302080
        4720           64           3.666       604160       604160
        4720          128           6.967      1208320      1208320
        4720          256          13.750      2416640      2416640
        4720          512          27.225      4833280      4833280
        4720         1024          54.266      9666560      9666560
        4720         2048         108.350     19333120     19333120
        4720         4096         216.516     38666240     38666240
        4720         8192         461.175     77332480     77332480
        4720        16384         857.450    154664960    154664960
        4720        32768        1724.525    309329920    309329920
        4720        65536        3436.125    618659840    618659840
        4720       131072        6879.217   1237319680   1237319680
        5184            1           1.283        10368        10368
        5184            2           0.367        20736        20736
        5184            4           0.459        41472        41472
        5184            8           0.734        82944        82944
        5184           16           1.100       165888       165888
        5184           32           2.016       331776       331776
        5184           64           3.758       663552       663552
        5184          128           7.333      1327104      1327104
        5184          256          14.391      2654208      2654208
        5184          512          74.984      5308416      5308416
        5184         1024         119.900     10616832     10616832
        5184         2048         226.692     21233664     21233664
        5184         4096         457.783     42467328     42467328
        5184         8192        1039.133     84934656     84934656
        5184        16384        2036.650    169869312    169869312
        5184        32768        3743.209    339738624    339738624
        5184        65536        7007.092    679477248    679477248
        5184       131072        7936.500   1358954496   1358954496
        5696            1           0.825        11392        11392
        5696            2           0.459        22784        22784
        5696            4           0.733        45568        45568
        5696            8           1.100        91136        91136
        5696           16           2.200       182272       182272
        5696           32           4.125       364544       364544
        5696           64           8.158       729088       729088
        5696          128          16.225      1458176      1458176
        5696          256          32.175      2916352      2916352
        5696          512          64.259      5832704      5832704
        5696         1024         133.558     11665408     11665408
        5696         2048         278.850     23330816     23330816
        5696         4096         504.167     46661632     46661632
        5696         8192         991.466     93323264     93323264
        5696        16384        1974.775    186646528    186646528
        5696        32768        4296.417    373293056    373293056
        5696        65536        7966.567    746586112    746586112
        5696       131072       14054.150   1493172224   1493172224
        6256            1           1.650        12512        12512
        6256            2           0.458        25024        25024
        6256            4           0.733        50048        50048
        6256            8           1.191       100096       100096
        6256           16           2.292       200192       200192
        6256           32           4.400       400384       400384
        6256           64           8.709       800768       800768
        6256          128          17.417      1601536      1601536
        6256          256          34.741      3203072      3203072
        6256          512          69.392      6406144      6406144
        6256         1024         138.509     12812288     12812288
        6256         2048         277.108     25624576     25624576
        6256         4096         559.900     51249152     51249152
        6256         8192        1120.716    102498304    102498304
        6256        16384        2739.825    204996608    204996608
        6256        32768        4501.108    409993216    409993216
        6256        65536        8917.883    819986432    819986432
        6256       131072       10902.833   1639972864   1639972864
        6880            1           1.100        13760        13760
        6880            2           0.367        27520        27520
        6880            4           0.550        55040        55040
        6880            8           0.734       110080       110080
        6880           16           1.467       220160       220160
        6880           32           2.659       440320       440320
        6880           64           4.950       880640       880640
        6880          128           9.900      1761280      1761280
        6880          256          23.742      3522560      3522560
        6880          512          38.683      7045120      7045120
        6880         1024          77.092     14090240     14090240
        6880         2048         154.092     28180480     28180480
        6880         4096         307.816     56360960     56360960
        6880         8192         616.000    112721920    112721920
        6880        16384        1252.992    225443840    225443840
        6880        32768        2432.283    450887680    450887680
        6880        65536        4866.858    901775360    901775360
        6880       131072       10667.983   1803550720   1803550720
        7568            1           0.550        15136        15136
        7568            2           0.459        30272        30272
        7568            4           0.550        60544        60544
        7568            8           0.825       121088       121088
        7568           16           1.467       242176       242176
        7568           32           2.750       484352       484352
        7568           64           5.408       968704       968704
        7568          128          10.633      1937408      1937408
        7568          256          20.991      3874816      3874816
        7568          512          41.892      7749632      7749632
        7568         1024          83.509     15499264     15499264
        7568         2048         166.925     30998528     30998528
        7568         4096         338.159     61997056     61997056
        7568         8192         706.475    123994112    123994112
        7568        16384        1446.500    247988224    247988224
        7568        32768        3041.958    495976448    495976448
        7568        65536        6565.717    991952896    991952896
        7568       131072       13068.459   1983905792   1983905792
        8320            1           0.642        16640        16640
        8320            2           0.366        33280        33280
        8320            4           1.009        66560        66560
        8320            8           0.916       133120       133120
        8320           16           1.650       266240       266240
        8320           32           3.025       532480       532480
        8320           64           5.866      1064960      1064960
        8320          128          11.550      2129920      2129920
        8320          256          22.825      4259840      4259840
        8320          512          45.558      8519680      8519680
        8320         1024          91.025     17039360     17039360
        8320         2048         181.775     34078720     34078720
        8320         4096         365.567     68157440     68157440
        8320         8192         768.350    136314880    136314880
        8320        16384        1843.784    272629760    272629760
        8320        32768        3134.542    545259520    545259520
        8320        65536        5949.259   1090519040   1090519040
        9152            1           0.825        18304        18304
        9152            2           1.283        36608        36608
        9152            4           0.642        73216        73216
        9152            8           1.008       146432       146432
        9152           16           1.742       292864       292864
        9152           32           3.392       585728       585728
        9152           64           6.508      1171456      1171456
        9152          128          12.741      2342912      2342912
        9152          256          25.208      4685824      4685824
        9152          512          50.233      9371648      9371648
        9152         1024         100.375     18743296     18743296
        9152         2048         200.292     37486592     37486592
        9152         4096         400.492     74973184     74973184
        9152         8192         948.292    149946368    149946368
        9152        16384        1888.884    299892736    299892736
        9152        32768        6500.267    599785472    599785472
        9152        65536       12067.275   1199570944   1199570944
       10064            1           0.734        20128        20128
       10064            2           0.459        40256        40256
       10064            4           0.733        80512        80512
       10064            8           1.100       161024       161024
       10064           16           1.925       322048       322048
       10064           32           3.666       644096       644096
       10064           64           7.150      1288192      1288192
       10064          128          14.025      2576384      2576384
       10064          256          27.866      5152768      5152768
       10064          512          55.550     10305536     10305536
       10064         1024         110.917     20611072     20611072
       10064         2048         221.650     41222144     41222144
       10064         4096         448.892     82444288     82444288
       10064         8192         910.067    164888576    164888576
       10064        16384        1750.834    329777152    329777152
       10064        32768        3578.575    659554304    659554304
       10064        65536        8777.358   1319108608   1319108608
       11056            1           0.917        22112        22112
       11056            2           0.550        44224        44224
       11056            4           0.733        88448        88448
       11056            8           1.283       176896       176896
       11056           16           2.292       353792       353792
       11056           32           4.309       707584       707584
       11056           64           8.433      1415168      1415168
       11056          128          17.050      2830336      2830336
       11056          256          31.166      5660672      5660672
       11056          512          61.508     11321344     11321344
       11056         1024         123.109     22642688     22642688
       11056         2048         245.942     45285376     45285376
       11056         4096         499.309     90570752     90570752
       11056         8192        1028.592    181141504    181141504
       11056        16384        2040.042    362283008    362283008
       11056        32768        3920.858    724566016    724566016
       11056        65536        8272.641   1449132032   1449132032
       12160            1           1.100        24320        24320
       12160            2           0.459        48640        48640
       12160            4           0.733        97280        97280
       12160            8           1.283       194560       194560
       12160           16           2.291       389120       389120
       12160           32           4.400       778240       778240
       12160           64          12.009      1556480      1556480
       12160          128          39.234      3112960      3112960
       12160          256          35.200      6225920      6225920
       12160          512          66.733     12451840     12451840
       12160         1024         133.100     24903680     24903680
       12160         2048         266.567     49807360     49807360
       12160         4096         532.767     99614720     99614720
       12160         8192        1106.417    199229440    199229440
       12160        16384        2189.458    398458880    398458880
       12160        32768        4682.058    796917760    796917760
       12160        65536       10486.208   1593835520   1593835520
       13376            1           1.100        26752        26752
       13376            2           0.641        53504        53504
       13376            4           0.825       107008       107008
       13376            8           1.284       214016       214016
       13376           16           2.475       428032       428032
       13376           32           4.767       856064       856064
       13376           64           9.350      1712128      1712128
       13376          128          18.517      3424256      3424256
       13376          256          36.758      6848512      6848512
       13376          512          73.334     13697024     13697024
       13376         1024         146.575     27394048     27394048
       13376         2048         305.708     54788096     54788096
       13376         4096         706.017    109576192    109576192
       13376         8192        1467.583    219152384    219152384
       13376        16384        2870.633    438304768    438304768
       13376        32768        5779.675    876609536    876609536
       13376        65536       11440.367   1753219072   1753219072
       14704            1           1.100        29408        29408
       14704            2           0.550        58816        58816
       14704            4           0.916       117632       117632
       14704            8           1.466       235264       235264
       14704           16           2.750       470528       470528
       14704           32           5.317       941056       941056
       14704           64          10.450      1882112      1882112
       14704          128          20.533      3764224      3764224
       14704          256          40.975      7528448      7528448
       14704          512          81.766     15056896     15056896
       14704         1024         163.166     30113792     30113792
       14704         2048         325.875     60227584     60227584
       14704         4096         685.300    120455168    120455168
       14704         8192        1415.517    240910336    240910336
       14704        16384        2632.025    481820672    481820672
       14704        32768        5268.633    963641344    963641344
       14704        65536       11804.100   1927282688   1927282688
       16160            1           1.558        32320        32320
       16160            2           0.642        64640        64640
       16160            4           0.916       129280       129280
       16160            8           1.559       258560       258560
       16160           16           3.025       517120       517120
       16160           32           5.775      1034240      1034240
       16160           64          11.367      2068480      2068480
       16160          128          22.367      4136960      4136960
       16160          256          44.733      8273920      8273920
       16160          512          89.100     16547840     16547840
       16160         1024         178.108     33095680     33095680
       16160         2048         361.442     66191360     66191360
       16160         4096         734.983    132382720    132382720
       16160         8192        1650.734    264765440    264765440
       16160        16384        5939.542    529530880    529530880
       16160        32768       11258.500   1059061760   1059061760
       16160        65536       19506.575   2118123520   2118123520
       17776            1           1.467        35552        35552
       17776            2           0.550        71104        71104
       17776            4           1.008       142208       142208
       17776            8           1.741       284416       284416
       17776           16           3.300       568832       568832
       17776           32           6.417      1137664      1137664
       17776           64          12.559      2275328      2275328
       17776          128          24.841      4550656      4550656
       17776          256          49.317      9101312      9101312
       17776          512          98.450     18202624     18202624
       17776         1024         196.992     36405248     36405248
       17776         2048         393.066     72810496     72810496
       17776         4096         785.491    145620992    145620992
       17776         8192        1731.308    291241984    291241984
       17776        16384        3467.384    582483968    582483968
       17776        32768        7801.109   1164967936   1164967936
       19552            1           3.025        39104        39104
       19552            2           0.733        78208        78208
       19552            4           1.008       156416       156416
       19552            8           1.925       312832       312832
       19552           16           3.575       625664       625664
       19552           32           6.966      1251328      1251328
       19552           64          13.750      2502656      2502656
       19552          128          27.041      5005312      5005312
       19552          256          53.900     10010624     10010624
       19552          512         107.525     20021248     20021248
       19552         1024         222.842     40042496     40042496
       19552         2048         429.275     80084992     80084992
       19552         4096         859.833    160169984    160169984
       19552         8192        1819.492    320339968    320339968
       19552        16384        3428.425    640679936    640679936
       19552        32768        8131.566   1281359872   1281359872
       21504            1           1.559        43008        43008
       21504            2           1.192        86016        86016
       21504            4           2.475       172032       172032
       21504            8           4.675       344064       344064
       21504           16           9.075       688128       688128
       21504           32          17.784      1376256      1376256
       21504           64          35.383      2752512      2752512
       21504          128          70.309      5505024      5505024
       21504          256         147.033     11010048     11010048
       21504          512         280.317     22020096     22020096
       21504         1024         555.134     44040192     44040192
       21504         2048        1243.642     88080384     88080384
       21504         4096        2009.975    176160768    176160768
       21504         8192        3801.142    352321536    352321536
       21504        16384        7440.859    704643072    704643072
       21504        32768        9366.317   1409286144   1409286144
       23648            1           2.841        47296        47296
       23648            2           0.825        94592        94592
       23648            4           1.283       189184       189184
       23648            8           2.200       378368       378368
       23648           16           4.309       756736       756736
       23648           32           8.342      1513472      1513472
       23648           64          16.500      3026944      3026944
       23648          128          32.725      6053888      6053888
       23648          256          65.175     12107776     12107776
       23648          512         130.075     24215552     24215552
       23648         1024         259.783     48431104     48431104
       23648         2048         519.750     96862208     96862208
       23648         4096        1056.458    193724416    193724416
       23648         8192        2049.392    387448832    387448832
       23648        16384        4095.667    774897664    774897664
       23648        32768        8541.775   1549795328   1549795328
       26000            1           2.109        52000        52000
       26000            2           0.825       104000       104000
       26000            4           1.375       208000       208000
       26000            8           2.475       416000       416000
       26000           16           4.675       832000       832000
       26000           32           9.075      1664000      1664000
       26000           64          18.058      3328000      3328000
       26000          128          35.750      6656000      6656000
       26000          256          71.317     13312000     13312000
       26000          512         142.359     26624000     26624000
       26000         1024         284.808     53248000     53248000
       26000         2048         568.975    106496000    106496000
       26000         4096        1243.917    212992000    212992000
       26000         8192        2430.725    425984000    425984000
       26000        16384        4541.992    851968000    851968000
       26000        32768       10861.675   1703936000   1703936000
       28592            1           2.292        57184        57184
       28592            2           1.008       114368       114368
       28592            4           1.467       228736       228736
       28592            8           2.659       457472       457472
       28592           16           5.225       914944       914944
       28592           32          10.083      1829888      1829888
       28592           64          19.892      3659776      3659776
       28592          128          39.417      7319552      7319552
       28592          256          78.742     14639104     14639104
       28592          512         157.300     29278208     29278208
       28592         1024         319.550     58556416     58556416
       28592         2048         649.184    117112832    117112832
       28592         4096        1396.084    234225664    234225664
       28592         8192        2655.950    468451328    468451328
       28592        16384        5740.258    936902656    936902656
       28592        32768       10719.134   1873805312   1873805312
       31440            1           1.742        62880        62880
       31440            2           0.917       125760       125760
       31440            4           1.559       251520       251520
       31440            8           2.933       503040       503040
       31440           16           5.500      1006080      1006080
       31440           32          11.000      2012160      2012160
       31440           64          21.725      4024320      4024320
       31440          128          43.267      8048640      8048640
       31440          256          86.259     16097280     16097280
       31440          512         172.700     32194560     32194560
       31440         1024         345.308     64389120     64389120
       31440         2048        1243.275    128778240    128778240
       31440         4096        1430.367    257556480    257556480
       31440         8192        3652.184    515112960    515112960
       31440        16384        5621.459   1030225920   1030225920
       31440        32768       13387.826   2060451840   2060451840
       34576            1           2.659        69152        69152
       34576            2           1.009       138304       138304
       34576            4           1.742       276608       276608
       34576            8           3.209       553216       553216
       34576           16           6.142      1106432      1106432
       34576           32          12.008      2212864      2212864
       34576           64          23.833      4425728      4425728
       34576          128          47.575      8851456      8851456
       34576          256          94.784     17702912     17702912
       34576          512         188.650     35405824     35405824
       34576         1024         384.725     70811648     70811648
       34576         2048         900.075    141623296    141623296
       34576         4096        1634.325    283246592    283246592
       34576         8192        3281.850    566493184    566493184
       34576        16384       11434.592   1132986368   1132986368
       38032            1           2.566        76064        76064
       38032            2           1.192       152128       152128
       38032            4           1.925       304256       304256
       38032            8           3.575       608512       608512
       38032           16           6.875      1217024      1217024
       38032           32          13.200      2434048      2434048
       38032           64          26.217      4868096      4868096
       38032          128          52.158      9736192      9736192
       38032          256         104.133     19472384     19472384
       38032          512         212.575     38944768     38944768
       38032         1024         440.642     77889536     77889536
       38032         2048         826.833    155779072    155779072
       38032         4096        1627.908    311558144    311558144
       38032         8192        3374.800    623116288    623116288
       38032        16384        6740.067   1246232576   1246232576
       41824            1           2.108        83648        83648
       41824            2           2.475       167296       167296
       41824            4           4.583       334592       334592
       41824            8           8.525       669184       669184
       41824           16          19.617      1338368      1338368
       41824           32          32.359      2676736      2676736
       41824           64          90.567      5353472      5353472
       41824          128         127.966     10706944     10706944
       41824          256         302.042     21413888     21413888
       41824          512         513.058     42827776     42827776
       41824         1024        1024.925     85655552     85655552
       41824         2048        2066.992    171311104    171311104
       41824         4096        2443.742    342622208    342622208
       41824         8192        4516.141    685244416    685244416
       41824        16384        8186.842   1370488832   1370488832
       46000            1           2.658        92000        92000
       46000            2           3.025       184000       184000
       46000            4           5.317       368000       368000
       46000            8          10.084       736000       736000
       46000           16          19.525      1472000      1472000
       46000           32          38.225      2944000      2944000
       46000           64          75.900      5888000      5888000
       46000          128         156.109     11776000     11776000
       46000          256         301.766     23552000     23552000
       46000          512         609.400     47104000     47104000
       46000         1024        1183.325     94208000     94208000
       46000         2048        2126.575    188416000    188416000
       46000         4096        4216.392    376832000    376832000
       46000         8192        8108.467    753664000    753664000
       46000        16384       14950.283   1507328000   1507328000
       50592            1           2.567       101184       101184
       50592            2           1.375       202368       202368
       50592            4           2.475       404736       404736
       50592            8           4.584       809472       809472
       50592           16           8.800      1618944      1618944
       50592           32          17.691      3237888      3237888
       50592           64          34.925      6475776      6475776
       50592          128          69.575     12951552     12951552
       50592          256         166.100     25903104     25903104
       50592          512         277.016     51806208     51806208
       50592         1024         556.050    103612416    103612416
       50592         2048        1091.566    207224832    207224832
       50592         4096        2211.275    414449664    414449664
       50592         8192        4522.558    828899328    828899328
       50592        16384       10566.692   1657798656   1657798656
       55648            1           2.566       111296       111296
       55648            2           1.558       222592       222592
       55648            4           2.750       445184       445184
       55648            8           4.950       890368       890368
       55648           16           9.716      1780736      1780736
       55648           32          19.158      3561472      3561472
       55648           64          38.408      7122944      7122944
       55648          128          76.267     14245888     14245888
       55648          256         152.350     28491776     28491776
       55648          512         304.792     56983552     56983552
       55648         1024         609.583    113967104    113967104
       55648         2048        1413.317    227934208    227934208
       55648         4096        2605.441    455868416    455868416
       55648         8192        8236.708    911736832    911736832
       55648        16384       14774.375   1823473664   1823473664
       61200            1          11.275       122400       122400
       61200            2           3.300       244800       244800
       61200            4           5.958       489600       489600
       61200            8          11.183       979200       979200
       61200           16          21.725      1958400      1958400
       61200           32          42.717      3916800      3916800
       61200           64          84.792      7833600      7833600
       61200          128         189.934     15667200     15667200
       61200          256         337.150     31334400     31334400
       61200          512         669.258     62668800     62668800
       61200         1024        1350.984    125337600    125337600
       61200         2048        2682.075    250675200    250675200
       61200         4096        5071.092    501350400    501350400
       61200         8192        5553.441   1002700800   1002700800
       61200        16384       10998.442   2005401600   2005401600
       67312            1           4.858       134624       134624
       67312            2           1.925       269248       269248
       67312            4           4.033       538496       538496
       67312            8           7.425      1076992      1076992
       67312           16          14.850      2153984      2153984
       67312           32          29.334      4307968      4307968
       67312           64          57.933      8615936      8615936
       67312          128         116.417     17231872     17231872
       67312          256         227.425     34463744     34463744
       67312          512         427.259     68927488     68927488
       67312         1024         977.442    137854976    137854976
       67312         2048        1487.475    275709952    275709952
       67312         4096        2915.641    551419904    551419904
       67312         8192        6470.933   1102839808   1102839808
       74032            1           3.941       148064       148064
       74032            2           2.017       296128       296128
       74032            4           3.575       592256       592256
       74032            8           6.875      1184512      1184512
       74032           16          13.016      2369024      2369024
       74032           32          25.758      4738048      4738048
       74032           64          51.058      9476096      9476096
       74032          128         101.750     18952192     18952192
       74032          256         202.584     37904384     37904384
       74032          512         405.441     75808768     75808768
       74032         1024         852.867    151617536    151617536
       74032         2048        1766.508    303235072    303235072
       74032         4096        3430.534    606470144    606470144
       74032         8192        7247.992   1212940288   1212940288
       81424            1           1.742       162848       162848
       81424            2           2.200       325696       325696
       81424            4           3.941       651392       651392
       81424            8           7.333      1302784      1302784
       81424           16          14.392      2605568      2605568
       81424           32          28.234      5211136      5211136
       81424           64          56.009     10422272     10422272
       81424          128         111.650     20844544     20844544
       81424          256         222.750     41689088     41689088
       81424          512         455.308     83378176     83378176
       81424         1024         958.008    166756352    166756352
       81424         2048        1851.759    333512704    333512704
       81424         4096        3654.658    667025408    667025408
       81424         8192        8627.575   1334050816   1334050816
       89552            1           3.666       179104       179104
       89552            2           2.475       358208       358208
       89552            4           4.309       716416       716416
       89552            8           8.158      1432832      1432832
       89552           16          15.767      2865664      2865664
       89552           32          31.075      5731328      5731328
       89552           64          61.691     11462656     11462656
       89552          128         122.466     22925312     22925312
       89552          256         244.933     45850624     45850624
       89552          512         571.175     91701248     91701248
       89552         1024        1069.658    183402496    183402496
       89552         2048        2066.533    366804992    366804992
       89552         4096        3991.075    733609984    733609984
       89552         8192        9456.242   1467219968   1467219968
       98496            1           4.583       196992       196992
       98496            2           5.225       393984       393984
       98496            4           9.533       787968       787968
       98496            8          17.875      1575936      1575936
       98496           16          34.742      3151872      3151872
       98496           32          73.425      6303744      6303744
       98496           64         135.575     12607488     12607488
       98496          128         291.225     25214976     25214976
       98496          256         553.209     50429952     50429952
       98496          512        1107.425    100859904    100859904
       98496         1024        2179.100    201719808    201719808
       98496         2048        2883.467    403439616    403439616
       98496         4096        5378.908    806879232    806879232
       98496         8192       10754.608   1613758464   1613758464
      108336            1           3.758       216672       216672
      108336            2           2.933       433344       433344
      108336            4           5.959       866688       866688
      108336            8          50.417      1733376      1733376
      108336           16          19.433      3466752      3466752
      108336           32          37.584      6933504      6933504
      108336           64          74.525     13867008     13867008
      108336          128         148.500     27734016     27734016
      108336          256         312.034     55468032     55468032
      108336          512         600.141    110936064    110936064
      108336         1024        1272.975    221872128    221872128
      108336         2048        2399.283    443744256    443744256
      108336         4096        4800.859    887488512    887488512
      108336         8192       10370.342   1774977024   1774977024
      119168            1          16.958       238336       238336
      119168            2           3.667       476672       476672
      119168            4           7.058       953344       953344
      119168            8          13.200      1906688      1906688
      119168           16          25.392      3813376      3813376
      119168           32          50.325      7626752      7626752
      119168           64         100.100     15253504     15253504
      119168          128         199.192     30507008     30507008
      119168          256         398.384     61014016     61014016
      119168          512         801.442    122028032    122028032
      119168         1024        1590.783    244056064    244056064
      119168         2048        2753.025    488112128    488112128
      119168         4096        5326.017    976224256    976224256
      119168         8192       10656.067   1952448512   1952448512
      131072            1           5.225       262144       262144
      131072            2           3.391       524288       524288
      131072            4           5.959      1048576      1048576
      131072            8          11.825      2097152      2097152
      131072           16          30.525      4194304      4194304
      131072           32          45.375      8388608      8388608
      131072           64          89.925     16777216     16777216
      131072          128         179.392     33554432     33554432
      131072          256         357.958     67108864     67108864
      131072          512         801.808    134217728    134217728
      131072         1024        1516.534    268435456    268435456
      131072         2048        2987.142    536870912    536870912
      131072         4096        5689.750   1073741824   1073741824
      131072         8192       11856.259   2147483648   2147483648
      144176            1           5.775       288352       288352
      144176            2           3.758       576704       576704
      144176            4          30.067      1153408      1153408
      144176            8          15.400      2306816      2306816
      144176           16          26.491      4613632      4613632
      144176           32          52.067      9227264      9227264
      144176           64         103.675     18454528     18454528
      144176          128         207.350     36909056     36909056
      144176          256         418.275     73818112     73818112
      144176          512         913.917    147636224    147636224
      144176         1024        1966.892    295272448    295272448
      144176         2048        3483.425    590544896    590544896
      144176         4096       12668.700   1181089792   1181089792
      158592            1           6.692       317184       317184
      158592            2           4.125       634368       634368
      158592            4           7.516      1268736      1268736
      158592            8          14.392      2537472      2537472
      158592           16          27.867      5074944      5074944
      158592           32          55.275     10149888     10149888
      158592           64         108.809     20299776     20299776
      158592          128         222.659     40599552     40599552
      158592          256         462.550     81199104     81199104
      158592          512         865.975    162398208    162398208
      158592         1024        1716.275    324796416    324796416
      158592         2048        3502.950    649592832    649592832
      158592         4096        6908.275   1299185664   1299185664
      174448            1           6.141       348896       348896
      174448            2           5.500       697792       697792
      174448            4           9.992      1395584      1395584
      174448            8          19.067      2791168      2791168
      174448           16          37.125      5582336      5582336
      174448           32          73.150     11164672     11164672
      174448           64         145.200     22329344     22329344
      174448          128         289.300     44658688     44658688
      174448          256         581.900     89317376     89317376
      174448          512        1119.800    178634752    178634752
      174448         1024        1958.550    357269504    357269504
      174448         2048        3852.659    714539008    714539008
      174448         4096        8395.292   1429078016   1429078016
      191888            1           7.517       383776       383776
      191888            2           7.058       767552       767552
      191888            4          11.825      1535104      1535104
      191888            8          22.000      3070208      3070208
      191888           16          47.300      6140416      6140416
      191888           32         114.858     12280832     12280832
      191888           64         166.558     24561664     24561664
      191888          128         340.542     49123328     49123328
      191888          256         687.500     98246656     98246656
      191888          512        1423.400    196493312    196493312
      191888         1024        2544.941    392986624    392986624
      191888         2048        4220.700    785973248    785973248
      191888         4096        8866.642   1571946496   1571946496
      211072            1           5.684       422144       422144
      211072            2           5.408       844288       844288
      211072            4           9.900      1688576      1688576
      211072            8          18.975      3377152      3377152
      211072           16          36.941      6754304      6754304
      211072           32          72.967     13508608     13508608
      211072           64         152.350     27017216     27017216
      211072          128         288.659     54034432     54034432
      211072          256         610.133    108068864    108068864
      211072          512        1433.392    216137728    216137728
      211072         1024        2499.475    432275456    432275456
      211072         2048        5081.725    864550912    864550912
      211072         4096       10779.908   1729101824   1729101824
      232176            1           5.592       464352       464352
      232176            2           5.958       928704       928704
      232176            4          11.000      1857408      1857408
      232176            8          20.625      3714816      3714816
      232176           16          40.608      7429632      7429632
      232176           32          80.392     14859264     14859264
      232176           64         159.500     29718528     29718528
      232176          128         317.991     59437056     59437056
      232176          256         735.533    118874112    118874112
      232176          512        1696.842    237748224    237748224
      232176         1024        2654.942    475496448    475496448
      232176         2048        5084.842    950992896    950992896
      232176         4096       11316.525   1901985792   1901985792
      255392            1           8.158       510784       510784
      255392            2          13.933      1021568      1021568
      255392            4          25.391      2043136      2043136
      255392            8          48.309      4086272      4086272
      255392           16          93.592      8172544      8172544
      255392           32         184.433     16345088     16345088
      255392           64         379.500     32690176     32690176
      255392          128         739.842     65380352     65380352
      255392          256        1425.508    130760704    130760704
      255392          512        2798.033    261521408    261521408
      255392         1024        5559.400    523042816    523042816
      255392         2048       11219.359   1046085632   1046085632
      255392         4096       16475.159   2092171264   2092171264
      280928            1           9.900       561856       561856
      280928            2          14.850      1123712      1123712
      280928            4          26.858      2247424      2247424
      280928            8          50.875      4494848      4494848
      280928           16          98.725      8989696      8989696
      280928           32         194.517     17979392     17979392
      280928           64         386.375     35958784     35958784
      280928          128         769.358     71917568     71917568
      280928          256        1549.259    143835136    143835136
      280928          512        3076.150    287670272    287670272
      280928         1024        3744.950    575340544    575340544
      280928         2048        7211.692   1150681088   1150681088
      309008            1           9.534       618016       618016
      309008            2          17.417      1236032      1236032
      309008            4          31.075      2472064      2472064
      309008            8          58.942      4944128      4944128
      309008           16         114.400      9888256      9888256
      309008           32         225.133     19776512     19776512
      309008           64         434.134     39553024     39553024
      309008          128         925.467     79106048     79106048
      309008          256        1838.650    158212096    158212096
      309008          512        3364.992    316424192    316424192
      309008         1024        6803.959    632848384    632848384
      309008         2048       13580.417   1265696768   1265696768
      339904            1          11.550       679808       679808
      339904            2           8.709      1359616      1359616
      339904            4          15.950      2719232      2719232
      339904            8          30.525      5438464      5438464
      339904           16          59.400     10876928     10876928
      339904           32         117.334     21753856     21753856
      339904           64         369.967     43507712     43507712
      339904          128         947.559     87015424     87015424
      339904          256        1870.826    174030848    174030848
      339904          512        3748.159    348061696    348061696
      339904         1024        7454.975    696123392    696123392
      339904         2048        7764.625   1392246784   1392246784
      373888            1          12.925       747776       747776
      373888            2          12.100      1495552      1495552
      373888            4          17.508      2991104      2991104
      373888            8          33.458      5982208      5982208
      373888           16          65.083     11964416     11964416
      373888           32         137.592     23928832     23928832
      373888           64         255.933     47857664     47857664
      373888          128         563.291     95715328     95715328
      373888          256        1254.733    191430656    191430656
      373888          512        2566.759    382861312    382861312
      373888         1024        5072.742    765722624    765722624
      373888         2048       10164.550   1531445248   1531445248
      411264            1          16.683       822528       822528
      411264            2          24.108      1645056      1645056
      411264            4          43.450      3290112      3290112
      411264            8          82.866      6580224      6580224
      411264           16         161.150     13160448     13160448
      411264           32         322.942     26320896     26320896
      411264           64         658.166     52641792     52641792
      411264          128        1172.050    105283584    105283584
      411264          256        2276.450    210567168    210567168
      411264          512        4507.525    421134336    421134336
      411264         1024        7211.508    842268672    842268672
      411264         2048        9380.250   1684537344   1684537344
      452384            1          14.850       904768       904768
      452384            2          23.283      1809536      1809536
      452384            4          42.442      3619072      3619072
      452384            8          80.575      7238144      7238144
      452384           16         157.025     14476288     14476288
      452384           32         310.841     28952576     28952576
      452384           64         627.184     57905152     57905152
      452384          128        1235.942    115810304    115810304
      452384          256        2583.625    231620608    231620608
      452384          512        2613.233    463241216    463241216
      452384         1024        5702.675    926482432    926482432
      452384         2048       11898.425   1852964864   1852964864
      497616            1          65.175       995232       995232
      497616            2          12.833      1990464      1990464
      497616            4          23.283      3980928      3980928
      497616            8          44.550      7961856      7961856
      497616           16          87.175     15923712     15923712
      497616           32         171.508     31847424     31847424
      497616           64         341.642     63694848     63694848
      497616          128         681.633    127389696    127389696
      497616          256        1344.934    254779392    254779392
      497616          512        2747.067    509558784    509558784
      497616         1024        5425.933   1019117568   1019117568
      497616         2048       11388.942   2038235136   2038235136
      547376            1          17.783      1094752      1094752
      547376            2          33.458      2189504      2189504
      547376            4          58.759      4379008      4379008
      547376            8         111.742      8758016      8758016
      547376           16         217.067     17516032     17516032
      547376           32         427.625     35032064     35032064
      547376           64         740.209     70064128     70064128
      547376          128         995.408    140128256    140128256
      547376          256        1836.817    280256512    280256512
      547376          512        3737.525    560513024    560513024
      547376         1024        7442.141   1121026048   1121026048
      602112            1          19.433      1204224      1204224
      602112            2          35.933      2408448      2408448
      602112            4          64.625      4816896      4816896
      602112            8         122.925      9633792      9633792
      602112           16         238.884     19267584     19267584
      602112           32         486.750     38535168     38535168
      602112           64         869.550     77070336     77070336
      602112          128        1695.741    154140672    154140672
      602112          256        3336.850    308281344    308281344
      602112          512        4534.659    616562688    616562688
      602112         1024        8236.342   1233125376   1233125376
      662320            1          26.217      1324640      1324640
      662320            2          37.491      2649280      2649280
      662320            4          66.458      5298560      5298560
      662320            8         129.525     10597120     10597120
      662320           16         245.117     21194240     21194240
      662320           32         508.750     42388480     42388480
      662320           64         956.083     84776960     84776960
      662320          128        1870.275    169553920    169553920
      662320          256        3634.950    339107840    339107840
      662320          512        4809.476    678215680    678215680
      662320         1024        8980.400   1356431360   1356431360
      728544            1          20.259      1457088      1457088
      728544            2          18.517      2914176      2914176
      728544            4          34.100      5828352      5828352
      728544            8          64.900     11656704     11656704
      728544           16         132.641     23313408     23313408
      728544           32         251.350     46626816     46626816
      728544           64         506.458     93253632     93253632
      728544          128        1031.434    186507264    186507264
      728544          256        2028.491    373014528    373014528
      728544          512        3975.583    746029056    746029056
      728544         1024        8881.217   1492058112   1492058112
      801392            1          22.917      1602784      1602784
      801392            2          22.366      3205568      3205568
      801392            4          36.850      6411136      6411136
      801392            8          70.767     12822272     12822272
      801392           16         190.483     25644544     25644544
      801392           32         292.692     51289088     51289088
      801392           64         548.992    102578176    102578176
      801392          128        1178.009    205156352    205156352
      801392          256        2326.592    410312704    410312704
      801392          512        4398.533    820625408    820625408
      801392         1024        9534.617   1641250816   1641250816
      881520            1          22.917      1763040      1763040
      881520            2          25.759      3526080      3526080
      881520            4          41.158      7052160      7052160
      881520            8          78.558     14104320     14104320
      881520           16         153.725     28208640     28208640
      881520           32         304.150     56417280     56417280
      881520           64         605.183    112834560    112834560
      881520          128        1293.417    225669120    225669120
      881520          256        2611.492    451338240    451338240
      881520          512        4913.975    902676480    902676480
      881520         1024       18815.409   1805352960   1805352960
      969664            1          22.733      1939328      1939328
      969664            2          27.684      3878656      3878656
      969664            4          48.400      7757312      7757312
      969664            8          90.475     15514624     15514624
      969664           16         179.025     31029248     31029248
      969664           32         352.183     62058496     62058496
      969664           64         789.526    124116992    124116992
      969664          128        1623.417    248233984    248233984
      969664          256        2726.350    496467968    496467968
      969664          512        5467.550    992935936    992935936
      969664         1024       12528.267   1985871872   1985871872
     1066624            1          29.975      2133248      2133248
     1066624            2          56.375      4266496      4266496
     1066624            4         101.567      8532992      8532992
     1066624            8         192.866     17065984     17065984
     1066624           16         374.642     34131968     34131968
     1066624           32         739.017     68263936     68263936
     1066624           64        1498.200    136527872    136527872
     1066624          128        2955.975    273055744    273055744
     1066624          256        4105.750    546111488    546111488
     1066624          512        5980.975   1092222976   1092222976
     1173280            1          34.375      2346560      2346560
     1173280            2          64.167      4693120      4693120
     1173280            4         120.542      9386240      9386240
     1173280            8         220.550     18772480     18772480
     1173280           16         454.392     37544960     37544960
     1173280           32         833.983     75089920     75089920
     1173280           64        1620.942    150179840    150179840
     1173280          128        3231.616    300359680    300359680
     1173280          256        4819.833    600719360    600719360
     1173280          512        7590.367   1201438720   1201438720
     1290608            1          32.633      2581216      2581216
     1290608            2          32.266      5162432      5162432
     1290608            4          60.225     10324864     10324864
     1290608            8         115.225     20649728     20649728
     1290608           16         224.675     41299456     41299456
     1290608           32         444.950     82598912     82598912
     1290608           64         892.833    165197824    165197824
     1290608          128        1810.967    330395648    330395648
     1290608          256        4737.334    660791296    660791296
     1290608          512       14205.950   1321582592   1321582592
     1419664            1          36.483      2839328      2839328
     1419664            2          35.841      5678656      5678656
     1419664            4          67.008     11357312     11357312
     1419664            8         126.592     22714624     22714624
     1419664           16         247.684     45429248     45429248
     1419664           32         489.958     90858496     90858496
     1419664           64        1009.617    181716992    181716992
     1419664          128        1931.966    363433984    363433984
     1419664          256        3877.866    726867968    726867968
     1419664          512       12758.442   1453735936   1453735936
     1561616            1          50.509      3123232      3123232
     1561616            2          39.142      6246464      6246464
     1561616            4          82.042     12492928     12492928
     1561616            8         138.600     24985856     24985856
     1561616           16         271.058     49971712     49971712
     1561616           32         562.467     99943424     99943424
     1561616           64        1345.300    199886848    199886848
     1561616          128        2717.551    399773696    399773696
     1561616          256        8692.475    799547392    799547392
     1561616          512       17357.542   1599094784   1599094784
     1717776            1          37.308      3435552      3435552
     1717776            2          46.567      6871104      6871104
     1717776            4          79.200     13742208     13742208
     1717776            8         183.242     27484416     27484416
     1717776           16         299.292     54968832     54968832
     1717776           32         593.450    109937664    109937664
     1717776           64        1178.100    219875328    219875328
     1717776          128        2442.641    439750656    439750656
     1717776          256        5179.075    879501312    879501312
     1717776          512       10822.075   1759002624   1759002624
     1889552            1          33.184      3779104      3779104
     1889552            2          57.750      7558208      7558208
     1889552            4         107.250     15116416     15116416
     1889552            8         211.108     30232832     30232832
     1889552           16         421.025     60465664     60465664
     1889552           32         796.950    120931328    120931328
     1889552           64        1591.150    241862656    241862656
     1889552          128        3205.034    483725312    483725312
     1889552          256        6463.050    967450624    967450624
     1889552          512       12654.217   1934901248   1934901248
     2078496            1          45.741      4156992      4156992
     2078496            2          52.709      8313984      8313984
     2078496            4          97.075     16627968     16627968
     2078496            8         190.759     33255936     33255936
     2078496           16         440.367     66511872     66511872
     2078496           32         875.417    133023744    133023744
     2078496           64        1557.050    266047488    266047488
     2078496          128        2860.091    532094976    532094976
     2078496          256        6244.792   1064189952   1064189952
     2078496          512       12073.783   2128379904   2128379904
     2286336            1          46.108      4572672      4572672
     2286336            2          58.667      9145344      9145344
     2286336            4         107.159     18290688     18290688
     2286336            8         204.417     36581376     36581376
     2286336           16         400.125     73162752     73162752
     2286336           32         959.016    146325504    146325504
     2286336           64        1802.717    292651008    292651008
     2286336          128        3577.658    585302016    585302016
     2286336          256        7798.176   1170604032   1170604032
     2514960            1          50.875      5029920      5029920
     2514960            2          63.617     10059840     10059840
     2514960            4         116.600     20119680     20119680
     2514960            8         229.258     40239360     40239360
     2514960           16         475.384     80478720     80478720
     2514960           32        1078.917    160957440    160957440
     2514960           64        1787.408    321914880    321914880
     2514960          128        3549.242    643829760    643829760
     2514960          256        8227.358   1287659520   1287659520
     2766448            1          54.908      5532896      5532896
     2766448            2          69.117     11065792     11065792
     2766448            4         128.058     22131584     22131584
     2766448            8         247.316     44263168     44263168
     2766448           16         491.516     88526336     88526336
     2766448           32        1117.325    177052672    177052672
     2766448           64        2167.550    354105344    354105344
     2766448          128        3965.042    708210688    708210688
     2766448          256        8494.750   1416421376   1416421376
     3043088            1          89.375      6086176      6086176
     3043088            2         181.041     12172352     12172352
     3043088            4         343.933     24344704     24344704
     3043088            8         594.367     48689408     48689408
     3043088           16        1120.442     97378816     97378816
     3043088           32        2165.442    194757632    194757632
     3043088           64        4217.491    389515264    389515264
     3043088          128        8388.417    779030528    779030528
     3043088          256        9779.642   1558061056   1558061056
     3347392            1         104.775      6694784      6694784
     3347392            2         105.508     13389568     13389568
     3347392            4         161.517     26779136     26779136
     3347392            8         319.000     53558272     53558272
     3347392           16         731.500    107116544    107116544
     3347392           32        1421.383    214233088    214233088
     3347392           64        2898.684    428466176    428466176
     3347392          128        5633.925    856932352    856932352
     3347392          256        9795.408   1713864704   1713864704
     3682128            1         106.334      7364256      7364256
     3682128            2         201.300     14728512     14728512
     3682128            4         391.141     29457024     29457024
     3682128            8         698.959     58914048     58914048
     3682128           16        1317.159    117828096    117828096
     3682128           32        2582.617    235656192    235656192
     3682128           64        5076.317    471312384    471312384
     3682128          128       10186.459    942624768    942624768
     3682128          256       20408.300   1885249536   1885249536
     4050336            1         137.958      8100672      8100672
     4050336            2         134.108     16201344     16201344
     4050336            4         196.166     32402688     32402688
     4050336            8         438.992     64805376     64805376
     4050336           16         805.842    129610752    129610752
     4050336           32        1396.175    259221504    259221504
     4050336           64        2827.092    518443008    518443008
     4050336          128        6160.733   1036886016   1036886016
     4050336          256       12387.009   2073772032   2073772032
     4455360            1         136.675      8910720      8910720
     4455360            2         279.766     17821440     17821440
     4455360            4         462.184     35642880     35642880
     4455360            8         928.766     71285760     71285760
     4455360           16        1579.509    142571520    142571520
     4455360           32        3155.809    285143040    285143040
     4455360           64        6169.900    570286080    570286080
     4455360          128        7907.717   1140572160   1140572160
     4900896            1         113.300      9801792      9801792
     4900896            2         164.542     19603584     19603584
     4900896            4         274.175     39207168     39207168
     4900896            8         530.383     78414336     78414336
     4900896           16        1059.391    156828672    156828672
     4900896           32        2093.209    313657344    313657344
     4900896           64        4266.075    627314688    627314688
     4900896          128        8381.450   1254629376   1254629376
     5390976            1          86.900     10781952     10781952
     5390976            2         157.575     21563904     21563904
     5390976            4         298.925     43127808     43127808
     5390976            8         611.967     86255616     86255616
     5390976           16        1076.717    172511232    172511232
     5390976           32        1917.575    345022464    345022464
     5390976           64        6607.883    690044928    690044928
     5390976          128       14894.275   1380089856   1380089856
     5930064            1         218.533     11860128     11860128
     5930064            2         324.866     23720256     23720256
     5930064            4         578.325     47440512     47440512
     5930064            8        1082.308     94881024     94881024
     5930064           16        2113.100    189762048    189762048
     5930064           32        3576.925    379524096    379524096
     5930064           64        4166.708    759048192    759048192
     5930064          128        8350.008   1518096384   1518096384
     6523056            1         180.858     13046112     13046112
     6523056            2         354.108     26092224     26092224
     6523056            4         634.425     52184448     52184448
     6523056            8        1204.042    104368896    104368896
     6523056           16        1664.392    208737792    208737792
     6523056           32        2768.792    417475584    417475584
     6523056           64        5539.967    834951168    834951168
     6523056          128       13717.733   1669902336   1669902336
     7175360            1         263.908     14350720     14350720
     7175360            2         401.591     28701440     28701440
     7175360            4         746.533     57402880     57402880
     7175360            8        1308.359    114805760    114805760
     7175360           16        2551.816    229611520    229611520
     7175360           32        4972.733    459223040    459223040
     7175360           64        5969.975    918446080    918446080
     7175360          128       11276.192   1836892160   1836892160
     7892896            1         217.891     15785792     15785792
     7892896            2         430.191     31571584     31571584
     7892896            4         766.425     63143168     63143168
     7892896            8        1480.325    126286336    126286336
     7892896           16        2772.092    252572672    252572672
     7892896           32        5490.100    505145344    505145344
     7892896           64       10913.467   1010290688   1010290688
     7892896          128       21798.976   2020581376   2020581376
     8682176            1         234.300     17364352     17364352
     8682176            2         477.400     34728704     34728704
     8682176            4         824.450     69457408     69457408
     8682176            8        1243.458    138914816    138914816
     8682176           16        1884.025    277829632    277829632
     8682176           32        3741.833    555659264    555659264
     8682176           64        7447.276   1111318528   1111318528
     9550384            1         138.600     19100768     19100768
     9550384            2         245.484     38201536     38201536
     9550384            4         446.050     76403072     76403072
     9550384            8         970.475    152806144    152806144
     9550384           16        2007.317    305612288    305612288
     9550384           32        3331.075    611224576    611224576
     9550384           64        6577.817   1222449152   1222449152
    10505408            1         401.041     21010816     21010816
    10505408            2         670.358     42021632     42021632
    10505408            4        1086.158     84043264     84043264
    10505408            8        1969.458    168086528    168086528
    10505408           16        4314.934    336173056    336173056
    10505408           32        7332.234    672346112    672346112
    10505408           64       14527.059   1344692224   1344692224
    11555936            1         303.050     23111872     23111872
    11555936            2         607.658     46223744     46223744
    11555936            4        1148.034     92447488     92447488
    11555936            8        2087.250    184894976    184894976
    11555936           16        4093.742    369789952    369789952
    11555936           32        8022.300    739579904    739579904
    11555936           64       16284.492   1479159808   1479159808
    12711520            1         180.675     25423040     25423040
    12711520            2         324.042     50846080     50846080
    12711520            4         600.875    101692160    101692160
    12711520            8        1185.525    203384320    203384320
    12711520           16        2219.525    406768640    406768640
    12711520           32        4455.734    813537280    813537280
    12711520           64        8911.741   1627074560   1627074560
    13982672            1         198.642     27965344     27965344
    13982672            2         362.817     55930688     55930688
    13982672            4         666.875    111861376    111861376
    13982672            8        1504.158    223722752    223722752
    13982672           16        2473.717    447445504    447445504
    13982672           32        4846.417    894891008    894891008
    13982672           64        9851.417   1789782016   1789782016
    15380928            1         393.067     30761856     30761856
    15380928            2         521.033     61523712     61523712
    15380928            4         929.775    123047424    123047424
    15380928            8        1481.150    246094848    246094848
    15380928           16        2767.233    492189696    492189696
    15380928           32        5315.933    984379392    984379392
    15380928           64       11163.533   1968758784   1968758784
    16919008            1         233.017     33838016     33838016
    16919008            2         470.617     67676032     67676032
    16919008            4         945.725    135352064    135352064
    16919008            8        1659.809    270704128    270704128
    16919008           16        2961.108    541408256    541408256
    16919008           32        5896.641   1082816512   1082816512
    18610896            1         582.267     37221792     37221792
    18610896            2        1122.366     74443584     74443584
    18610896            4        1909.141    148887168    148887168
    18610896            8        3217.683    297774336    297774336
    18610896           16        4066.608    595548672    595548672
    18610896           32        7884.158   1191097344   1191097344
    20471984            1         605.458     40943968     40943968
    20471984            2        1186.075     81887936     81887936
    20471984            4        1709.583    163775872    163775872
    20471984            8        2197.342    327551744    327551744
    20471984           16        4412.284    655103488    655103488
    20471984           32        8806.509   1310206976   1310206976
    22519168            1         336.600     45038336     45038336
    22519168            2         634.059     90076672     90076672
    22519168            4        1176.908    180153344    180153344
    22519168            8        2106.591    360306688    360306688
    22519168           16        3999.050    720613376    720613376
    22519168           32        9488.784   1441226752   1441226752
    24771072            1         829.767     49542144     49542144
    24771072            2        1310.100     99084288     99084288
    24771072            4        1612.875    198168576    198168576
    24771072            8        2657.142    396337152    396337152
    24771072           16        4759.333    792674304    792674304
    24771072           32        9387.309   1585348608   1585348608
    27248176            1         730.125     54496352     54496352
    27248176            2        1249.141    108992704    108992704
    27248176            4        1766.234    217985408    217985408
    27248176            8        3118.500    435970816    435970816
    27248176           16        5950.083    871941632    871941632
    27248176           32       12141.983   1743883264   1743883264
    29972992            1         427.992     59945984     59945984
    29972992            2         860.842    119891968    119891968
    29972992            4        1408.642    239783936    239783936
    29972992            8        2808.209    479567872    479567872
    29972992           16        5927.442    959135744    959135744
    29972992           32       10606.476   1918271488   1918271488
    32970288            1         924.367     65940576     65940576
    32970288            2        1858.908    131881152    131881152
    32970288            4        3156.908    263762304    263762304
    32970288            8        5974.008    527524608    527524608
    32970288           16       10488.134   1055049216   1055049216
    32970288           32       11724.259   2110098432   2110098432
    36267312            1        1296.808     72534624     72534624
    36267312            2        2329.984    145069248    145069248
    36267312            4        2736.800    290138496    290138496
    36267312            8        4044.333    580276992    580276992
    36267312           16        7424.908   1160553984   1160553984
    39894032            1        1408.000     79788064     79788064
    39894032            2        2458.684    159576128    159576128
    39894032            4        4079.441    319152256    319152256
    39894032            8        7370.550    638304512    638304512
    39894032           16        7282.825   1276609024   1276609024
    43883424            1        1597.934     87766848     87766848
    43883424            2        2679.875    175533696    175533696
    43883424            4        3510.467    351067392    351067392
    43883424            8        4774.642    702134784    702134784
    43883424           16        9307.467   1404269568   1404269568
    48271760            1        1579.234     96543520     96543520
    48271760            2        2828.467    193087040    193087040
    48271760            4        3530.358    386174080    386174080
    48271760            8        5003.900    772348160    772348160
    48271760           16       10356.775   1544696320   1544696320
    53098928            1        1795.567    106197856    106197856
    53098928            2        2176.075    212395712    212395712
    53098928            4        4167.076    424791424    424791424
    53098928            8        9725.650    849582848    849582848
    53098928           16       18839.151   1699165696   1699165696
    58408816            1        2097.884    116817632    116817632
    58408816            2        3095.216    233635264    233635264
    58408816            4        3094.942    467270528    467270528
    58408816            8        6489.450    934541056    934541056
    58408816           16       12804.183   1869082112   1869082112
    64249696            1        2123.916    128499392    128499392
    64249696            2        3160.392    256998784    256998784
    64249696            4        3145.175    513997568    513997568
    64249696            8        5914.333   1027995136   1027995136
    64249696           16       11544.500   2055990272   2055990272
    70674656            1        2329.341    141349312    141349312
    70674656            2        3607.450    282698624    282698624
    70674656            4        4259.292    565397248    565397248
    70674656            8        6603.758   1130794496   1130794496
    77742112            1        2767.417    155484224    155484224
    77742112            2        4620.917    310968448    310968448
    77742112            4        7449.384    621936896    621936896
    77742112            8       10351.734   1243873792   1243873792
    85516320            1        3033.341    171032640    171032640
    85516320            2        4929.833    342065280    342065280
    85516320            4        7669.934    684130560    684130560
    85516320            8        7844.742   1368261120   1368261120
    94067952            1        3356.925    188135904    188135904
    94067952            2        5001.700    376271808    376271808
    94067952            4        4794.533    752543616    752543616
    94067952            8        8911.375   1505087232   1505087232
   103474736            1        3418.800    206949472    206949472
   103474736            2        4335.925    413898944    413898944
   103474736            4        5668.942    827797888    827797888
   103474736            8       11386.834   1655595776   1655595776
   113822208            1        3785.650    227644416    227644416
   113822208            2        5584.150    455288832    455288832
   113822208            4        8760.125    910577664    910577664
   113822208            8       17752.992   1821155328   1821155328
   125204416            1        4261.858    250408832    250408832
   125204416            2        5939.358    500817664    500817664
   125204416            4        7457.175   1001635328   1001635328
   125204416            8       13237.308   2003270656   2003270656
   137724848            1        4530.625    275449696    275449696
   137724848            2        6335.541    550899392    550899392
   137724848            4        9995.792   1101798784   1101798784
   151497328            1        5349.575    302994656    302994656
   151497328            2        8797.250    605989312    605989312
   151497328            4        9366.592   1211978624   1211978624
   166647056            1        5406.958    333294112    333294112
   166647056            2       10080.217    666588224    666588224
   166647056            4       13605.351   1333176448   1333176448
   183311760            1        6029.466    366623520    366623520
   183311760            2       10551.292    733247040    733247040
   183311760            4       16088.051   1466494080   1466494080
   201642928            1        6664.075    403285856    403285856
   201642928            2        9816.126    806571712    806571712
   201642928            4       15614.592   1613143424   1613143424
   221807216            1        7327.559    443614432    443614432
   221807216            2       12457.867    887228864    887228864
   221807216            4       22902.642   1774457728   1774457728
   243987936            1        8222.592    487975872    487975872
   243987936            2       12168.842    975951744    975951744
   243987936            4       23669.892   1951903488   1951903488
   268386720            1        9026.600    536773440    536773440
   268386720            2       16092.084   1073546880   1073546880
   268386720            4       20617.575   2147093760   2147093760
   295225392            1        9763.417    590450784    590450784
   295225392            2       15319.058   1180901568   1180901568
   324747920            1       10881.200    649495840    649495840
   324747920            2       17282.467   1298991680   1298991680
   357222704            1       12308.176    714445408    714445408
   357222704            2       21512.700   1428890816   1428890816
   392944960            1       13329.159    785889920    785889920
   392944960            2       21794.300   1571779840   1571779840
   432239456            1       15273.133    864478912    864478912
   432239456            2       26244.168   1728957824   1728957824
   475463392            1       16356.451    950926784    950926784
   475463392            2       28167.609   1901853568   1901853568
   523009728            1       16054.592   1046019456   1046019456
   523009728            2       30904.867   2092038912   2092038912
   575310688            1       18277.417   1150621376   1150621376
   632841744            1       19860.134   1265683488   1265683488
   696125904            1       23729.842   1392251808   1392251808
   765738480            1       24261.693   1531476960   1531476960
   842312320            1       28906.259   1684624640   1684624640
   926543552            1       31675.417   1853087104   1853087104
  1019197904            1       33548.992   2038395808   2038395808

META_DATA
FLOPS          16
OPENMP_THREADS 2
ERT_VERSION  1.1.0
HOSTNAME  ('DESKTOP-1DMF7BU.localdomain', ['DESKTOP-1DMF7BU'], ['127.0.1.1'])
UNAME  uname_result(system='Linux', node='DESKTOP-1DMF7BU', release='6.6.87.2-microsoft-standard-WSL2', version='#1 SMP PREEMPT_DYNAMIC Thu Jun  5 18:30:46 UTC 2025', machine='x86_64')
TIMESTAMP_DATA  1765960034.6858466
CONFIG  {'ERT_MPI': ['False'], 'ERT_OPENMP': ['True'], 'ERT_OPENMP_CFLAGS': ['-fopenmp'], 'ERT_OPENMP_LDFLAGS': ['-fopenmp'], 'ERT_PRECISION': ['FP64'], 'ERT_TRIALS_MIN': ['1'], 'ERT_TRIALS': ['3', '#', 'Run', 'each', 'test', '3', 'times', 'to', 'filter', 'out', 'background', 'noise'], 'ERT_RESULTS': ['Results/7800X3D'], 'ERT_GNUPLOT': ['gnuplot'], 'ERT_DRIVER': ['driver1'], 'ERT_KERNEL': ['kernel1'], 'ERT_CC': ['g++'], 'ERT_LD': ['g++'], 'ERT_CFLAGS': ['-O3', '-march=native', '-fopenmp', '-fstrict-aliasing', '-funroll-loops', '-Wno-all'], 'ERT_LDFLAGS': ['-O3', '-march=native', '-fopenmp'], 'ERT_LDLIBS': ['-lm'], 'ERT_RUN': ['export', 'OMP_NUM_THREADS=ERT_OPENMP_THREADS;', './ERT_CODE'], 'ERT_WORKING_SET_MIN': ['128'], 'ERT_MEMORY_MAX': ['1073741824'], 'ERT_ALIGN': ['64'], 'ERT_MIN_PROCS': ['1'], 'ERT_MAX_PROCS': ['1'], 'ERT_OPENMP_THREADS': ['1,2,4,8,16', '#', 'Logical', 'Threads'], 'ERT_NUM_EXPERIMENTS': ['5'], 'ERT_FLOPS': ['1,2,4,8,16', '#', '16', 'for', 'AVX-51'], 'ERT_GPU': [False], 'ERT_HIP': [False], 'ERT_OCL': [False], 'ERT_SYCL': [False], 'ERT_WSS_MULT': [1.1]}
