fp64
        2048            1           0.458         4096         4096
        2048            2           0.275         8192         8192
        2048            4           0.275        16384        16384
        2048            8           0.458        32768        32768
        2048           16           0.642        65536        65536
        2048           32           1.009       131072       131072
        2048           64           1.741       262144       262144
        2048          128           3.391       524288       524288
        2048          256           6.508      1048576      1048576
        2048          512          12.833      2097152      2097152
        2048         1024          25.484      4194304      4194304
        2048         2048          50.600      8388608      8388608
        2048         4096         101.383     16777216     16777216
        2048         8192         202.308     33554432     33554432
        2048        16384         434.225     67108864     67108864
        2048        32768         885.867    134217728    134217728
        2048        65536        1621.950    268435456    268435456
        2048       131072        3364.166    536870912    536870912
        2048       262144        6271.467   1073741824   1073741824
        2048       524288       11594.092   2147483648   2147483648
        2240            1           0.550         4480         4480
        2240            2           0.275         8960         8960
        2240            4           0.275        17920        17920
        2240            8           0.367        35840        35840
        2240           16           0.550        71680        71680
        2240           32           1.009       143360       143360
        2240           64           1.742       286720       286720
        2240          128           3.300       573440       573440
        2240          256           6.417      1146880      1146880
        2240          512          12.559      2293760      2293760
        2240         1024          24.933      4587520      4587520
        2240         2048          49.683      9175040      9175040
        2240         4096          99.183     18350080     18350080
        2240         8192         198.184     36700160     36700160
        2240        16384         396.275     73400320     73400320
        2240        32768         801.350    146800640    146800640
        2240        65536        1664.850    293601280    293601280
        2240       131072        3203.384    587202560    587202560
        2240       262144        6344.067   1174405120   1174405120
        2464            1           0.642         4928         4928
        2464            2           0.275         9856         9856
        2464            4           0.275        19712        19712
        2464            8           0.458        39424        39424
        2464           16           0.642        78848        78848
        2464           32           1.100       157696       157696
        2464           64           1.925       315392       315392
        2464          128           3.758       630784       630784
        2464          256           7.333      1261568      1261568
        2464          512          14.483      2523136      2523136
        2464         1024          28.692      5046272      5046272
        2464         2048          57.292     10092544     10092544
        2464         4096         114.217     20185088     20185088
        2464         8192         228.066     40370176     40370176
        2464        16384         458.333     80740352     80740352
        2464        32768        1075.709    161480704    161480704
        2464        65536        2040.225    322961408    322961408
        2464       131072        3992.267    645922816    645922816
        2464       262144        7906.067   1291845632   1291845632
        2704            1           0.916         5408         5408
        2704            2           0.275        10816        10816
        2704            4           0.366        21632        21632
        2704            8           0.642        43264        43264
        2704           16           1.100        86528        86528
        2704           32           2.108       173056       173056
        2704           64           4.033       346112       346112
        2704          128           7.883       692224       692224
        2704          256          15.675      1384448      1384448
        2704          512          31.350      2768896      2768896
        2704         1024          62.516      5537792      5537792
        2704         2048         125.033     11075584     11075584
        2704         4096         249.975     22151168     22151168
        2704         8192         513.609     44302336     44302336
        2704        16384        1053.800     88604672     88604672
        2704        32768        2042.517    177209344    177209344
        2704        65536        3897.667    354418688    354418688
        2704       131072        6551.417    708837376    708837376
        2704       262144        8640.592   1417674752   1417674752
        2960            1           0.550         5920         5920
        2960            2           0.367        11840        11840
        2960            4           0.459        23680        23680
        2960            8           0.642        47360        47360
        2960           16           1.191        94720        94720
        2960           32           2.200       189440       189440
        2960           64           4.216       378880       378880
        2960          128           8.342       757760       757760
        2960          256          16.591      1515520      1515520
        2960          512          33.092      3031040      3031040
        2960         1024          66.000      6062080      6062080
        2960         2048         131.725     12124160     12124160
        2960         4096         263.358     24248320     24248320
        2960         8192         551.925     48496640     48496640
        2960        16384        1051.784     96993280     96993280
        2960        32768        1951.859    193986560    193986560
        2960        65536        4244.533    387973120    387973120
        2960       131072        8364.217    775946240    775946240
        2960       262144       16802.500   1551892480   1551892480
        3248            1           0.642         6496         6496
        3248            2           1.559        12992        12992
        3248            4           0.367        25984        25984
        3248            8           0.550        51968        51968
        3248           16           0.825       103936       103936
        3248           32           1.375       207872       207872
        3248           64           2.566       415744       415744
        3248          128           4.858       831488       831488
        3248          256          15.492      1662976      1662976
        3248          512          39.141      3325952      3325952
        3248         1024          40.333      6651904      6651904
        3248         2048          75.900     13303808     13303808
        3248         4096         151.617     26607616     26607616
        3248         8192         303.050     53215232     53215232
        3248        16384         605.825    106430464    106430464
        3248        32768        1200.192    212860928    212860928
        3248        65536        2396.259    425721856    425721856
        3248       131072        4813.967    851443712    851443712
        3248       262144        9631.325   1702887424   1702887424
        3568            1           0.733         7136         7136
        3568            2           0.367        14272        14272
        3568            4           0.367        28544        28544
        3568            8           0.550        57088        57088
        3568           16           0.825       114176       114176
        3568           32           1.467       228352       228352
        3568           64           2.842       456704       456704
        3568          128           5.408       913408       913408
        3568          256          10.634      1826816      1826816
        3568          512          20.992      3653632      3653632
        3568         1024          41.891      7307264      7307264
        3568         2048          83.141     14614528     14614528
        3568         4096         166.558     29229056     29229056
        3568         8192         332.750     58458112     58458112
        3568        16384         679.709    116916224    116916224
        3568        32768        1407.542    233832448    233832448
        3568        65536        2623.592    467664896    467664896
        3568       131072        5367.633    935329792    935329792
        3568       262144       10578.700   1870659584   1870659584
        3920            1           1.100         7840         7840
        3920            2           0.367        15680        15680
        3920            4           0.367        31360        31360
        3920            8           0.550        62720        62720
        3920           16           0.917       125440       125440
        3920           32           1.559       250880       250880
        3920           64           2.934       501760       501760
        3920          128           5.684      1003520      1003520
        3920          256          11.184      2007040      2007040
        3920          512          22.092      4014080      4014080
        3920         1024          44.000      8028160      8028160
        3920         2048          87.725     16056320     16056320
        3920         4096         175.358     32112640     32112640
        3920         8192         368.409     64225280     64225280
        3920        16384         820.325    128450560    128450560
        3920        32768        1559.983    256901120    256901120
        3920        65536        2924.992    513802240    513802240
        3920       131072        5553.534   1027604480   1027604480
        3920       262144       11938.575   2055208960   2055208960
        4304            1           0.917         8608         8608
        4304            2           0.367        17216        17216
        4304            4           0.550        34432        34432
        4304            8           1.009        68864        68864
        4304           16           1.833       137728       137728
        4304           32           3.392       275456       275456
        4304           64           6.692       550912       550912
        4304          128          13.200      1101824      1101824
        4304          256          27.133      2203648      2203648
        4304          512          57.016      4407296      4407296
        4304         1024         138.417      8814592      8814592
        4304         2048         227.517     17629184     17629184
        4304         4096         455.217     35258368     35258368
        4304         8192         865.608     70516736     70516736
        4304        16384        1584.367    141033472    141033472
        4304        32768        3148.934    282066944    282066944
        4304        65536        5842.742    564133888    564133888
        4304       131072        7538.942   1128267776   1128267776
        4720            1           0.642         9440         9440
        4720            2           0.367        18880        18880
        4720            4           0.458        37760        37760
        4720            8           0.550        75520        75520
        4720           16           1.100       151040       151040
        4720           32           1.925       302080       302080
        4720           64           3.575       604160       604160
        4720          128           6.967      1208320      1208320
        4720          256          13.750      2416640      2416640
        4720          512          27.225      4833280      4833280
        4720         1024          54.266      9666560      9666560
        4720         2048         108.259     19333120     19333120
        4720         4096         216.425     38666240     38666240
        4720         8192         514.250     77332480     77332480
        4720        16384         938.208    154664960    154664960
        4720        32768        1726.267    309329920    309329920
        4720        65536        3470.684    618659840    618659840
        4720       131072        6875.000   1237319680   1237319680
        5184            1           0.642        10368        10368
        5184            2           0.458        20736        20736
        5184            4           0.642        41472        41472
        5184            8           1.008        82944        82944
        5184           16           1.925       165888       165888
        5184           32           3.759       331776       331776
        5184           64           7.425       663552       663552
        5184          128          14.667      1327104      1327104
        5184          256          29.150      2654208      2654208
        5184          512          58.209      5308416      5308416
        5184         1024         116.325     10616832     10616832
        5184         2048         245.942     21233664     21233664
        5184         4096         499.675     42467328     42467328
        5184         8192         974.784     84934656     84934656
        5184        16384        1870.000    169869312    169869312
        5184        32768        3639.075    339738624    339738624
        5184        65536        4284.959    679477248    679477248
        5184       131072        7774.800   1358954496   1358954496
        5696            1           1.008        11392        11392
        5696            2           0.550        22784        22784
        5696            4           0.733        45568        45568
        5696            8           1.100        91136        91136
        5696           16           2.109       182272       182272
        5696           32           4.125       364544       364544
        5696           64           8.066       729088       729088
        5696          128          16.041      1458176      1458176
        5696          256          31.900      2916352      2916352
        5696          512          63.617      5832704      5832704
        5696         1024         126.958     11665408     11665408
        5696         2048         264.091     23330816     23330816
        5696         4096         510.400     46661632     46661632
        5696         8192        1020.342     93323264     93323264
        5696        16384        1892.642    186646528    186646528
        5696        32768        2456.483    373293056    373293056
        5696        65536        4886.658    746586112    746586112
        5696       131072       10103.041   1493172224   1493172224
        6256            1           1.284        12512        12512
        6256            2           0.550        25024        25024
        6256            4           0.550        50048        50048
        6256            8           0.825       100096       100096
        6256           16           1.375       200192       200192
        6256           32           2.475       400384       400384
        6256           64           4.675       800768       800768
        6256          128           9.534      1601536      1601536
        6256          256          18.608      3203072      3203072
        6256          512          37.125      6406144      6406144
        6256         1024          74.250     12812288     12812288
        6256         2048         147.950     25624576     25624576
        6256         4096         310.108     51249152     51249152
        6256         8192         651.842    102498304    102498304
        6256        16384        1303.225    204996608    204996608
        6256        32768        2452.817    409993216    409993216
        6256        65536        5369.008    819986432    819986432
        6256       131072       16794.800   1639972864   1639972864
        6880            1           0.734        13760        13760
        6880            2           0.458        27520        27520
        6880            4           0.550        55040        55040
        6880            8           0.825       110080       110080
        6880           16           1.375       220160       220160
        6880           32           2.658       440320       440320
        6880           64           4.950       880640       880640
        6880          128           9.900      1761280      1761280
        6880          256          19.433      3522560      3522560
        6880          512          38.683      7045120      7045120
        6880         1024          77.184     14090240     14090240
        6880         2048         153.817     28180480     28180480
        6880         4096         371.800     56360960     56360960
        6880         8192         614.900    112721920    112721920
        6880        16384        1212.934    225443840    225443840
        6880        32768        2455.750    450887680    450887680
        6880        65536        4914.250    901775360    901775360
        6880       131072       10263.825   1803550720   1803550720
        7568            1           0.917        15136        15136
        7568            2           1.009        30272        30272
        7568            4           0.550        60544        60544
        7568            8           0.825       121088       121088
        7568           16           1.467       242176       242176
        7568           32           2.842       484352       484352
        7568           64           5.500       968704       968704
        7568          128          10.633      1937408      1937408
        7568          256          20.992      3874816      3874816
        7568          512          41.891      7749632      7749632
        7568         1024          83.508     15499264     15499264
        7568         2048         184.250     30998528     30998528
        7568         4096         408.833     61997056     61997056
        7568         8192         807.308    123994112    123994112
        7568        16384        1388.292    247988224    247988224
        7568        32768        2733.592    495976448    495976448
        7568        65536        5476.258    991952896    991952896
        7568       131072       12066.908   1983905792   1983905792
        8320            1           1.191        16640        16640
        8320            2           2.017        33280        33280
        8320            4           0.550        66560        66560
        8320            8           0.917       133120       133120
        8320           16           1.650       266240       266240
        8320           32           3.117       532480       532480
        8320           64           5.867      1064960      1064960
        8320          128          11.641      2129920      2129920
        8320          256          22.917      4259840      4259840
        8320          512          45.558      8519680      8519680
        8320         1024          91.025     17039360     17039360
        8320         2048         182.875     34078720     34078720
        8320         4096         363.550     68157440     68157440
        8320         8192         727.375    136314880    136314880
        8320        16384        1527.350    272629760    272629760
        8320        32768        2997.225    545259520    545259520
        8320        65536        5776.650   1090519040   1090519040
        9152            1           1.008        18304        18304
        9152            2           0.459        36608        36608
        9152            4           0.642        73216        73216
        9152            8           1.008       146432       146432
        9152           16           1.833       292864       292864
        9152           32           3.300       585728       585728
        9152           64           6.508      1171456      1171456
        9152          128          12.741      2342912      2342912
        9152          256          25.208      4685824      4685824
        9152          512          50.325      9371648      9371648
        9152         1024         100.284     18743296     18743296
        9152         2048         200.383     37486592     37486592
        9152         4096         470.250     74973184     74973184
        9152         8192         998.250    149946368    149946368
        9152        16384        1670.075    299892736    299892736
        9152        32768        3204.850    599785472    599785472
        9152        65536        6953.467   1199570944   1199570944
       10064            1           1.375        20128        20128
       10064            2           0.550        40256        40256
       10064            4           1.100        80512        80512
       10064            8           1.925       161024       161024
       10064           16           3.666       322048       322048
       10064           32           7.150       644096       644096
       10064           64          14.300      1288192      1288192
       10064          128          28.233      2576384      2576384
       10064          256          56.558      5152768      5152768
       10064          512         113.025     10305536     10305536
       10064         1024         225.775     20611072     20611072
       10064         2048         469.700     41222144     41222144
       10064         4096         902.825     82444288     82444288
       10064         8192        1848.092    164888576    164888576
       10064        16384        3603.600    329777152    329777152
       10064        32768        7020.933    659554304    659554304
       10064        65536        9549.926   1319108608   1319108608
       11056            1           2.291        22112        22112
       11056            2           0.458        44224        44224
       11056            4           0.734        88448        88448
       11056            8           1.283       176896       176896
       11056           16           2.108       353792       353792
       11056           32           4.125       707584       707584
       11056           64           7.883      1415168      1415168
       11056          128          15.583      2830336      2830336
       11056          256          30.800      5660672      5660672
       11056          512          61.691     11321344     11321344
       11056         1024         128.333     22642688     22642688
       11056         2048         270.050     45285376     45285376
       11056         4096         491.792     90570752     90570752
       11056         8192        1142.167    181141504    181141504
       11056        16384        1937.192    362283008    362283008
       11056        32768        3871.542    724566016    724566016
       11056        65536        8781.759   1449132032   1449132032
       12160            1           0.642        24320        24320
       12160            2           0.550        48640        48640
       12160            4           1.559        97280        97280
       12160            8           1.192       194560       194560
       12160           16           2.292       389120       389120
       12160           32           4.308       778240       778240
       12160           64           8.525      1556480      1556480
       12160          128          16.775      3112960      3112960
       12160          256          33.367      6225920      6225920
       12160          512          66.459     12451840     12451840
       12160         1024         132.733     24903680     24903680
       12160         2048         265.925     49807360     49807360
       12160         4096         532.858     99614720     99614720
       12160         8192        1188.917    199229440    199229440
       12160        16384        2296.617    398458880    398458880
       12160        32768        4231.333    796917760    796917760
       12160        65536       13972.567   1593835520   1593835520
       13376            1           7.883        26752        26752
       13376            2           0.641        53504        53504
       13376            4           0.825       107008       107008
       13376            8           1.375       214016       214016
       13376           16           2.475       428032       428032
       13376           32           4.767       856064       856064
       13376           64           9.350      1712128      1712128
       13376          128          18.425      3424256      3424256
       13376          256          36.667      6848512      6848512
       13376          512          73.792     13697024     13697024
       13376         1024         146.025     27394048     27394048
       13376         2048         291.592     54788096     54788096
       13376         4096         584.834    109576192    109576192
       13376         8192        1150.050    219152384    219152384
       13376        16384        2342.817    438304768    438304768
       13376        32768        6088.958    876609536    876609536
       13376        65536       17259.825   1753219072   1753219072
       14704            1           0.917        29408        29408
       14704            2           0.642        58816        58816
       14704            4           0.825       117632       117632
       14704            8           1.466       235264       235264
       14704           16           2.750       470528       470528
       14704           32           5.317       941056       941056
       14704           64          10.358      1882112      1882112
       14704          128          20.533      3764224      3764224
       14704          256          45.375      7528448      7528448
       14704          512          81.950     15056896     15056896
       14704         1024         163.075     30113792     30113792
       14704         2048         326.059     60227584     60227584
       14704         4096         670.083    120455168    120455168
       14704         8192        1453.192    240910336    240910336
       14704        16384        2986.134    481820672    481820672
       14704        32768        6238.559    963641344    963641344
       14704        65536       15988.867   1927282688   1927282688
       16160            1           0.825        32320        32320
       16160            2           0.642        64640        64640
       16160            4           0.917       129280       129280
       16160            8           1.558       258560       258560
       16160           16           3.025       517120       517120
       16160           32           5.775      1034240      1034240
       16160           64          15.034      2068480      2068480
       16160          128          43.175      4136960      4136960
       16160          256          45.834      8273920      8273920
       16160          512          89.192     16547840     16547840
       16160         1024         178.108     33095680     33095680
       16160         2048         382.066     66191360     66191360
       16160         4096         866.891    132382720    132382720
       16160         8192        1750.742    264765440    264765440
       16160        16384        3469.217    529530880    529530880
       16160        32768        7036.150   1059061760   1059061760
       16160        65536       14254.626   2118123520   2118123520
       17776            1           1.100        35552        35552
       17776            2           0.917        71104        71104
       17776            4           1.650       142208       142208
       17776            8           3.208       284416       284416
       17776           16           6.142       568832       568832
       17776           32          12.100      1137664      1137664
       17776           64          24.108      2275328      2275328
       17776          128          48.033      4550656      4550656
       17776          256          96.158      9101312      9101312
       17776          512         191.950     18202624     18202624
       17776         1024         390.775     36405248     36405248
       17776         2048         782.375     72810496     72810496
       17776         4096        1535.875    145620992    145620992
       17776         8192        3109.700    291241984    291241984
       17776        16384        6221.784    582483968    582483968
       17776        32768       12520.842   1164967936   1164967936
       19552            1           1.650        39104        39104
       19552            2          40.425        78208        78208
       19552            4           1.650       156416       156416
       19552            8           2.200       312832       312832
       19552           16           4.858       625664       625664
       19552           32           9.717      1251328      1251328
       19552           64          19.525      2502656      2502656
       19552          128          40.608      5005312      5005312
       19552          256          78.192     10010624     10010624
       19552          512         175.359     20021248     20021248
       19552         1024         335.408     40042496     40042496
       19552         2048         563.200     80084992     80084992
       19552         4096        1047.108    160169984    160169984
       19552         8192        2128.592    320339968    320339968
       19552        16384        4316.675    640679936    640679936
       19552        32768        8913.575   1281359872   1281359872
       21504            1           2.384        43008        43008
       21504            2           0.733        86016        86016
       21504            4           1.192       172032       172032
       21504            8           2.108       344064       344064
       21504           16           3.941       688128       688128
       21504           32           7.425      1376256      1376256
       21504           64          14.850      2752512      2752512
       21504          128          29.516      5505024      5505024
       21504          256          58.942     11010048     11010048
       21504          512         117.242     22020096     22020096
       21504         1024         234.208     44040192     44040192
       21504         2048         491.884     88080384     88080384
       21504         4096        1012.184    176160768    176160768
       21504         8192        1893.558    352321536    352321536
       21504        16384        3730.100    704643072    704643072
       21504        32768        8440.209   1409286144   1409286144
       23648            1           1.925        47296        47296
       23648            2           1.559        94592        94592
       23648            4           2.750       189184       189184
       23648            8           5.225       378368       378368
       23648           16           9.991       756736       756736
       23648           32          19.434      1513472      1513472
       23648           64          38.683      3026944      3026944
       23648          128          77.000      6053888      6053888
       23648          256         153.633     12107776     12107776
       23648          512         298.925     24215552     24215552
       23648         1024         567.050     48431104     48431104
       23648         2048        1101.284     96862208     96862208
       23648         4096        2149.675    193724416    193724416
       23648         8192        4155.709    387448832    387448832
       23648        16384        7110.400    774897664    774897664
       23648        32768        9470.267   1549795328   1549795328
       26000            1           1.283        52000        52000
       26000            2           0.825       104000       104000
       26000            4           1.375       208000       208000
       26000            8           2.567       416000       416000
       26000           16           4.675       832000       832000
       26000           32           9.167      1664000      1664000
       26000           64          17.967      3328000      3328000
       26000          128          35.750      6656000      6656000
       26000          256          71.317     13312000     13312000
       26000          512         142.450     26624000     26624000
       26000         1024         284.442     53248000     53248000
       26000         2048         572.275    106496000    106496000
       26000         4096        1294.425    212992000    212992000
       26000         8192        2483.892    425984000    425984000
       26000        16384        5007.383    851968000    851968000
       26000        32768       14688.575   1703936000   1703936000
       28592            1           3.117        57184        57184
       28592            2           0.916       114368       114368
       28592            4           1.558       228736       228736
       28592            8           2.750       457472       457472
       28592           16           5.225       914944       914944
       28592           32          10.084      1829888      1829888
       28592           64          19.892      3659776      3659776
       28592          128          39.508      7319552      7319552
       28592          256          78.741     14639104     14639104
       28592          512         169.033     29278208     29278208
       28592         1024         314.234     58556416     58556416
       28592         2048         631.033    117112832    117112832
       28592         4096        1235.484    234225664    234225664
       28592         8192        4935.150    468451328    468451328
       28592        16384        9948.675    936902656    936902656
       28592        32768       11510.950   1873805312   1873805312
       31440            1           2.475        62880        62880
       31440            2           1.008       125760       125760
       31440            4           1.650       251520       251520
       31440            8           3.025       503040       503040
       31440           16           5.592      1006080      1006080
       31440           32          11.000      2012160      2012160
       31440           64          21.633      4024320      4024320
       31440          128          43.359      8048640      8048640
       31440          256          86.258     16097280     16097280
       31440          512         172.791     32194560     32194560
       31440         1024         346.867     64389120     64389120
       31440         2048         814.550    128778240    128778240
       31440         4096        1458.783    257556480    257556480
       31440         8192        3433.650    515112960    515112960
       31440        16384        6871.884   1030225920   1030225920
       31440        32768       13938.833   2060451840   2060451840
       34576            1           1.834        69152        69152
       34576            2           1.375       138304       138304
       34576            4           2.108       276608       276608
       34576            8           3.942       553216       553216
       34576           16           7.516      1106432      1106432
       34576           32          14.575      2212864      2212864
       34576           64          28.784      4425728      4425728
       34576          128          57.016      8851456      8851456
       34576          256         113.759     17702912     17702912
       34576          512         227.150     35405824     35405824
       34576         1024         462.550     70811648     70811648
       34576         2048         936.283    141623296    141623296
       34576         4096        2011.533    283246592    283246592
       34576         8192        3238.308    566493184    566493184
       34576        16384        6781.500   1132986368   1132986368
       38032            1           2.108        76064        76064
       38032            2           1.192       152128       152128
       38032            4           1.833       304256       304256
       38032            8           3.392       608512       608512
       38032           16           6.692      1217024      1217024
       38032           32          13.200      2434048      2434048
       38032           64          26.033      4868096      4868096
       38032          128          52.159      9736192      9736192
       38032          256         104.133     19472384     19472384
       38032          512         207.900     38944768     38944768
       38032         1024         415.433     77889536     77889536
       38032         2048         885.317    155779072    155779072
       38032         4096        1769.809    311558144    311558144
       38032         8192        3326.859    623116288    623116288
       38032        16384        7552.142   1246232576   1246232576
       41824            1           1.100        83648        83648
       41824            2           1.191       167296       167296
       41824            4           2.108       334592       334592
       41824            8           3.850       669184       669184
       41824           16           7.425      1338368      1338368
       41824           32          14.575      2676736      2676736
       41824           64          28.875      5353472      5353472
       41824          128          57.475     10706944     10706944
       41824          256         114.766     21413888     21413888
       41824          512         237.234     42827776     42827776
       41824         1024         458.058     85655552     85655552
       41824         2048        1127.042    171311104    171311104
       41824         4096        2026.658    342622208    342622208
       41824         8192        4330.609    685244416    685244416
       41824        16384        9055.108   1370488832   1370488832
       46000            1           1.742        92000        92000
       46000            2           1.650       184000       184000
       46000            4           2.750       368000       368000
       46000            8           5.134       736000       736000
       46000           16           9.900      1472000      1472000
       46000           32          19.617      2944000      2944000
       46000           64          38.592      5888000      5888000
       46000          128          76.725     11776000     11776000
       46000          256         152.992     23552000     23552000
       46000          512         267.759     47104000     47104000
       46000         1024         503.892     94208000     94208000
       46000         2048        1185.892    188416000    188416000
       46000         4096        2481.325    376832000    376832000
       46000         8192        4997.483    753664000    753664000
       46000        16384        9137.150   1507328000   1507328000
       50592            1           2.659       101184       101184
       50592            2           3.117       202368       202368
       50592            4           5.867       404736       404736
       50592            8          11.000       809472       809472
       50592           16          21.267      1618944      1618944
       50592           32          41.984      3237888      3237888
       50592           64          83.325      6475776      6475776
       50592          128         166.100     12951552     12951552
       50592          256         336.784     25903104     25903104
       50592          512         681.634     51806208     51806208
       50592         1024        1336.592    103612416    103612416
       50592         2048        2441.817    207224832    207224832
       50592         4096        4625.225    414449664    414449664
       50592         8192        7732.175    828899328    828899328
       50592        16384        9087.650   1657798656   1657798656
       55648            1           4.033       111296       111296
       55648            2           2.841       222592       222592
       55648            4           5.408       445184       445184
       55648            8          10.175       890368       890368
       55648           16          19.800      1780736      1780736
       55648           32          38.775      3561472      3561472
       55648           64          76.908      7122944      7122944
       55648          128         153.175     14245888     14245888
       55648          256         305.434     28491776     28491776
       55648          512         610.041     56983552     56983552
       55648         1024        1031.066    113967104    113967104
       55648         2048        1501.500    227934208    227934208
       55648         4096        3036.092    455868416    455868416
       55648         8192        5969.608    911736832    911736832
       55648        16384       13583.351   1823473664   1823473664
       61200            1           2.475       122400       122400
       61200            2           1.650       244800       244800
       61200            4           3.025       489600       489600
       61200            8           5.500       979200       979200
       61200           16          10.634      1958400      1958400
       61200           32          21.266      3916800      3916800
       61200           64          42.167      7833600      7833600
       61200          128          83.875     15667200     15667200
       61200          256         167.384     31334400     31334400
       61200          512         334.400     62668800     62668800
       61200         1024         759.733    125337600    125337600
       61200         2048        1646.059    250675200    250675200
       61200         4096        3305.408    501350400    501350400
       61200         8192        6548.667   1002700800   1002700800
       61200        16384       13177.267   2005401600   2005401600
       67312            1           3.575       134624       134624
       67312            2           1.834       269248       269248
       67312            4           3.117       538496       538496
       67312            8           6.050      1076992      1076992
       67312           16          11.825      2153984      2153984
       67312           32          23.375      4307968      4307968
       67312           64          46.384      8615936      8615936
       67312          128          92.400     17231872     17231872
       67312          256         189.108     34463744     34463744
       67312          512         368.317     68927488     68927488
       67312         1024         859.375    137854976    137854976
       67312         2048        1633.776    275709952    275709952
       67312         4096        3180.833    551419904    551419904
       67312         8192        6974.092   1102839808   1102839808
       74032            1           2.933       148064       148064
       74032            2           2.017       296128       296128
       74032            4           3.667       592256       592256
       74032            8           6.784      1184512      1184512
       74032           16          13.200      2369024      2369024
       74032           32          25.667      4738048      4738048
       74032           64          51.150      9476096      9476096
       74032          128         106.883     18952192     18952192
       74032          256         202.858     37904384     37904384
       74032          512         443.300     75808768     75808768
       74032         1024         960.575    151617536    151617536
       74032         2048        1702.250    303235072    303235072
       74032         4096        3330.892    606470144    606470144
       74032         8192       11011.642   1212940288   1212940288
       81424            1           1.833       162848       162848
       81424            2           4.400       325696       325696
       81424            4           7.884       651392       651392
       81424            8          14.758      1302784      1302784
       81424           16          28.783      2605568      2605568
       81424           32          60.866      5211136      5211136
       81424           64         112.750     10422272     10422272
       81424          128         224.675     20844544     20844544
       81424          256         448.800     41689088     41689088
       81424          512         896.683     83378176     83378176
       81424         1024        1809.500    166756352    166756352
       81424         2048        2496.908    333512704    333512704
       81424         4096        4476.908    667025408    667025408
       81424         8192        8877.733   1334050816   1334050816
       89552            1           3.117       179104       179104
       89552            2           2.475       358208       358208
       89552            4           4.308       716416       716416
       89552            8           8.159      1432832      1432832
       89552           16          15.766      2865664      2865664
       89552           32          48.675      5731328      5731328
       89552           64          61.691     11462656     11462656
       89552          128         122.833     22925312     22925312
       89552          256         267.850     45850624     45850624
       89552          512         489.408     91701248     91701248
       89552         1024        1041.975    183402496    183402496
       89552         2048        2655.308    366804992    366804992
       89552         4096        5303.650    733609984    733609984
       89552         8192        8785.517   1467219968   1467219968
       98496            1           2.291       196992       196992
       98496            2           5.317       393984       393984
       98496            4           4.766       787968       787968
       98496            8           8.800      1575936      1575936
       98496           16          17.417      3151872      3151872
       98496           32          34.191      6303744      6303744
       98496           64          67.650     12607488     12607488
       98496          128         134.750     25214976     25214976
       98496          256         268.767     50429952     50429952
       98496          512         536.892    100859904    100859904
       98496         1024        1252.442    201719808    201719808
       98496         2048        2320.542    403439616    403439616
       98496         4096        5326.201    806879232    806879232
       98496         8192       16553.259   1613758464   1613758464
      108336            1           3.575       216672       216672
      108336            2           2.841       433344       433344
      108336            4           5.225       866688       866688
      108336            8           9.808      1733376      1733376
      108336           16          19.067      3466752      3466752
      108336           32          37.583      6933504      6933504
      108336           64          74.525     13867008     13867008
      108336          128         148.592     27734016     27734016
      108336          256         296.450     55468032     55468032
      108336          512         631.217    110936064    110936064
      108336         1024        1542.292    221872128    221872128
      108336         2048        4774.275    443744256    443744256
      108336         4096        9531.775    887488512    887488512
      108336         8192       11010.817   1774977024   1774977024
      119168            1           4.309       238336       238336
      119168            2           3.208       476672       476672
      119168            4           5.775       953344       953344
      119168            8          10.725      1906688      1906688
      119168           16          20.992      3813376      3813376
      119168           32          41.342      7626752      7626752
      119168           64          81.858     15253504     15253504
      119168          128         167.750     30507008     30507008
      119168          256         350.808     61014016     61014016
      119168          512         649.458    122028032    122028032
      119168         1024        1325.959    244056064    244056064
      119168         2048        2613.692    488112128    488112128
      119168         4096        6050.184    976224256    976224256
      119168         8192       12855.609   1952448512   1952448512
      131072            1           4.859       262144       262144
      131072            2           6.508       524288       524288
      131072            4          12.283      1048576      1048576
      131072            8          23.375      2097152      2097152
      131072           16          45.742      4194304      4194304
      131072           32         100.100      8388608      8388608
      131072           64         189.658     16777216     16777216
      131072          128         416.167     33554432     33554432
      131072          256         367.492     67108864     67108864
      131072          512        1017.683    134217728    134217728
      131072         1024        1611.408    268435456    268435456
      131072         2048        2852.483    536870912    536870912
      131072         4096        5736.867   1073741824   1073741824
      131072         8192       11393.800   2147483648   2147483648
      144176            1           4.767       288352       288352
      144176            2           3.758       576704       576704
      144176            4           6.967      1153408      1153408
      144176            8          13.016      2306816      2306816
      144176           16          25.117      4613632      4613632
      144176           32          49.958      9227264      9227264
      144176           64          99.091     18454528     18454528
      144176          128         197.542     36909056     36909056
      144176          256         400.400     73818112     73818112
      144176          512         812.533    147636224    147636224
      144176         1024        1725.442    295272448    295272448
      144176         2048        3209.709    590544896    590544896
      144176         4096        6262.392   1181089792   1181089792
      158592            1           6.325       317184       317184
      158592            2           5.134       634368       634368
      158592            4           8.983      1268736      1268736
      158592            8          17.417      2537472      2537472
      158592           16          33.917      5074944      5074944
      158592           32          66.825     10149888     10149888
      158592           64         132.733     20299776     20299776
      158592          128         306.625     40599552     40599552
      158592          256         550.733     81199104     81199104
      158592          512        1069.659    162398208    162398208
      158592         1024        2275.350    324796416    324796416
      158592         2048        3541.175    649592832    649592832
      158592         4096        6906.809   1299185664   1299185664
      174448            1           6.967       348896       348896
      174448            2          10.817       697792       697792
      174448            4          19.983      1395584      1395584
      174448            8          37.767      2791168      2791168
      174448           16          72.050      5582336      5582336
      174448           32         133.650     11164672     11164672
      174448           64         265.284     22329344     22329344
      174448          128         531.391     44658688     44658688
      174448          256        1036.384     89317376     89317376
      174448          512        1976.700    178634752    178634752
      174448         1024        2568.133    357269504    357269504
      174448         2048        4787.934    714539008    714539008
      174448         4096        9660.292   1429078016   1429078016
      191888            1           5.958       383776       383776
      191888            2          15.675       767552       767552
      191888            4          20.625      1535104      1535104
      191888            8          39.142      3070208      3070208
      191888           16          76.175      6140416      6140416
      191888           32         150.059     12280832     12280832
      191888           64         297.734     24561664     24561664
      191888          128         597.300     49123328     49123328
      191888          256        1139.417     98246656     98246656
      191888          512        2143.166    196493312    196493312
      191888         1024        4218.500    392986624    392986624
      191888         2048        5001.242    785973248    785973248
      191888         4096        8710.809   1571946496   1571946496
      211072            1           4.950       422144       422144
      211072            2           5.316       844288       844288
      211072            4           9.900      1688576      1688576
      211072            8          18.975      3377152      3377152
      211072           16          37.400      6754304      6754304
      211072           32          72.967     13508608     13508608
      211072           64         144.742     27017216     27017216
      211072          128         288.567     54034432     54034432
      211072          256         683.559    108068864    108068864
      211072          512        1252.534    216137728    216137728
      211072         1024        2381.866    432275456    432275456
      211072         2048        4587.092    864550912    864550912
      211072         4096       11139.884   1729101824   1729101824
      232176            1           6.784       464352       464352
      232176            2           6.875       928704       928704
      232176            4          12.925      1857408      1857408
      232176            8          24.475      3714816      3714816
      232176           16          49.042      7429632      7429632
      232176           32          97.808     14859264     14859264
      232176           64         194.425     29718528     29718528
      232176          128         389.217     59437056     59437056
      232176          256         797.775    118874112    118874112
      232176          512        1561.450    237748224    237748224
      232176         1024        3174.783    475496448    475496448
      232176         2048        6263.858    950992896    950992896
      232176         4096       11816.750   1901985792   1901985792
      255392            1           8.341       510784       510784
      255392            2          14.941      1021568      1021568
      255392            4          27.041      2043136      2043136
      255392            8          51.517      4086272      4086272
      255392           16         100.283      8172544      8172544
      255392           32         197.358     16345088     16345088
      255392           64         384.633     32690176     32690176
      255392          128         728.658     65380352     65380352
      255392          256        1485.459    130760704    130760704
      255392          512        2519.642    261521408    261521408
      255392         1024        3434.567    523042816    523042816
      255392         2048        6882.792   1046085632   1046085632
      255392         4096       13658.516   2092171264   2092171264
      280928            1           7.516       561856       561856
      280928            2           7.150      1123712      1123712
      280928            4          13.200      2247424      2247424
      280928            8          25.208      4494848      4494848
      280928           16          49.225      8989696      8989696
      280928           32          96.984     17979392     17979392
      280928           64         193.050     35958784     35958784
      280928          128         384.725     71917568     71917568
      280928          256         782.925    143835136    143835136
      280928          512        1614.708    287670272    287670272
      280928         1024        3105.209    575340544    575340544
      280928         2048        6530.883   1150681088   1150681088
      309008            1          10.267       618016       618016
      309008            2           7.883      1236032      1236032
      309008            4          14.575      2472064      2472064
      309008            8          27.592      4944128      4944128
      309008           16          54.084      9888256      9888256
      309008           32         106.608     19776512     19776512
      309008           64         211.567     39553024     39553024
      309008          128         423.775     79106048     79106048
      309008          256        1028.958    158212096    158212096
      309008          512        1807.483    316424192    316424192
      309008         1024        3408.900    632848384    632848384
      309008         2048        7186.483   1265696768   1265696768
      339904            1          10.359       679808       679808
      339904            2           8.709      1359616      1359616
      339904            4          16.042      2719232      2719232
      339904            8          30.525      5438464      5438464
      339904           16          59.492     10876928     10876928
      339904           32         117.334     21753856     21753856
      339904           64         232.925     43507712     43507712
      339904          128         505.725     87015424     87015424
      339904          256        1088.725    174030848    174030848
      339904          512        1917.666    348061696    348061696
      339904         1024        4429.516    696123392    696123392
      339904         2048        8227.726   1392246784   1392246784
      373888            1           9.534       747776       747776
      373888            2           9.533      1495552      1495552
      373888            4          17.600      2991104      2991104
      373888            8          33.459      5982208      5982208
      373888           16          65.358     11964416     11964416
      373888           32         133.284     23928832     23928832
      373888           64         256.483     47857664     47857664
      373888          128         511.317     95715328     95715328
      373888          256        1228.242    191430656    191430656
      373888          512        2259.126    382861312    382861312
      373888         1024        4090.441    765722624    765722624
      373888         2048       12167.375   1531445248   1531445248
      411264            1          10.817       822528       822528
      411264            2          10.633      1645056      1645056
      411264            4          19.341      3290112      3290112
      411264            8          36.850      6580224      6580224
      411264           16          71.775     13160448     13160448
      411264           32         141.900     26320896     26320896
      411264           64         294.159     52641792     52641792
      411264          128         572.459    105283584    105283584
      411264          256        1165.359    210567168    210567168
      411264          512        2558.234    421134336    421134336
      411264         1024        4685.542    842268672    842268672
      411264         2048       10883.950   1684537344   1684537344
      452384            1          13.292       904768       904768
      452384            2          26.858      1809536      1809536
      452384            4          48.400      3619072      3619072
      452384            8          92.034      7238144      7238144
      452384           16         179.026     14476288     14476288
      452384           32         353.008     28952576     28952576
      452384           64         701.433     57905152     57905152
      452384          128        1198.359    115810304    115810304
      452384          256        1550.633    231620608    231620608
      452384          512        3049.658    463241216    463241216
      452384         1024        6143.775    926482432    926482432
      452384         2048       15705.433   1852964864   1852964864
      497616            1          14.025       995232       995232
      497616            2          25.483      1990464      1990464
      497616            4          46.384      3980928      3980928
      497616            8          88.184      7961856      7961856
      497616           16         171.783     15923712     15923712
      497616           32         348.150     31847424     31847424
      497616           64         683.284     63694848     63694848
      497616          128        1376.650    127389696    127389696
      497616          256        2723.416    254779392    254779392
      497616          512        5464.708    509558784    509558784
      497616         1024        9469.076   1019117568   1019117568
      497616         2048       11339.992   2038235136   2038235136
      547376            1          17.325      1094752      1094752
      547376            2          18.884      2189504      2189504
      547376            4          25.300      4379008      4379008
      547376            8          48.583      8758016      8758016
      547376           16          95.059     17516032     17516032
      547376           32         188.558     35032064     35032064
      547376           64         377.392     70064128     70064128
      547376          128         918.042    140128256    140128256
      547376          256        1511.125    280256512    280256512
      547376          512        2983.016    560513024    560513024
      547376         1024        6064.300   1121026048   1121026048
      602112            1          12.925      1204224      1204224
      602112            2          14.850      2408448      2408448
      602112            4          27.775      4816896      4816896
      602112            8          53.258      9633792      9633792
      602112           16         104.591     19267584     19267584
      602112           32         207.350     38535168     38535168
      602112           64         447.517     77070336     77070336
      602112          128         986.975    154140672    154140672
      602112          256        1688.042    308281344    308281344
      602112          512        3343.817    616562688    616562688
      602112         1024        6827.792   1233125376   1233125376
      662320            1          16.775      1324640      1324640
      662320            2          16.775      2649280      2649280
      662320            4          30.983      5298560      5298560
      662320            8          59.217     10597120     10597120
      662320           16         115.683     21194240     21194240
      662320           32         238.333     42388480     42388480
      662320           64         459.892     84776960     84776960
      662320          128         926.566    169553920    169553920
      662320          256        1930.959    339107840    339107840
      662320          512        3777.492    678215680    678215680
      662320         1024        7295.383   1356431360   1356431360
      728544            1         116.783      1457088      1457088
      728544            2          24.291      2914176      2914176
      728544            4          36.300      5828352      5828352
      728544            8          88.733     11656704     11656704
      728544           16         330.459     23313408     23313408
      728544           32         280.867     46626816     46626816
      728544           64         888.891     93253632     93253632
      728544          128        1515.158    186507264    186507264
      728544          256        2233.550    373014528    373014528
      728544          512        3997.033    746029056    746029056
      728544         1024        8811.459   1492058112   1492058112
      801392            1          24.292      1602784      1602784
      801392            2          20.167      3205568      3205568
      801392            4          37.308      6411136      6411136
      801392            8          71.500     12822272     12822272
      801392           16         139.334     25644544     25644544
      801392           32         284.716     51289088     51289088
      801392           64         584.559    102578176    102578176
      801392          128        1279.941    205156352    205156352
      801392          256        2252.342    410312704    410312704
      801392          512        4775.100    820625408    820625408
      801392         1024        9362.192   1641250816   1641250816
      881520            1          24.933      1763040      1763040
      881520            2          22.367      3526080      3526080
      881520            4          41.250      7052160      7052160
      881520            8          78.650     14104320     14104320
      881520           16         160.142     28208640     28208640
      881520           32         306.442     56417280     56417280
      881520           64         688.050    112834560    112834560
      881520          128        1319.542    225669120    225669120
      881520          256        2541.642    451338240    451338240
      881520          512        4802.600    902676480    902676480
      881520         1024        9637.008   1805352960   1805352960
      969664            1          25.300      1939328      1939328
      969664            2          24.475      3878656      3878656
      969664            4          45.284      7757312      7757312
      969664            8          86.533     15514624     15514624
      969664           16         169.125     31029248     31029248
      969664           32         339.350     62058496     62058496
      969664           64         712.892    124116992    124116992
      969664          128        1409.742    248233984    248233984
      969664          256        2706.458    496467968    496467968
      969664          512        5335.917    992935936    992935936
      969664         1024       11370.425   1985871872   1985871872
     1066624            1          26.584      2133248      2133248
     1066624            2          26.950      4266496      4266496
     1066624            4          49.683      8532992      8532992
     1066624            8         117.150     17065984     17065984
     1066624           16         194.517     34131968     34131968
     1066624           32         448.616     68263936     68263936
     1066624           64         887.333    136527872    136527872
     1066624          128        1566.491    273055744    273055744
     1066624          256        2959.091    546111488    546111488
     1066624          512        5791.316   1092222976   1092222976
     1173280            1          31.809      2346560      2346560
     1173280            2          35.291      4693120      4693120
     1173280            4          66.183      9386240      9386240
     1173280            8         130.166     18772480     18772480
     1173280           16         250.341     37544960     37544960
     1173280           32         483.358     75089920     75089920
     1173280           64         907.683    150179840    150179840
     1173280          128        1671.541    300359680    300359680
     1173280          256        3264.800    600719360    600719360
     1173280          512        6407.408   1201438720   1201438720
     1290608            1          31.900      2581216      2581216
     1290608            2          32.633      5162432      5162432
     1290608            4          60.225     10324864     10324864
     1290608            8         115.041     20649728     20649728
     1290608           16         303.875     41299456     41299456
     1290608           32         609.858     82598912     82598912
     1290608           64        1250.608    165197824    165197824
     1290608          128        1935.175    330395648    330395648
     1290608          256        3573.075    660791296    660791296
     1290608          512       11493.259   1321582592   1321582592
     1419664            1          38.683      2839328      2839328
     1419664            2          74.433      5678656      5678656
     1419664            4         134.750     11357312     11357312
     1419664            8         255.659     22714624     22714624
     1419664           16         509.758     45429248     45429248
     1419664           32        1001.092     90858496     90858496
     1419664           64        1974.683    181716992    181716992
     1419664          128        3134.267    363433984    363433984
     1419664          256        4819.925    726867968    726867968
     1419664          512        9543.875   1453735936   1453735936
     1561616            1          45.925      3123232      3123232
     1561616            2          80.575      6246464      6246464
     1561616            4         147.767     12492928     12492928
     1561616            8         281.050     24985856     24985856
     1561616           16         563.016     49971712     49971712
     1561616           32        1144.825     99943424     99943424
     1561616           64        2216.592    199886848    199886848
     1561616          128        4298.342    399773696    399773696
     1561616          256        6708.901    799547392    799547392
     1561616          512        8821.725   1599094784   1599094784
     1717776            1          35.567      3435552      3435552
     1717776            2          42.991      6871104      6871104
     1717776            4          78.925     13742208     13742208
     1717776            8         151.800     27484416     27484416
     1717776           16         298.375     54968832     54968832
     1717776           32         659.359    109937664    109937664
     1717776           64        1457.500    219875328    219875328
     1717776          128        2918.850    439750656    439750656
     1717776          256        5426.941    879501312    879501312
     1717776          512       10867.450   1759002624   1759002624
     1889552            1          36.850      3779104      3779104
     1889552            2          48.125      7558208      7558208
     1889552            4          87.817     15116416     15116416
     1889552            8         173.709     30232832     30232832
     1889552           16         350.808     60465664     60465664
     1889552           32         650.558    120931328    120931328
     1889552           64        1404.975    241862656    241862656
     1889552          128        2699.492    483725312    483725312
     1889552          256        5176.417    967450624    967450624
     1889552          512       11128.242   1934901248   1934901248
     2078496            1          41.158      4156992      4156992
     2078496            2          63.983      8313984      8313984
     2078496            4         136.583     16627968     16627968
     2078496            8         225.225     33255936     33255936
     2078496           16         439.816     66511872     66511872
     2078496           32         877.708    133023744    133023744
     2078496           64        1738.367    266047488    266047488
     2078496          128        3576.925    532094976    532094976
     2078496          256        7140.742   1064189952   1064189952
     2078496          512       14455.100   2128379904   2128379904
     2286336            1          46.292      4572672      4572672
     2286336            2          57.933      9145344      9145344
     2286336            4         107.434     18290688     18290688
     2286336            8         205.059     36581376     36581376
     2286336           16         405.259     73162752     73162752
     2286336           32        1568.600    146325504    146325504
     2286336           64        3410.367    292651008    292651008
     2286336          128        6350.209    585302016    585302016
     2286336          256       12683.733   1170604032   1170604032
     2514960            1          53.167      5029920      5029920
     2514960            2          63.525     10059840     10059840
     2514960            4         117.058     20119680     20119680
     2514960            8         223.667     40239360     40239360
     2514960           16         514.250     80478720     80478720
     2514960           32        1095.325    160957440    160957440
     2514960           64        2136.200    321914880    321914880
     2514960          128        4269.467    643829760    643829760
     2514960          256        8546.267   1287659520   1287659520
     2766448            1          52.616      5532896      5532896
     2766448            2          69.759     11065792     11065792
     2766448            4         128.334     22131584     22131584
     2766448            8         245.667     44263168     44263168
     2766448           16         481.983     88526336     88526336
     2766448           32         984.500    177052672    177052672
     2766448           64        1966.341    354105344    354105344
     2766448          128        3809.576    708210688    708210688
     2766448          256        8150.266   1416421376   1416421376
     3043088            1          83.050      6086176      6086176
     3043088            2         158.125     12172352     12172352
     3043088            4         286.825     24344704     24344704
     3043088            8         600.784     48689408     48689408
     3043088           16        1210.734     97378816     97378816
     3043088           32        2196.975    194757632    194757632
     3043088           64        4251.042    389515264    389515264
     3043088          128        5797.642    779030528    779030528
     3043088          256        9335.701   1558061056   1558061056
     3347392            1          60.225      6694784      6694784
     3347392            2          85.616     13389568     13389568
     3347392            4         156.841     26779136     26779136
     3347392            8         317.534     53558272     53558272
     3347392           16         584.925    107116544    107116544
     3347392           32        1207.433    214233088    214233088
     3347392           64        2335.300    428466176    428466176
     3347392          128        4564.359    856932352    856932352
     3347392          256        9713.275   1713864704   1713864704
     3682128            1         114.308      7364256      7364256
     3682128            2         229.991     14728512     14728512
     3682128            4         381.150     29457024     29457024
     3682128            8         740.208     58914048     58914048
     3682128           16        1382.516    117828096    117828096
     3682128           32        2614.700    235656192    235656192
     3682128           64        5072.834    471312384    471312384
     3682128          128       10160.517    942624768    942624768
     3682128          256       16116.008   1885249536   1885249536
     4050336            1          94.600      8100672      8100672
     4050336            2         119.992     16201344     16201344
     4050336            4         230.083     32402688     32402688
     4050336            8         434.958     64805376     64805376
     4050336           16         894.025    129610752    129610752
     4050336           32        1521.758    259221504    259221504
     4050336           64        3084.583    518443008    518443008
     4050336          128        6474.417   1036886016   1036886016
     4050336          256       13798.308   2073772032   2073772032
     4455360            1          78.742      8910720      8910720
     4455360            2         228.984     17821440     17821440
     4455360            4         499.125     35642880     35642880
     4455360            8         912.542     71285760     71285760
     4455360           16        1618.558    142571520    142571520
     4455360           32        3117.217    285143040    285143040
     4455360           64        6131.583    570286080    570286080
     4455360          128        7037.159   1140572160   1140572160
     4900896            1          83.600      9801792      9801792
     4900896            2         143.733     19603584     19603584
     4900896            4         256.575     39207168     39207168
     4900896            8         451.092     78414336     78414336
     4900896           16         941.142    156828672    156828672
     4900896           32        1753.217    313657344    313657344
     4900896           64        3379.567    627314688    627314688
     4900896          128        6765.917   1254629376   1254629376
     5390976            1         133.834     10781952     10781952
     5390976            2         149.600     21563904     21563904
     5390976            4         266.841     43127808     43127808
     5390976            8         537.167     86255616     86255616
     5390976           16        1124.108    172511232    172511232
     5390976           32        2461.616    345022464    345022464
     5390976           64        3725.150    690044928    690044928
     5390976          128        7424.084   1380089856   1380089856
     5930064            1         134.200     11860128     11860128
     5930064            2         168.208     23720256     23720256
     5930064            4         286.459     47440512     47440512
     5930064            8         543.491     94881024     94881024
     5930064           16        1085.516    189762048    189762048
     5930064           32        2193.216    379524096    379524096
     5930064           64        4082.284    759048192    759048192
     5930064          128       13429.075   1518096384   1518096384
     6523056            1          98.633     13046112     13046112
     6523056            2         164.542     26092224     26092224
     6523056            4         309.650     52184448     52184448
     6523056            8         699.784    104368896    104368896
     6523056           16        1406.442    208737792    208737792
     6523056           32        2796.567    417475584    417475584
     6523056           64        5610.092    834951168    834951168
     6523056          128       11118.892   1669902336   1669902336
     7175360            1         107.342     14350720     14350720
     7175360            2         182.692     28701440     28701440
     7175360            4         391.875     57402880     57402880
     7175360            8         779.717    114805760    114805760
     7175360           16        1456.034    229611520    229611520
     7175360           32        2494.800    459223040    459223040
     7175360           64        4924.150    918446080    918446080
     7175360          128       11157.759   1836892160   1836892160
     7892896            1         257.583     15785792     15785792
     7892896            2         486.108     31571584     31571584
     7892896            4         838.017     63143168     63143168
     7892896            8        1496.825    126286336    126286336
     7892896           16        2824.891    252572672    252572672
     7892896           32        5506.600    505145344    505145344
     7892896           64        6571.125   1010290688   1010290688
     7892896          128       10925.017   2020581376   2020581376
     8682176            1         262.258     17364352     17364352
     8682176            2         534.234     34728704     34728704
     8682176            4         869.917     69457408     69457408
     8682176            8        1609.666    138914816    138914816
     8682176           16        3079.451    277829632    277829632
     8682176           32        6048.808    555659264    555659264
     8682176           64        7792.584   1111318528   1111318528
     9550384            1         286.000     19100768     19100768
     9550384            2         529.100     38201536     38201536
     9550384            4         961.400     76403072     76403072
     9550384            8        1775.400    152806144    152806144
     9550384           16        3391.483    305612288    305612288
     9550384           32        6726.317    611224576    611224576
     9550384           64       13570.975   1222449152   1222449152
    10505408            1         357.866     21010816     21010816
    10505408            2         471.992     42021632     42021632
    10505408            4         566.500     84043264     84043264
    10505408            8         997.792    168086528    168086528
    10505408           16        1928.758    336173056    336173056
    10505408           32        3658.967    672346112    672346112
    10505408           64        8381.267   1344692224   1344692224
    11555936            1         344.942     23111872     23111872
    11555936            2         703.908     46223744     46223744
    11555936            4        1199.458     92447488     92447488
    11555936            8        2242.167    184894976    184894976
    11555936           16        4057.900    369789952    369789952
    11555936           32        6387.609    739579904    739579904
    11555936           64        9550.475   1479159808   1479159808
    12711520            1         467.408     25423040     25423040
    12711520            2         805.475     50846080     50846080
    12711520            4        1394.617    101692160    101692160
    12711520            8        2476.191    203384320    203384320
    12711520           16        4526.226    406768640    406768640
    12711520           32        7171.358    813537280    813537280
    12711520           64        9641.409   1627074560   1627074560
    13982672            1         197.084     27965344     27965344
    13982672            2         356.950     55930688     55930688
    13982672            4         659.267    111861376    111861376
    13982672            8        1298.642    223722752    223722752
    13982672           16        2474.450    447445504    447445504
    13982672           32        4879.600    894891008    894891008
    13982672           64       10061.425   1789782016   1789782016
    15380928            1         572.367     30761856     30761856
    15380928            2        1020.617     61523712     61523712
    15380928            4        1694.458    123047424    123047424
    15380928            8        2979.625    246094848    246094848
    15380928           16        5507.058    492189696    492189696
    15380928           32        6395.034    984379392    984379392
    15380928           64       11180.033   1968758784   1968758784
    16919008            1         252.175     33838016     33838016
    16919008            2         457.142     67676032     67676032
    16919008            4         881.467    135352064    135352064
    16919008            8        1542.292    270704128    270704128
    16919008           16        2993.834    541408256    541408256
    16919008           32        6296.125   1082816512   1082816512
    18610896            1         373.175     37221792     37221792
    18610896            2         600.417     74443584     74443584
    18610896            4         951.959    148887168    148887168
    18610896            8        2082.300    297774336    297774336
    18610896           16        4139.666    595548672    595548672
    18610896           32       13126.850   1191097344   1191097344
    20471984            1         548.900     40943968     40943968
    20471984            2        1078.275     81887936     81887936
    20471984            4        2574.642    163775872    163775872
    20471984            8        2498.558    327551744    327551744
    20471984           16        3781.892    655103488    655103488
    20471984           32        8039.167   1310206976   1310206976
    22519168            1         511.775     45038336     45038336
    22519168            2        1006.775     90076672     90076672
    22519168            4        2335.391    180153344    180153344
    22519168            8        4192.467    360306688    360306688
    22519168           16        7232.684    720613376    720613376
    22519168           32        7923.759   1441226752   1441226752
    24771072            1         354.750     49542144     49542144
    24771072            2         736.725     99084288     99084288
    24771072            4        1361.616    198168576    198168576
    24771072            8        2651.550    396337152    396337152
    24771072           16        5353.241    792674304    792674304
    24771072           32        9783.400   1585348608   1585348608
    27248176            1         395.358     54496352     54496352
    27248176            2         796.217    108992704    108992704
    27248176            4        1414.783    217985408    217985408
    27248176            8        2550.350    435970816    435970816
    27248176           16        4846.325    871941632    871941632
    27248176           32       10504.542   1743883264   1743883264
    29972992            1         440.642     59945984     59945984
    29972992            2         898.883    119891968    119891968
    29972992            4        1694.641    239783936    239783936
    29972992            8        2811.141    479567872    479567872
    29972992           16        5279.267    959135744    959135744
    29972992           32       20982.592   1918271488   1918271488
    32970288            1         483.725     65940576     65940576
    32970288            2         944.075    131881152    131881152
    32970288            4        1706.925    263762304    263762304
    32970288            8        3005.842    527524608    527524608
    32970288           16        5880.508   1055049216   1055049216
    32970288           32       21458.617   2110098432   2110098432
    36267312            1        1305.241     72534624     72534624
    36267312            2        2305.050    145069248    145069248
    36267312            4        3667.033    290138496    290138496
    36267312            8        6488.717    580276992    580276992
    36267312           16        6556.550   1160553984   1160553984
    39894032            1        1327.517     79788064     79788064
    39894032            2        2209.075    159576128    159576128
    39894032            4        2780.525    319152256    319152256
    39894032            8        4589.658    638304512    638304512
    39894032           16        7999.934   1276609024   1276609024
    43883424            1        1606.825     87766848     87766848
    43883424            2        2804.816    175533696    175533696
    43883424            4        3750.358    351067392    351067392
    43883424            8        4735.042    702134784    702134784
    43883424           16        9220.200   1404269568   1404269568
    48271760            1        1732.317     96543520     96543520
    48271760            2        2918.300    193087040    193087040
    48271760            4        3781.342    386174080    386174080
    48271760            8        4899.491    772348160    772348160
    48271760           16        9196.000   1544696320   1544696320
    53098928            1        1802.625    106197856    106197856
    53098928            2        2615.892    212395712    212395712
    53098928            4        2646.600    424791424    424791424
    53098928            8        5435.925    849582848    849582848
    53098928           16       11355.942   1699165696   1699165696
    58408816            1        1949.658    116817632    116817632
    58408816            2        2785.384    233635264    233635264
    58408816            4        3202.192    467270528    467270528
    58408816            8        6362.401    934541056    934541056
    58408816           16       12780.167   1869082112   1869082112
    64249696            1        2116.217    128499392    128499392
    64249696            2        3055.434    256998784    256998784
    64249696            4        3388.275    513997568    513997568
    64249696            8        6501.459   1027995136   1027995136
    64249696           16       13059.108   2055990272   2055990272
    70674656            1        2335.300    141349312    141349312
    70674656            2        3272.225    282698624    282698624
    70674656            4        3775.659    565397248    565397248
    70674656            8        6624.384   1130794496   1130794496
    77742112            1        2770.259    155484224    155484224
    77742112            2        4753.925    310968448    310968448
    77742112            4        7465.333    621936896    621936896
    77742112            8       13531.375   1243873792   1243873792
    85516320            1        3124.550    171032640    171032640
    85516320            2        4894.176    342065280    342065280
    85516320            4        8141.009    684130560    684130560
    85516320            8       10500.783   1368261120   1368261120
    94067952            1        3220.067    188135904    188135904
    94067952            2        3209.891    376271808    376271808
    94067952            4        4803.425    752543616    752543616
    94067952            8        9320.758   1505087232   1505087232
   103474736            1        3422.925    206949472    206949472
   103474736            2        4736.233    413898944    413898944
   103474736            4        6404.933    827797888    827797888
   103474736            8       10687.875   1655595776   1655595776
   113822208            1        3839.367    227644416    227644416
   113822208            2        4531.175    455288832    455288832
   113822208            4        6481.383    910577664    910577664
   113822208            8       12184.609   1821155328   1821155328
   125204416            1        4302.100    250408832    250408832
   125204416            2        5674.625    500817664    500817664
   125204416            4        8013.317   1001635328   1001635328
   125204416            8       14020.325   2003270656   2003270656
   137724848            1        4875.016    275449696    275449696
   137724848            2        7193.267    550899392    550899392
   137724848            4        8828.509   1101798784   1101798784
   151497328            1        4424.750    302994656    302994656
   151497328            2        7613.742    605989312    605989312
   151497328            4       10024.850   1211978624   1211978624
   166647056            1        5478.183    333294112    333294112
   166647056            2        8754.900    666588224    666588224
   166647056            4       11991.009   1333176448   1333176448
   183311760            1        6526.300    366623520    366623520
   183311760            2        8067.309    733247040    733247040
   183311760            4       12460.067   1466494080   1466494080
   201642928            1        6663.067    403285856    403285856
   201642928            2       10273.634    806571712    806571712
   201642928            4       19159.342   1613143424   1613143424
   221807216            1        8006.625    443614432    443614432
   221807216            2       12791.625    887228864    887228864
   221807216            4       16038.367   1774457728   1774457728
   243987936            1        8084.175    487975872    487975872
   243987936            2       14177.900    975951744    975951744
   243987936            4       24623.134   1951903488   1951903488
   268386720            1        9503.450    536773440    536773440
   268386720            2       14386.809   1073546880   1073546880
   268386720            4       20534.525   2147093760   2147093760
   295225392            1        9849.492    590450784    590450784
   295225392            2       15324.467   1180901568   1180901568
   324747920            1       10213.775    649495840    649495840
   324747920            2       17862.992   1298991680   1298991680
   357222704            1       12440.725    714445408    714445408
   357222704            2       20056.301   1428890816   1428890816
   392944960            1       12966.801    785889920    785889920
   392944960            2       21931.708   1571779840   1571779840
   432239456            1       14456.658    864478912    864478912
   432239456            2       24940.484   1728957824   1728957824
   475463392            1       16608.350    950926784    950926784
   475463392            2       29828.701   1901853568   1901853568
   523009728            1       15805.625   1046019456   1046019456
   523009728            2       32124.401   2092038912   2092038912
   575310688            1       20040.809   1150621376   1150621376
   632841744            1       21274.275   1265683488   1265683488
   696125904            1       23343.651   1392251808   1392251808
   765738480            1       25932.501   1531476960   1531476960
   842312320            1       27866.209   1684624640   1684624640
   926543552            1       30958.676   1853087104   1853087104
  1019197904            1       32927.218   2038395808   2038395808

META_DATA
FLOPS          16
OPENMP_THREADS 2
ERT_VERSION  1.1.0
HOSTNAME  ('DESKTOP-1DMF7BU.localdomain', ['DESKTOP-1DMF7BU'], ['127.0.1.1'])
UNAME  uname_result(system='Linux', node='DESKTOP-1DMF7BU', release='6.6.87.2-microsoft-standard-WSL2', version='#1 SMP PREEMPT_DYNAMIC Thu Jun  5 18:30:46 UTC 2025', machine='x86_64')
TIMESTAMP_DATA  1765960071.2146606
CONFIG  {'ERT_MPI': ['False'], 'ERT_OPENMP': ['True'], 'ERT_OPENMP_CFLAGS': ['-fopenmp'], 'ERT_OPENMP_LDFLAGS': ['-fopenmp'], 'ERT_PRECISION': ['FP64'], 'ERT_TRIALS_MIN': ['1'], 'ERT_TRIALS': ['3', '#', 'Run', 'each', 'test', '3', 'times', 'to', 'filter', 'out', 'background', 'noise'], 'ERT_RESULTS': ['Results/7800X3D'], 'ERT_GNUPLOT': ['gnuplot'], 'ERT_DRIVER': ['driver1'], 'ERT_KERNEL': ['kernel1'], 'ERT_CC': ['g++'], 'ERT_LD': ['g++'], 'ERT_CFLAGS': ['-O3', '-march=native', '-fopenmp', '-fstrict-aliasing', '-funroll-loops', '-Wno-all'], 'ERT_LDFLAGS': ['-O3', '-march=native', '-fopenmp'], 'ERT_LDLIBS': ['-lm'], 'ERT_RUN': ['export', 'OMP_NUM_THREADS=ERT_OPENMP_THREADS;', './ERT_CODE'], 'ERT_WORKING_SET_MIN': ['128'], 'ERT_MEMORY_MAX': ['1073741824'], 'ERT_ALIGN': ['64'], 'ERT_MIN_PROCS': ['1'], 'ERT_MAX_PROCS': ['1'], 'ERT_OPENMP_THREADS': ['1,2,4,8,16', '#', 'Logical', 'Threads'], 'ERT_NUM_EXPERIMENTS': ['5'], 'ERT_FLOPS': ['1,2,4,8,16', '#', '16', 'for', 'AVX-51'], 'ERT_GPU': [False], 'ERT_HIP': [False], 'ERT_OCL': [False], 'ERT_SYCL': [False], 'ERT_WSS_MULT': [1.1]}
