fp64
 2048 524288 23233.04 23275.438 23283.44 92.23223235054616 92.26394141326149 92.43231398043477 46.11611617527308 46.131970706630746 46.216156990217385
 2240 262144 12652.818 12687.927 12879.016 91.18748823667896 92.56083519396037 92.81767271132803 45.59374411833948 46.280417596980186 46.408836355664015
 2464 262144 14672.137 14691.512 14738.036 87.65385238575887 87.93142816069579 88.04754426706894 43.826926192879434 43.965714080347894 44.02377213353447
 2704 262144 16069.208 16093.494 16126.105 87.91178973471897 88.08992950816025 88.22306314038624 43.95589486735948 44.04496475408013 44.11153157019312
 2960 262144 17507.017 17537.261 17727.482 87.54161927790986 88.49115491866148 88.6440265637487 43.77080963895493 44.24557745933074 44.32201328187435
 3248 262144 19386.701 19436.97 19873.898 85.68462130579516 87.61074509041275 87.83791651813272 42.84231065289758 43.805372545206374 43.91895825906636
 3568 262144 20875.28 21006.062 21093.462 88.68433185600352 89.05332108417083 89.61123319064463 44.34216592800176 44.526660542085416 44.80561659532231
 3920 262144 22526.82 22574.946 22627.955 90.8261024913652 91.0393743577504 91.23386967179566 45.4130512456826 45.5196871788752 45.61693483589783
 4304 131072 12265.513 12300.975 12333.293 91.48147019615928 91.72181684785149 91.98700258195478 45.74073509807964 45.86090842392574 45.99350129097739
 4720 131072 13592.405 13655.66 13797.038 89.68009510447096 90.60855938123825 91.03022459969372 44.84004755223548 45.304279690619126 45.51511229984686
 5184 131072 14317.197 14320.779 14365.244 94.60016801663792 94.89389480837599 94.91763618255723 47.30008400831896 47.446947404187995 47.458818091278616
 5696 131072 15715.511 15717.093 15739.572 94.86739690253332 95.0030787499953 95.01264222334227 47.43369845126666 47.50153937499765 47.506321111671134
 6256 131072 17699.67 17939.637 18218.59 90.01645374312722 91.41616767384983 92.65556160086602 45.00822687156361 45.708083836924914 46.32778080043301
 6880 131072 19297.334 19407.386 19487.524 92.54899288385738 92.93115105764373 93.46113406131646 46.27449644192869 46.465575528821866 46.73056703065823
 7568 131072 21685.623 21694.324 21700.919 91.42035837284125 91.44814984785882 91.48484191577064 45.710179186420625 45.72407492392941 45.74242095788532
 8320 65536 11641.855 11678.513 11711.105 93.11837268985292 93.37824430216415 93.67227473628559 46.55918634492646 46.689122151082074 46.83613736814279
 9152 65536 12820.133 12826.907 12854.518 93.31901390623904 93.51989096046304 93.56930571625115 46.65950695311952 46.75994548023152 46.784652858125575
 10064 65536 14151.688 14164.129 14222.261 92.74957111249752 93.13023116352583 93.21210360205794 46.37478555624876 46.56511558176292 46.60605180102897
 11056 65536 16148.879 16166.771 16276.154 89.03405755438293 89.63645442865493 89.73576630303565 44.51702877719146 44.818227214327464 44.86788315151782
 12160 65536 16954.848 16984.452 16984.887 93.83845297292825 93.84085633142594 94.00470709026703 46.919226486464126 46.92042816571297 47.002353545133516
 13376 65536 18384.44 18389.571 18479.117 94.87569519690796 95.33768199377789 95.36429023674368 47.43784759845398 47.668840996888946 47.68214511837184
 14704 65536 20525.905 20537.926 20645.256 93.35232694620014 93.84018074658562 93.89513826552349 46.67616347310007 46.92009037329281 46.94756913276174
 16160 65536 22799.579 22829.4 22831.449 92.77218979837855 92.7805163517219 92.90186981084169 46.386094899189274 46.39025817586095 46.450934905420844
 17776 32768 12382.224 12385.32 12477.631 93.36451254248503 94.06038245277475 94.08390092119154 46.682256271242515 47.03019122638737 47.04195046059577
 19552 32768 13683.529 13699.316 13700.951 93.52342563665836 93.53458756626972 93.64250055669118 46.76171281832918 46.76729378313486 46.82125027834559
 21504 32768 15293.098 15319.323 15320.513 91.9868769407395 91.99402245125322 92.15177618033965 45.99343847036975 45.99701122562661 46.075888090169826
 23648 32768 16386.627 16411.193 16442.073 94.25790336778093 94.43526305491623 94.57683561113583 47.12895168389046 47.21763152745812 47.28841780556792
 26000 32768 18154.748 18176.036 18185.716 93.69639336718993 93.74629319616224 93.85621876987773 46.84819668359496 46.87314659808112 46.928109384938864
 28592 32768 20375.519 20388.467 20392.447 91.88722236227952 91.90515951984031 91.96356235146696 45.94361118113976 45.952579759920155 45.98178117573348
 31440 32768 21921.562 21954.806 21960.863 93.8238101116518 93.84969468643904 93.99201753962603 46.9119050558259 46.92484734321952 46.99600876981302
 34576 16384 12031.572 12040.962 12050.129 94.02275842856122 94.09433963831131 94.16777524998396 47.01137921428061 47.047169819155656 47.08388762499198
 38032 16384 13203.48 13217.85 13242.899 94.10572231956161 94.28406102354013 94.38667502809865 47.052861159780804 47.142030511770066 47.193337514049325
 41824 16384 14486.838 14493.91 14560.873 94.12133681819763 94.5561847700172 94.60234400357068 47.06066840909882 47.2780923850086 47.30117200178534
 46000 16384 16278.432 16329.291 16341.006 92.24205657840162 92.30823310087376 92.59663338581994 46.12102828920081 46.15411655043688 46.29831669290997
 50592 16384 17412.389 17888.618 17888.684 92.6730359818531 92.67337789872869 95.2079956403455 46.33651799092655 46.336688949364344 47.60399782017275
 55648 16384 18819.778 19231.894 19246.629 94.74249563391075 94.8150849833095 96.89134824013334 47.371247816955375 47.40754249165475 48.44567412006667
 61200 16384 21361.77 21378.038 21465.886 93.42272664636344 93.8066252852577 93.8780634750772 46.71136332318172 46.90331264262885 46.9390317375386
 67312 8192 11891.746 11903.863 11929.047 92.44995077980663 92.64553935138535 92.73993978680674 46.224975389903314 46.322769675692676 46.36996989340337
 74032 8192 15210.041 15216.647 15221.435 79.68632970544499 79.7114034386156 79.74602356430204 39.843164852722495 39.8557017193078 39.87301178215102
 81424 8192 16433.101 16476.508 16484.748 80.92636999971124 80.96684176040213 81.18071056704393 40.46318499985562 40.483420880201066 40.590355283521966
 89552 8192 16636.301 16688.649 16741.296 87.6407637736051 87.91724051479541 88.1938820414466 43.82038188680255 43.958620257397705 44.0969410207233
 98496 8192 18304.13 18329.435 18494.17 87.25768520566213 88.04190985701413 88.1636255861382 43.628842602831064 44.02095492850707 44.0818127930691
 108336 8192 22231.867 22243.758 22248.603 79.77925733134795 79.79663436367181 79.83931461986526 39.889628665673975 39.89831718183591 39.91965730993263
 119168 8192 24413.631 24422.301 24425.152 79.93598205652927 79.94531358859265 79.97370452596748 39.967991028264635 39.97265679429633 39.98685226298374
 131072 8192 26853.103 26878.627 26882.944 79.88275569818545 79.89558573806617 79.9715268660013 39.941377849092724 39.94779286903309 39.98576343300065
 144176 4096 14779.747 14790.415 14822.584 79.68177424395098 79.85508128068076 79.91272056280802 39.84088712197549 39.92754064034038 39.95636028140401
 158592 4096 16233.657 16242.603 16392.491 79.25492617320941 79.98629677767782 80.03037541079007 39.627463086604706 39.99314838883891 40.015187705395036
 174448 4096 16152.966 16178.545 16429.325 86.98336760639891 88.33167729236469 88.47155475966457 43.49168380319946 44.165838646182344 44.235777379832285
 191888 4096 19326.119 19396.821 19605.642 80.17827194845239 81.04144983345466 81.33792904824813 40.089135974226195 40.52072491672733 40.668964524124064
 211072 4096 21595.317 21611.478 21866.688 79.07470139053524 80.00849474524603 80.0683696377321 39.53735069526762 40.00424737262301 40.03418481886605
 232176 4096 21453.302 21859.749 21973.855 86.55676448215391 87.00858330989985 88.65701848601208 43.278382241076955 43.504291654949924 44.32850924300604
 255392 4096 26132.829 26641.519 27068.643 77.29132428249174 78.53047958714367 80.05911889600624 38.64566214124587 39.26523979357184 40.02955944800312
 280928 2048 13017.088 13517.431 13521.627 85.09930705824085 85.12572307563471 88.39773442416615 42.54965352912043 42.562861537817355 44.19886721208307
 309008 2048 15327.114 16204.823 16414.685 77.10758799209366 78.10617666110885 82.5789361258747 38.55379399604683 39.053088330554424 41.28946806293735
 339904 2048 15833.237 16317.802 16681.626 83.45989677505057 85.32073032875384 87.9319108278364 41.72994838752528 42.66036516437692 43.9659554139182
 373888 2048 19300.068 19682.363 20179.25 75.89207963626002 77.8079973425955 79.34921514266168 37.94603981813001 38.90399867129775 39.67460757133084
 411264 2048 21391.062 21634.74 22187.238 75.92370641176697 77.86261096736082 78.74958915083317 37.961853205883486 38.93130548368041 39.37479457541659
 452384 2048 23654.123 23960.854 24477.289 75.70139258477522 77.33300591039034 78.33580911031875 37.85069629238761 38.66650295519517 39.167904555159375
 497616 2048 23914.023 24236.291 24895.46 81.87176039326046 84.09847595904836 85.23179625611299 40.93588019663023 42.04923797952418 42.61589812805649
 547376 1024 14660.853 14930.732 14971.868 74.87549636424794 75.08178755067065 76.46390343044843 37.43774818212397 37.54089377533533 38.23195171522421
 602112 1024 16172.014 16492.258 16601.382 74.27847729785387 74.76995424155987 76.25057559312032 37.139238648926934 37.384977120779936 38.12528779656016
 662320 1024 18251.977 18320.952 18440.365 73.55772838552816 74.03716575426866 74.31695536324641 36.77886419276408 37.01858287713433 37.158477681623204
 728544 1024 18668.941 18974.968 18982.714 78.60088457319644 78.63297118603836 79.9219469385007 39.30044228659822 39.31648559301918 39.96097346925035
 801392 1024 20653.176 20887.954 20904.241 78.51281546170463 78.57403439322013 79.46723622555679 39.25640773085232 39.287017196610066 39.733618112778395
 881520 1024 22868.355 23031.839 23146.695 77.99614415794566 78.38509812438339 78.94546678149784 38.99807207897283 39.192549062191695 39.47273339074892
 969664 1024 25364.425 25629.325 25656.154 77.40333457618006 77.48436105906026 78.29358922979725 38.70166728809003 38.74218052953013 39.146794614898624
 1066624 512 15198.505 15261.616 15367.239 71.07476990499075 71.56666607258366 71.86384292402444 35.53738495249537 35.78333303629183 35.93192146201222
 1173280 512 16796.982 16821.965 16861.591 71.25298674365902 71.42083103846667 71.5270588490242 35.62649337182951 35.71041551923334 35.7635294245121
 1290608 512 16919.924 17017.343 17098.95 77.29027759014441 77.66092462260413 78.10806904333613 38.64513879507221 38.830462311302064 39.054034521668065
 1419664 512 20309.698 20342.842 20390.816 71.2936616170731 71.46179162183927 71.57841224423917 35.64683080853655 35.730895810919634 35.78920612211959
 1561616 512 22326.028 22371.546 22474.816 71.1505172723105 71.47895742207535 71.62468774114232 35.57525863615525 35.73947871103768 35.81234387057116
 1717776 512 24574.503 24579.821 24681.824 71.26712450425057 71.56287362711063 71.57836005879753 35.63356225212529 35.78143681355532 35.789180029398764
 1889552 512 27075.726 27137.44 27162.283 71.23485341788097 71.30006544464032 71.46258046783308 35.617426708940485 35.65003272232016 35.73129023391654
 2078496 512 29645.501 29847.132 29854.939 71.29071353989369 71.30936077878437 71.79436448046535 35.645356769946844 35.65468038939218 35.897182240232674
 2286336 256 16415.882 16461.615 16484.987 71.01030968359271 71.11112925432892 71.30923772478384 35.505154841796355 35.55556462716446 35.65461886239192
 2514960 256 18000.329 18094.248 18133.61 71.00955187632248 71.16402516424004 71.53533249308943 35.50477593816124 35.58201258212002 35.767666246544714
 2766448 256 18222.556 18293.904 18380.992 77.05902793494498 77.4258668898667 77.72901759775083 38.52951396747249 38.71293344493335 38.86450879887541
 3043088 256 21817.677 21909.43 21952.953 70.97273227888749 71.11371934367988 71.41278404662421 35.486366139443746 35.55685967183994 35.706392023312105
 3347392 256 22397.034 22444.653 22525.659 76.08499729131121 76.35959905461671 76.52194946884484 38.042498645655606 38.179799527308354 38.26097473442242
 3682128 256 24483.297 24634.752 24709.035 76.2979831466506 76.5280501301576 77.00145678909176 38.1489915733253 38.2640250650788 38.50072839454588
 4050336 256 29346.956 29580.765 29653.209 69.93415221941072 70.10542262852229 70.6639568342284 34.96707610970536 35.052711314261146 35.3319784171142
 4455360 128 15312.074 15378.864 15428.371 73.92693369896278 74.16491621227681 74.48841744103379 36.96346684948139 37.082458106138404 37.244208720516895
 4900896 128 18370.836 18420.795 18457.949 67.97230699900622 68.10940439867011 68.29462611282362 33.98615349950311 34.054702199335054 34.14731305641181
 5390976 128 20480.419 20612.817 20766.232 66.45836644799114 66.95299608976299 67.38582135453379 33.22918322399557 33.476498044881495 33.692910677266894
 5930064 128 21268.68 21492.663 21512.723 70.5673746647507 70.63323814270943 71.3770851787699 35.28368733237535 35.316619071354715 35.68854258938495
 6523056 128 25896.375 26042.042 26233.602 63.655091512023404 64.12332550573414 64.48401894087493 31.827545756011702 32.06166275286707 32.242009470437466
 7175360 128 27592.701 27862.132 28053.51 65.47815799163813 65.92791104428046 66.57166908016725 32.739078995819064 32.96395552214023 33.28583454008363
 7892896 128 33131.875 33407.174 33472.907 60.3646816812176 60.48345711612722 60.98602557205108 30.1823408406088 30.24172855806361 30.49301278602554
 8682176 64 17912.54 18290.807 18360.725 60.526941501493 60.75831033589716 62.04137034725393 30.2634707507465 30.37915516794858 31.020685173626966
 9550384 64 21314.014 21491.169 21540.863 56.75024032231207 56.88146382358261 57.354243644580514 28.375120161156033 28.440731911791303 28.677121822290257
 10505408 64 23349.146 23505.794 24098.634 55.79952058693452 57.20684117286147 57.590638389943685 27.89976029346726 28.603420586430737 28.795319194971842
 11555936 64 26493.691 26990.855 27537.447 53.71448587808448 54.80225832045705 55.830643151986635 26.85724293904224 27.401129160228525 27.915321575993318
 12711520 64 30620.71 30908.169 31425.331 51.7758925116811 52.64221766096853 53.13640865936812 25.88794625584055 26.321108830484263 26.56820432968406
 13982672 64 35288.598 35644.275 36120.806 49.54989143929956 50.21232767393922 50.718422307397994 24.77494571964978 25.10616383696961 25.359211153698997
 15380928 64 39756.786 40209.621 40807.688 48.24480093064817 48.96238101821452 49.520068951247715 24.122400465324084 24.48119050910726 24.760034475623858
 16919008 32 23397.324 23963.382 24037.808 45.04639158445728 45.1862976603219 46.279502390957184 22.52319579222864 22.59314883016095 23.139751195478592
 18610896 32 26381.25 26672.536 26805.016 44.43561399105301 44.656321543628245 45.149389964463396 22.217806995526505 22.328160771814122 22.574694982231698
 20471984 32 29844.618 30238.147 30692.601 42.68803989599969 43.32960534916376 43.90094642859895 21.344019947999843 21.66480267458188 21.950473214299475
 22519168 32 33159.943 33766.792 33933.642 42.471914803604044 42.68177895015907 43.46288387769545 21.235957401802022 21.340889475079535 21.731441938847723
 24771072 32 37353.966 37479.704 38127.634 41.580041604469876 42.2988561489173 42.44123925154293 20.790020802234938 21.14942807445865 21.220619625771466
 27248176 32 41694.313 42074.858 42311.382 41.21546452914254 41.44715744495204 41.8254466502422 20.60773226457127 20.72357872247602 20.9127233251211
 29972992 32 46452.747 46918.855 47051.93 40.76924130423556 40.88487427922101 41.29511410810646 20.38462065211778 20.442437139610504 20.64755705405323
 32970288 32 51931.445 52302.507 52673.929 40.05963618168678 40.344116430212416 40.63238432899374 20.02981809084339 20.172058215106208 20.31619216449687
 36267312 16 30651.361 30801.107 30956.071 37.49035153718313 37.67896991494494 37.86304901762764 18.745175768591565 18.83948495747247 18.93152450881382
 39894032 16 34095.512 34336.46 34380.095 37.13221339266224 37.17940125452653 37.442142649155706 18.56610669633112 18.589700627263266 18.721071324577853
 43883424 16 37879.075 38097.879 38222.119 36.739710009274994 36.85952091978663 37.072435586138255 18.369855004637497 18.429760459893316 18.536217793069127
 48271760 16 41815.925 42349.232 42372.448 36.455205986682664 36.47519086060403 36.94038383701903 18.227602993341332 18.237595430302015 18.470191918509514
 53098928 16 46561.446 47105.147 47343.272 35.89033085841638 36.07176294344225 36.492975239643535 17.94516542920819 18.035881471721126 18.246487619821767
 58408816 16 51284.457 51799.91 52068.702 35.896460641557766 36.08272894682636 36.44539147601777 17.948230320778883 18.04136447341318 18.222695738008884
 64249696 16 56782.087 57427.734 57542.107 35.73018749556737 35.80134769029891 36.208430873630974 17.865093747783686 17.900673845149456 18.104215436815487
 70674656 8 34898.138 35196.608 35256.7 32.07318030331824 32.12793960145251 32.40271718794854 16.03659015165912 16.063969800726255 16.20135859397427
 77742112 8 38624.467 38921.033 38950.384 31.934827446117094 31.958910032012767 32.20429661851386 15.967413723058547 15.979455016006384 16.10214830925693
 85516320 8 42704.819 43157.566 43165.135 31.698293541766986 31.7038528076398 32.03997000900531 15.849146770883493 15.8519264038199 16.019985004502654
 94067952 8 47173.447 47964.333 48110.84 31.28374461971564 31.379300781687093 31.905390165785423 15.64187230985782 15.689650390843546 15.952695082892712
 103474736 8 52089.354 52624.875 53032.378 31.21858454093837 31.460327003152024 31.783764797697433 15.609292270469185 15.730163501576012 15.891882398848717
 113822208 8 57492.818 57899.263 57975.068 31.412732935474953 31.453860267616875 31.67622307189743 15.706366467737476 15.726930133808438 15.838111535948714
 125204416 8 63526.061 63860.684 64002.569 31.299847604554746 31.36938927869924 31.534627276827386 15.649923802277373 15.68469463934962 15.767313638413693
 137724848 4 42088.731 42197.33 42351.749 26.015425809215106 26.110627947313255 26.177999617047142 13.007712904607553 13.055313973656627 13.088999808523571
 151497328 4 46298.255 46479.027 46714.007 25.944651333378445 26.075817464939615 26.17763075519801 12.972325666689223 13.037908732469807 13.088815377599005
 166647056 4 50971.342 51216.049 51409.084 25.93270185479282 26.030443074591716 26.155411956781517 12.96635092739641 13.015221537295858 13.077705978390759
 183311760 4 56210.754 56445.851 56570.055 25.92350458206201 25.980546913890976 26.08920848135216 12.961752291031004 12.990273456945488 13.04460424067608
 201642928 4 62082.903 62541.668 63672.268 25.335102308590614 25.793098834524212 25.983698346064777 12.667551154295307 12.896549417262106 12.991849173032389
 221807216 4 68241.354 68664.759 68772.568 25.801824471641073 25.84233533827738 26.002674683154734 12.900912235820536 12.92116766913869 13.001337341577367
 243987936 4 75214.884 75436.277 75517.332 25.847092797187276 25.87486505994987 25.951027033425987 12.923546398593638 12.937432529974934 12.975513516712994
 268386720 4 82935.314 83197.539 83314.996 25.77079593210327 25.807178743592406 25.88877591998989 12.885397966051634 12.903589371796203 12.944387959994945
 295225392 2 60558.03 60899.728 61060.181 19.339961799327124 19.39091695122185 19.5003299810116 9.669980899663562 9.695458475610925 9.7501649905058
 324747920 2 66791.477 66894.628 67096.605 19.360020972745197 19.418475277267408 19.448464659645122 9.680010486372598 9.709237638633704 9.724232329822561
 357222704 2 73390.008 73596.041 73711.519 19.38490530903318 19.415321756234142 19.46982777273985 9.69245265451659 9.707660878117071 9.734913886369926
 392944960 2 80847.685 81113.513 81592.886 19.263687277834492 19.377533802536696 19.441247328232095 9.631843638917246 9.688766901268348 9.720623664116047
 432239456 2 88924.803 89187.021 89263.824 19.36907636849616 19.38575596106075 19.442919924152097 9.68453818424808 9.692877980530374 9.721459962076048
 475463392 2 98137.905 98296.684 98541.546 19.300017558076465 19.348094875713205 19.37939849031829 9.650008779038233 9.674047437856602 9.689699245159145
 523009728 2 107769.391 108188.743 108283.309 19.320049704059194 19.33693704159221 19.41218088538702 9.660024852029597 9.668468520796106 9.70609044269351
 575310688 1 59289.008 59503.664 59574.738 19.31391416274462 19.336983618353315 19.406993215335966 9.65695708137231 9.668491809176658 9.703496607667983
 632841744 1 65160.498 65278.781 65376.542 19.35990263908422 19.388895880270802 19.424091694326833 9.67995131954211 9.694447940135401 9.712045847163417
 696125904 1 71379.459 71543.177 71631.755 19.43623757368502 19.460301686071336 19.504936399139698 9.71811878684251 9.730150843035668 9.752468199569849
 765738480 1 78273.733 78422.978 78699.014 19.45992563515472 19.52842137670416 19.565656335823412 9.72996281757736 9.76421068835208 9.782828167911706
 842312320 1 85749.852 86040.091 86097.839 19.56639864096937 19.579531128110965 19.645802304125258 9.783199320484686 9.789765564055482 9.822901152062629
 926543552 1 94337.079 94482.739 94727.825 19.562225819076918 19.61296977218241 19.6432529355716 9.781112909538459 9.806484886091205 9.8216264677858
 1019197904 1 103374.263 103528.375 103753.869 19.64645586373266 19.689247590334535 19.71860063466668 9.82322793186633 9.844623795167267 9.85930031733334
 
META_DATA
 FLOPS          8
 OPENMP_THREADS 2
 ERT_VERSION  1.1.0
 HOSTNAME  ('laptop', [], ['127.0.1.1'])
 UNAME  uname_result(system='Linux', node='laptop', release='6.8.0-84-generic', version='#84-Ubuntu SMP PREEMPT_DYNAMIC Fri Sep  5 22:36:38 UTC 2025', machine='x86_64')
 TIMESTAMP_DATA  1765914429.5761466
 CONFIG  {'ERT_MPI': ['False'], 'ERT_OPENMP': ['True'], 'ERT_OPENMP_CFLAGS': ['-fopenmp'], 'ERT_OPENMP_LDFLAGS': ['-fopenmp'], 'ERT_PRECISION': ['FP64'], 'ERT_TRIALS_MIN': ['1'], 'ERT_TRIALS': ['3', '#', 'Run', 'each', 'test', '3', 'times', 'to', 'filter', 'out', 'background', 'noise'], 'ERT_RESULTS': ['Results/8250U'], 'ERT_GNUPLOT': ['gnuplot'], 'ERT_DRIVER': ['driver1'], 'ERT_KERNEL': ['kernel1'], 'ERT_CC': ['g++'], 'ERT_LD': ['g++'], 'ERT_CFLAGS': ['-O3', '-march=native', '-fopenmp', '-fstrict-aliasing', '-funroll-loops', '-Wno-all'], 'ERT_LDFLAGS': ['-O3', '-march=native', '-fopenmp'], 'ERT_LDLIBS': ['-lm'], 'ERT_RUN': ['export', 'OMP_NUM_THREADS=ERT_OPENMP_THREADS;', './ERT_CODE'], 'ERT_WORKING_SET_MIN': ['128'], 'ERT_MEMORY_MAX': ['1073741824'], 'ERT_ALIGN': ['64'], 'ERT_MIN_PROCS': ['1'], 'ERT_MAX_PROCS': ['1'], 'ERT_OPENMP_THREADS': ['1,2,4,8', '#', 'Logical', 'Threads'], 'ERT_NUM_EXPERIMENTS': ['4'], 'ERT_FLOPS': ['1,2,4,8'], 'ERT_GPU': [False], 'ERT_HIP': [False], 'ERT_OCL': [False], 'ERT_SYCL': [False], 'ERT_WSS_MULT': [1.1]}
 TIMESTAMP_DATA  1765914453.6653552
 TIMESTAMP_DATA  1765914477.8119373
 TIMESTAMP_DATA  1765914501.8785791
 