fp64
 8192 131072 4944.784 5530.124 5542.295 387.47191334997507 388.32468277384015 434.29271086462023 96.86797833749377 97.08117069346004 108.57317771615506
 8960 65536 3041.183 3054.232 3055.593 384.3460565592342 384.5173254683993 386.16719875127546 96.08651413980856 96.12933136709982 96.54179968781887
 9856 65536 3336.802 3346.693 5950.994 217.08064770356015 386.00661369297984 387.15082045623325 54.27016192589004 96.50165342324496 96.78770511405831
 10816 65536 3676.073 3687.733 3718.353 381.26416507523624 384.4298792781364 385.6492381952154 95.31604126880906 96.1074698195341 96.41230954880385
 11840 65536 4021.543 4030.414 4033.934 384.70943748707833 385.0454270950825 385.8947871501063 96.17735937176958 96.26135677377063 96.47369678752658
 12992 65536 4417.884 4427.064 4436.553 383.8311914677904 384.6538979332578 385.4531771318577 95.9577978669476 96.16347448331445 96.36329428296442
 14272 65536 4858.594 4866.834 4872.974 383.884581366533 384.36889032993525 385.02076608994287 95.97114534163325 96.09222258248381 96.25519152248572
 15680 65536 5308.624 5321.094 5325.825 385.89494773110266 386.2380480404969 387.14532428742365 96.47373693277567 96.55951201012422 96.78633107185591
 17216 32768 2920.913 2933.083 2966.512 380.33480936534215 384.669569868974 386.2722977370432 95.08370234133554 96.1673924672435 96.5680744342608
 18880 32768 3194.452 3205.722 3220.562 384.1937152583928 385.9722334001513 387.33394021885437 96.0484288145982 96.49305835003783 96.83348505471359
 20736 32768 3490.263 3506.833 3526.933 385.30771523020144 387.5161708584355 389.3559012601629 96.32692880755036 96.87904271460887 97.33897531504073
 22784 32768 3834.373 3845.083 3863.283 386.5034541865041 388.33289788542925 389.41757205154533 96.62586354662602 97.08322447135731 97.35439301288633
 25024 32768 4240.383 4241.354 4259.623 385.0042278389426 386.6625761490316 386.75111752877046 96.25105695973565 96.6656440372579 96.68777938219262
 27520 32768 4651.143 4663.683 4665.874 386.54081100346906 386.7224080195845 387.76505474030796 96.63520275086726 96.68060200489613 96.94126368507699
 30272 32768 4253.004 5129.145 5131.454 386.6166961644789 386.7907403670592 466.471649685728 96.65417404111973 96.6976850917648 116.617912421432
 33280 16384 2800.472 2818.673 2834.822 384.6869538898738 386.8909376859253 389.4054430824518 96.17173847246845 96.72273442148132 97.35136077061296
 36608 16384 3095.842 3100.272 3107.063 386.07873223040536 386.9244195348021 387.47808964410973 96.51968305760134 96.73110488370052 96.86952241102743
 40256 16384 3403.403 3409.253 3414.463 386.3297414556842 386.9201282509688 387.58519282024497 96.58243536392105 96.7300320627422 96.89629820506124
 44224 16384 3729.273 3747.943 3782.503 383.11457571877673 386.64729746423575 388.5829844047352 95.77864392969418 96.66182436605894 97.1457461011838
 48640 16384 4097.564 4108.524 4121.724 386.6914718210147 387.93384680240393 388.9714767115291 96.67286795525368 96.98346170060098 97.24286917788227
 53504 16384 4502.544 4516.204 4525.513 387.4078081313654 388.20635028887096 389.38410640739994 96.85195203284135 97.05158757221774 97.34602660184999
 58816 16384 4961.514 4972.854 4978.264 387.13951047995846 387.56068205501305 388.44648790671556 96.78487761998962 96.89017051375326 97.11162197667889
 64640 16384 4364.343 5451.204 5454.474 388.32773242662813 388.56067760443386 485.3247143957293 97.08193310665703 97.14016940110847 121.33117859893233
 71104 8192 2998.262 3009.422 3024.642 385.1589497203306 387.1068716849947 388.54774399301994 96.28973743008265 96.77671792124868 97.13693599825498
 78208 8192 3301.272 3302.703 3318.203 386.1607840147212 387.9730850760725 388.1412594902813 96.5401960036803 96.99327126901812 97.03531487257032
 86016 8192 3621.723 3632.182 3650.583 386.04413158117484 387.99987005056465 389.12035625032615 96.51103289529371 96.99996751264116 97.28008906258154
 94592 8192 3991.583 4000.303 4002.663 387.1910595521032 387.41948497401324 388.26584039465047 96.7977648880258 96.85487124350331 97.06646009866262
 104000 8192 4076.033 4394.604 4403.653 386.93693622090564 387.7336843092119 418.03783237279976 96.73423405522641 96.93342107730298 104.50945809319994
 114368 8192 4102.894 4833.454 4837.504 387.34961500807026 387.6741791687683 456.7033201442689 96.83740375201756 96.91854479219208 114.17583003606723
 125760 8192 4284.233 5301.285 5317.854 387.4592721048753 388.67026390771287 480.9383243161611 96.86481802621883 97.16756597692822 120.23458107904027
 138304 4096 2914.992 2919.863 2938.152 385.61189754648507 388.0272355244065 388.6756354734421 96.40297438662127 97.00680888110162 97.16890886836053
 152128 4096 3207.113 3215.752 3225.643 386.3516749993722 387.5400142797081 388.5839307813601 96.58791874984306 96.88500356992702 97.14598269534002
 167296 4096 3533.173 3538.223 3548.832 386.18025085436557 387.33817286247927 387.8917992410788 96.54506271359139 96.83454321561982 96.9729498102697
 184000 4096 3889.403 3895.083 3921.813 384.3446895606701 386.98225429342585 387.54739480583527 96.08617239016752 96.74556357335646 96.88684870145882
 202368 4096 4268.873 4276.753 4286.454 386.7529328437912 387.6302082444322 388.3457427756694 96.6882332109478 96.90755206110805 97.08643569391735
 222592 4096 4688.364 4703.004 4705.244 387.54072349914264 387.72530578328235 388.9360262982994 96.88518087478566 96.93132644582059 97.23400657457485
 244800 4096 5158.354 5168.114 5173.495 387.62994841978195 388.03354569964984 388.767734823938 96.90748710494549 97.00838642491246 97.1919337059845
 269248 2048 2840.492 2856.203 2860.732 385.5096555706721 386.1209472856096 388.25661469914365 96.37741389266803 96.5302368214024 97.06415367478591
 296128 2048 3135.733 3135.883 3138.212 386.5068032370025 386.79385933722654 386.8123618943321 96.62670080925062 96.69846483430663 96.70309047358303
 325696 2048 3434.192 3453.053 3461.262 385.4232404250242 386.3395134682265 388.4613370481324 96.35581010625604 96.58487836705663 97.1153342620331
 358208 2048 3778.653 3790.003 3796.913 386.42443690440103 387.12897272112974 388.2917981619376 96.60610922610026 96.78224318028244 97.0729495404844
 393984 2048 4152.773 4165.683 4178.134 386.239039724432 387.39348721446163 388.59780296202075 96.559759931108 96.84837180361541 97.14945074050519
 433344 2048 4580.593 4588.194 4594.184 386.35305508007514 386.8574484862671 387.49939669383417 96.58826377001878 96.71436212156678 96.87484917345854
 476672 2048 5019.954 5040.594 5062.634 385.65863382579107 387.34492641145073 388.9375305032675 96.41465845644777 96.83623160286268 97.23438262581688
 524288 2048 5526.344 5537.835 5548.134 387.0641278671352 387.7839711728501 388.5902955009678 96.7660319667838 96.94599279321253 97.14757387524195
 576704 1024 3046.293 3060.422 3066.152 385.2026227010272 385.9238340333457 387.7137859030632 96.3006556752568 96.48095850833643 96.9284464757658
 634368 1024 3343.552 3346.753 3366.433 385.9235172659013 388.1928735105339 388.56451582030127 96.48087931647532 97.04821837763348 97.14112895507532
 697792 1024 3674.943 3686.923 3702.833 385.94179537667515 387.60723128744485 388.87079772393747 96.48544884416879 96.90180782186121 97.21769943098437
 767552 1024 4043.054 4057.373 4077.334 385.53292322875683 387.4296240449177 388.8017562961069 96.38323080718921 96.85740601122943 97.20043907402672
 844288 1024 4455.564 4462.914 4474.824 386.40666627335514 387.4378542808577 388.07698060223123 96.60166656833879 96.85946357021443 97.01924515055781
 928704 1024 4152.813 4912.184 4918.034 386.7370156448695 387.19758706107103 457.9993830687777 96.68425391121737 96.79939676526776 114.49984576719443
 1021568 1024 5389.094 5400.235 5424.934 385.6583810973553 387.4222629200396 388.22319002043764 96.41459527433882 96.8555657300099 97.05579750510941
 1123712 512 2960.903 2970.282 2990.743 384.7475654043159 387.3979265268415 388.6250539109184 96.18689135107897 96.84948163171038 97.1562634777296
 1236032 512 3256.223 3276.812 3283.222 385.5044733496547 386.2585854788129 388.70088688643256 96.37611833741367 96.56464636970323 97.17522172160814
 1359616 512 3583.733 3595.533 3619.353 384.6673104281345 387.21568791052675 388.4906559724176 96.16682760703362 96.80392197763169 97.1226639931044
 1495552 512 3882.713 3951.403 3969.593 385.7940217044922 387.569996783421 394.4265898612645 96.44850542612305 96.89249919585525 98.60664746531613
 1645056 512 4336.464 4361.333 4368.434 385.61583945184935 386.24368834023915 388.4587405775766 96.40395986296234 96.56092208505979 97.11468514439414
 1809536 512 4777.534 4783.174 4787.994 387.00233626023766 387.39231815526676 387.8496446074481 96.75058406505941 96.84807953881669 96.96241115186203
 1990464 512 4348.703 5264.844 5280.365 386.00269791955674 387.14065146089797 468.6995492679081 96.50067447988918 96.78516286522449 117.17488731697702
 2189504 256 2899.012 2907.292 2914.272 384.667610984836 385.59114392362375 386.69244832377376 96.166902746209 96.39778598090594 96.67311208094344
 2408448 256 2816.132 3198.082 3204.483 384.81258162393124 385.58278868396746 437.8791107803185 96.20314540598281 96.39569717099187 109.46977769507963
 2649280 256 3499.163 3510.063 3525.733 384.723222093108 386.4407447957487 387.6445195608207 96.180805523277 96.61018619893717 96.91112989020517
 2914176 256 3859.803 3873.743 3877.844 384.7648621244176 385.17219960126425 386.56328107937117 96.1912155311044 96.29304990031606 96.64082026984279
 3205568 256 4243.323 4253.644 4270.033 384.36490209794624 385.8458338309459 386.7843235124924 96.09122552448656 96.46145845773647 96.6960808781231
 3526080 256 4665.764 4679.293 4685.814 385.2805425055284 385.81746430497094 386.9361930864913 96.3201356263821 96.45436607624274 96.73404827162283
 3878656 256 5145.624 5153.254 5170.834 384.05252847026225 385.3626993740266 385.9341203321502 96.01313211756556 96.34067484350665 96.48353008303755
 4266496 128 2838.392 2840.392 2850.583 383.15775264217876 384.5324786156277 384.8034295474339 95.78943816054469 96.13311965390693 96.20085738685847
 4693120 128 3120.203 3130.213 3142.313 382.3421536937918 383.82011703356926 385.05145979284043 95.58553842344794 95.95502925839232 96.26286494821011
 5162432 128 3428.792 3439.843 3451.333 382.91946676834715 384.19852068829886 385.4367928996568 95.72986669208679 96.04963017207471 96.3591982249142
 5678656 128 3776.403 3786.033 3791.323 383.4376379960241 383.9733927305969 384.95254240609387 95.85940949900602 95.99334818264923 96.23813560152347
 6246464 128 4157.463 4167.374 4171.913 383.3001273037094 383.717608258822 384.63235487603856 95.82503182592735 95.9294020647055 96.15808871900964
 6871104 128 4569.354 4573.854 4591.904 383.0660710676878 384.577781450829 384.9565220816772 95.76651776692195 96.14444536270724 96.2391305204193
 7558208 128 5024.494 5035.605 5041.664 383.78226871128265 384.2440477360715 385.0937523261049 95.94556717782066 96.06101193401787 96.27343808152622
 8313984 128 5525.864 5529.205 5538.455 384.2912696771933 384.9341639530457 385.16689951109913 96.07281741929833 96.23354098826142 96.29172487777478
 9145344 64 3052.112 3055.702 3076.683 380.475997039669 383.08841372620753 383.53901560624246 95.11899925991725 95.77210343155188 95.88475390156061
 10059840 64 3360.753 3366.152 3370.623 382.0241895934372 382.5316028509705 383.1461342145644 95.5060473983593 95.63290071274263 95.7865335536411
 11065792 64 3695.773 3703.593 3722.803 380.4717509897784 382.4452028071119 383.2544303992696 95.1179377474446 95.61130070177798 95.8136075998174
 12172352 64 4068.683 4072.164 4077.203 382.1396815414882 382.6125509679865 382.93989873381634 95.53492038537205 95.65313774199663 95.73497468345408
 13389568 64 4485.694 4492.074 4518.093 379.33364895321984 381.5308260727673 382.0734771475718 94.83341223830496 95.38270651819182 95.51836928689295
 14728512 64 4966.814 4984.354 5136.204 367.0511404920832 378.23347539119413 379.56918378662857 91.7627851230208 94.55836884779853 94.89229594665714
 16201344 64 5558.804 5654.975 6067.675 341.7737489235992 366.71639255699625 373.06082963169774 85.4434372308998 91.67909813924906 93.26520740792444
 17821440 32 3492.022 3619.622 3984.324 286.26491219087603 315.1080858719502 326.62227213917896 71.56622804771901 78.77702146798755 81.65556803479474
 19603584 32 4519.524 4628.404 4686.204 267.7282883971761 271.0717076555979 277.6021050004381 66.93207209929402 67.76792691389947 69.40052625010952
 21563904 32 6450.295 6600.975 6770.126 203.84995138938328 209.07363775805845 213.95763387565992 50.96248784734582 52.26840943951461 53.48940846891498
 23720256 32 8834.988 9465.658 11225.879 135.23184990680906 160.37938239475795 171.8277810903648 33.807962476702265 40.09484559868949 42.9569452725912
 26092224 32 17055.694 18083.335 19801.496 84.33213005724417 92.34482112950958 97.90878846677245 21.083032514311043 23.086205282377396 24.477197116693112
 28701440 32 20933.837 24689.0 25588.751 71.7851434014892 74.40123779820973 87.74751422780258 17.9462858503723 18.600309449552434 21.936878556950646
 31571584 32 28347.993 28875.263 29308.223 68.94247310729142 69.97620683143215 71.27775768817214 17.235618276822855 17.494051707858038 17.819439422043036
 34728704 16 17367.944 17520.434 18029.524 61.638816865048675 63.42985156646233 63.9867636606843 15.409704216262169 15.857462891615583 15.996690915171076
 38201536 16 19630.766 19715.826 19959.066 61.247813499890235 62.003445962649494 62.27210654948462 15.311953374972559 15.500861490662373 15.568026637371155
 42021632 16 22029.338 22055.698 22317.618 60.252497555966784 60.96801942065039 61.040972906221704 15.063124388991696 15.242004855162598 15.260243226555426
 46223744 16 24398.87 24486.29 24616.1 60.08912085992501 60.4076733551714 60.62411119859239 15.022280214981253 15.10191833879285 15.156027799648097
 50846080 16 26912.102 27038.191 27067.991 60.110650989946016 60.17690162777532 60.45884338577492 15.027662747486504 15.04422540694383 15.11471084644373
 55930688 16 29753.244 29758.264 29789.534 60.08090009061572 60.14403313311556 60.154180700430516 15.02022502265393 15.03600828327889 15.038545175107629
 61523712 16 32564.446 32800.916 32822.847 59.9813533542657 60.02145744954196 60.457309299841924 14.995338338566425 15.00536436238549 15.114327324960481
 67676032 8 19954.196 20052.137 20072.576 53.945069730960284 54.00005555517599 54.2651035401276 13.486267432740071 13.500013888793998 13.5662758850319
 74443584 8 21979.258 22022.007 22564.068 52.78734951516721 54.086684469766986 54.19188145477886 13.196837378791802 13.521671117441747 13.547970363694715
 81887936 8 24208.119 24224.71 24586.22 53.29029741050067 54.08555875385092 54.12262621478356 13.322574352625168 13.52138968846273 13.53065655369589
 90076672 8 26595.482 26673.802 27148.532 53.086728667318 54.03154570915687 54.190661105521606 13.2716821668295 13.507886427289218 13.547665276380402
 99084288 8 29272.824 29320.644 29455.453 53.8219055059177 54.06936518856817 54.15769274600907 13.455476376479425 13.517341297142043 13.539423186502267
 108992704 8 32210.526 32233.056 32353.986 53.900105662405856 54.10232476870948 54.1401672235964 13.475026415601464 13.52558119217737 13.5350418058991
 119891968 8 35408.859 35438.309 35494.359 54.0444042953417 54.12988210018712 54.17490261406052 13.511101073835425 13.53247052504678 13.54372565351513
 131881152 8 38900.122 38991.391 39019.381 54.07821390093298 54.117033988348865 54.24400550723208 13.519553475233245 13.529258497087216 13.56100137680802
 145069248 4 25695.691 25777.991 26047.071 44.55602643383588 45.021118364111466 45.165315227366335 11.13900660845897 11.255279591027866 11.291328806841584
 159576128 4 28247.743 28313.553 29192.904 43.73011414006637 45.08826652734117 45.193310630162564 10.932528535016592 11.272066631835292 11.298327657540641
 175533696 4 31048.325 31147.555 31157.185 45.0704891343682 45.08442373727247 45.228512906895936 11.26762228359205 11.271105934318118 11.307128226723984
 193087040 4 34110.367 34208.097 34240.697 45.112876060904945 45.15586821447565 45.28524480548685 11.278219015226236 11.288967053618913 11.321311201371712
 212395712 4 37571.781 37608.29 37708.63 45.06039323093944 45.180615656813956 45.224518262788756 11.26509830773486 11.295153914203489 11.306129565697189
 233635264 4 41284.153 41388.164 41402.083 45.14463951004591 45.159821827322425 45.273597159665606 11.286159877511478 11.289955456830606 11.318399289916401
 256998784 4 45498.457 45509.107 45565.447 45.121696534657055 45.17755692283743 45.18813180851386 11.280424133664264 11.294389230709358 11.297032952128465
 282698624 2 33310.387 33342.807 33378.087 33.87834946921913 33.914196126318934 33.947203795620865 8.469587367304783 8.478549031579734 8.486800948905216
 310968448 2 36651.0 36723.7 38144.291 32.60969752983481 33.871145663427164 33.938331614417066 8.152424382458703 8.467786415856791 8.484582903604267
 342065280 2 40269.162 40325.173 40750.343 33.57667737913274 33.930694358087436 33.97788908544956 8.394169344783185 8.482673589521859 8.49447227136239
 376271808 2 44278.676 44383.276 44529.816 33.79953853840312 33.911134274991326 33.99124291792283 8.44988463460078 8.477783568747832 8.497810729480708
 413898944 2 48731.589 48759.83 48817.609 33.913905451616856 33.95409245684408 33.97376958095908 8.478476362904214 8.48852311421102 8.49344239523977
 455288832 2 53595.623 53676.183 54264.454 33.56074177029405 33.92855501666354 33.97955329299931 8.390185442573513 8.482138754165884 8.494888323249828
 500817664 2 58941.067 59019.827 59691.159 33.56059238186346 33.9423335822384 33.9876890250392 8.390148095465864 8.4855833955596 8.4969222562598
 550899392 1 32423.286 32430.216 32516.586 33.88420863125053 33.97445098731381 33.98171252599135 8.471052157812633 8.493612746828452 8.495428131497837
 605989312 1 35683.469 35749.649 36065.479 33.60495015191674 33.90183282638663 33.9647085321217 8.401237537979185 8.475458206596658 8.491177133030424
 666588224 1 39255.671 39280.472 39861.832 33.44493670035035 33.939929438729756 33.9613720524609 8.361234175087587 8.484982359682439 8.490343013115226
 733247040 1 43117.125 43167.404 43507.545 33.706661223932535 33.97225554726432 34.01187068943024 8.426665305983134 8.49306388681608 8.50296767235756
 806571712 1 47438.198 47468.498 47518.799 33.94747884937075 33.98345201484993 34.005158121731355 8.486869712342688 8.495863003712483 8.501289530432839
 887228864 1 52208.412 52260.532 52572.733 33.75243451771853 33.954069353905545 33.98796592395877 8.438108629429632 8.488517338476386 8.496991480989692
 975951744 1 57387.916 57454.466 57812.997 33.76236468073087 33.97305072855433 34.0124476379313 8.440591170182717 8.493262682138582 8.503111909482826
 1073546880 1 63165.631 63198.991 64230.052 33.42818031659074 33.97354492574099 33.99148755436323 8.357045079147685 8.493386231435247 8.497871888590808
 
META_DATA
 FLOPS          4
 OPENMP_THREADS 8
 ERT_VERSION  1.1.0
 HOSTNAME  ('pve.fritz.box', ['pve'], ['192.168.188.21'])
 UNAME  uname_result(system='Linux', node='pve', release='6.14.8-2-pve', version='#1 SMP PREEMPT_DYNAMIC PMX 6.14.8-2 (2025-07-22T10:04Z)', machine='x86_64')
 TIMESTAMP_DATA  1765907113.0271647
 CONFIG  {'ERT_MPI': ['False'], 'ERT_OPENMP': ['True'], 'ERT_OPENMP_CFLAGS': ['-fopenmp'], 'ERT_OPENMP_LDFLAGS': ['-fopenmp'], 'ERT_PRECISION': ['FP64'], 'ERT_TRIALS_MIN': ['1'], 'ERT_TRIALS': ['3', '#', 'Run', 'each', 'test', '3', 'times', 'to', 'filter', 'out', 'background', 'noise'], 'ERT_RESULTS': ['Results/1600X'], 'ERT_GNUPLOT': ['gnuplot'], 'ERT_DRIVER': ['driver1'], 'ERT_KERNEL': ['kernel1'], 'ERT_CC': ['g++'], 'ERT_LD': ['g++'], 'ERT_CFLAGS': ['-O3', '-march=native', '-fopenmp', '-fstrict-aliasing', '-funroll-loops', '-Wno-all'], 'ERT_LDFLAGS': ['-O3', '-march=native', '-fopenmp'], 'ERT_LDLIBS': ['-lm'], 'ERT_RUN': ['export', 'OMP_NUM_THREADS=ERT_OPENMP_THREADS;', './ERT_CODE'], 'ERT_WORKING_SET_MIN': ['128'], 'ERT_MEMORY_MAX': ['1073741824'], 'ERT_ALIGN': ['64'], 'ERT_MIN_PROCS': ['1'], 'ERT_MAX_PROCS': ['1'], 'ERT_OPENMP_THREADS': ['1,2,4,8,12', '#', 'Logical', 'Threads'], 'ERT_NUM_EXPERIMENTS': ['5'], 'ERT_FLOPS': ['1,2,4,8'], 'ERT_GPU': [False], 'ERT_HIP': [False], 'ERT_OCL': [False], 'ERT_SYCL': [False], 'ERT_WSS_MULT': [1.1]}
 TIMESTAMP_DATA  1765907124.1889527
 TIMESTAMP_DATA  1765907135.3389654
 TIMESTAMP_DATA  1765907146.4841144
 TIMESTAMP_DATA  1765907157.6267326
 