fp64
        8192            1           5.030        16384         4096
        8192            2           0.910        32768         8192
        8192            4           0.700        65536        16384
        8192            8           0.910       131072        32768
        8192           16           1.150       262144        65536
        8192           32           1.860       524288       131072
        8192           64           3.040      1048576       262144
        8192          128           5.820      2097152       524288
        8192          256          11.140      4194304      1048576
        8192          512          21.930      8388608      2097152
        8192         1024          43.450     16777216      4194304
        8192         2048          86.390     33554432      8388608
        8192         4096         172.510     67108864     16777216
        8192         8192         355.801    134217728     33554432
        8192        16384         691.130    268435456     67108864
        8192        32768        1407.051    536870912    134217728
        8192        65536        2719.053   1073741824    268435456
        8192       131072        5530.124   2147483648    536870912
        8960            1           2.350        17920         4480
        8960            2           0.510        35840         8960
        8960            4           0.620        71680        17920
        8960            8           0.820       143360        35840
        8960           16           1.290       286720        71680
        8960           32           1.890       573440       143360
        8960           64           3.390      1146880       286720
        8960          128           6.360      2293760       573440
        8960          256          12.220      4587520      1146880
        8960          512          24.000      9175040      2293760
        8960         1024          47.680     18350080      4587520
        8960         2048         113.870     36700160      9175040
        8960         4096         189.160     73400320     18350080
        8960         8192         377.921    146800640     36700160
        8960        16384         771.930    293601280     73400320
        8960        32768        1535.502    587202560    146800640
        8960        65536        3055.572   1174405120    293601280
        9856            1           6.760        19712         4928
        9856            2           0.630        39424         9856
        9856            4           0.740        78848        19712
        9856            8           1.020       157696        39424
        9856           16           1.230       315392        78848
        9856           32           2.080       630784       157696
        9856           64           3.520      1261568       315392
        9856          128           6.980      2523136       630784
        9856          256          13.660      5046272      1261568
        9856          512          26.380     10092544      2523136
        9856         1024          52.480     20185088      5046272
        9856         2048         104.020     40370176     10092544
        9856         4096         207.771     80740352     20185088
        9856         8192         423.440    161480704     40370176
        9856        16384         834.641    322961408     80740352
        9856        32768        1681.821    645922816    161480704
        9856        65536        3346.693   1291845632    322961408
       10816            1          12.730        21632         5408
       10816            2           0.670        43264        10816
       10816            4           0.800        86528        21632
       10816            8           0.870       173056        43264
       10816           16           1.470       346112        86528
       10816           32           2.280       692224       173056
       10816           64           3.980      1384448       346112
       10816          128           7.660      2768896       692224
       10816          256          14.770      5537792      1384448
       10816          512          29.040     11075584      2768896
       10816         1024          57.730     22151168      5537792
       10816         2048         114.990     44302336     11075584
       10816         4096         229.300     88604672     22151168
       10816         8192         469.481    177209344     44302336
       10816        16384         920.240    354418688     88604672
       10816        32768        1868.332    708837376    177209344
       10816        65536        3687.733   1417674752    354418688
       11840            1           1.240        23680         5920
       11840            2           0.580        47360        11840
       11840            4           0.650        94720        23680
       11840            8           0.930       189440        47360
       11840           16           1.360       378880        94720
       11840           32           2.370       757760       189440
       11840           64           4.360      1515520       378880
       11840          128           8.270      3031040       757760
       11840          256          16.070      6062080      1515520
       11840          512          31.730     12124160      3031040
       11840         1024          63.000     24248320      6062080
       11840         2048         125.550     48496640     12124160
       11840         4096         250.810     96993280     24248320
       11840         8192         505.321    193986560     48496640
       11840        16384        1019.411    387973120     96993280
       11840        32768        2022.631    775946240    193986560
       11840        65536        4033.324   1551892480    387973120
       12992            1           0.960        25984         6496
       12992            2           0.710        51968        12992
       12992            4           0.670       103936        25984
       12992            8           1.050       207872        51968
       12992           16           1.550       415744       103936
       12992           32           2.550       831488       207872
       12992           64           5.040      1662976       415744
       12992          128           8.970      3325952       831488
       12992          256          17.420      6651904      1662976
       12992          512          34.730     13303808      3325952
       12992         1024          69.060     26607616      6651904
       12992         2048         137.710     53215232     13303808
       12992         4096         274.780    106430464     26607616
       12992         8192         571.671    212860928     53215232
       12992        16384        1112.070    425721856    106430464
       12992        32768        2218.492    851443712    212860928
       12992        65536        4427.064   1702887424    425721856
       14272            1           0.950        28544         7136
       14272            2           0.590        57088        14272
       14272            4           0.860       114176        28544
       14272            8           1.130       228352        57088
       14272           16           1.710       456704       114176
       14272           32           2.900       913408       228352
       14272           64           5.200      1826816       456704
       14272          128           9.940      3653632       913408
       14272          256          19.340      7307264      1826816
       14272          512          38.340     14614528      3653632
       14272         1024          76.090     29229056      7307264
       14272         2048         151.470     58458112     14614528
       14272         4096         312.170    116916224     29229056
       14272         8192         604.841    233832448     58458112
       14272        16384        1214.701    467664896    116916224
       14272        32768        2433.782    935329792    233832448
       14272        65536        4858.634   1870659584    467664896
       15680            1          19.760        31360         7840
       15680            2           0.690        62720        15680
       15680            4           0.820       125440        31360
       15680            8           1.170       250880        62720
       15680           16           1.780       501760       125440
       15680           32           3.030      1003520       250880
       15680           64           5.660      2007040       501760
       15680          128          10.810      4014080      1003520
       15680          256          21.140      8028160      2007040
       15680          512          41.720     16056320      4014080
       15680         1024          83.070     32112640      8028160
       15680         2048         165.670     64225280     16056320
       15680         4096         341.500    128450560     32112640
       15680         8192         665.361    256901120     64225280
       15680        16384        1333.841    513802240    128450560
       15680        32768        2670.062   1027604480    256901120
       15680        65536        5321.094   2055208960    513802240
       17216            1           1.860        34432         8608
       17216            2           0.650        68864        17216
       17216            4           0.820       137728        34432
       17216            8           1.200       275456        68864
       17216           16           1.780       550912       137728
       17216           32           3.210      1101824       275456
       17216           64           6.080      2203648       550912
       17216          128          12.080      4407296      1101824
       17216          256          23.080      8814592      2203648
       17216          512          45.690     17629184      4407296
       17216         1024          91.560     35258368      8814592
       17216         2048         182.020     70516736     17629184
       17216         4096         374.760    141033472     35258368
       17216         8192         741.651    282066944     70516736
       17216        16384        2022.462    564133888    141033472
       17216        32768        2934.842   1128267776    282066944
       18880            1           1.110        37760         9440
       18880            2           0.610        75520        18880
       18880            4           0.820       151040        37760
       18880            8           1.260       302080        75520
       18880           16           2.240       604160       151040
       18880           32           3.690      1208320       302080
       18880           64           8.610      2416640       604160
       18880          128          12.850      4833280      1208320
       18880          256          25.300      9666560      2416640
       18880          512          50.160     19333120      4833280
       18880         1024         100.340     38666240      9666560
       18880         2048         199.440     77332480     19333120
       18880         4096         398.631    154664960     38666240
       18880         8192         812.840    309329920     77332480
       18880        16384        1612.122    618659840    154664960
       18880        32768        3205.722   1237319680    309329920
       20736            1           4.940        41472        10368
       20736            2           0.770        82944        20736
       20736            4           0.930       165888        41472
       20736            8           1.460       331776        82944
       20736           16           2.180       663552       165888
       20736           32           4.050      1327104       331776
       20736           64           7.300      2654208       663552
       20736          128          14.090      5308416      1327104
       20736          256          27.700     10616832      2654208
       20736          512          55.200     21233664      5308416
       20736         1024         121.020     42467328     10616832
       20736         2048         217.640     84934656     21233664
       20736         4096         435.030    169869312     42467328
       20736         8192         875.961    339738624     84934656
       20736        16384        1752.691    679477248    169869312
       20736        32768        3494.063   1358954496    339738624
       22784            1          22.080        45568        11392
       22784            2           0.690        91136        22784
       22784            4           0.980       182272        45568
       22784            8           1.380       364544        91136
       22784           16           2.360       729088       182272
       22784           32           4.440      1458176       364544
       22784           64           7.990      2916352       729088
       22784          128          15.470      5832704      1458176
       22784          256          30.340     11665408      2916352
       22784          512          60.210     23330816      5832704
       22784         1024         119.970     46661632     11665408
       22784         2048         239.570     93323264     23330816
       22784         4096         488.751    186646528     46661632
       22784         8192         961.080    373293056     93323264
       22784        16384        1921.641    746586112    186646528
       22784        32768        3837.373   1493172224    373293056
       25024            1          17.540        50048        12512
       25024            2           0.790       100096        25024
       25024            4           1.060       200192        50048
       25024            8           1.700       400384       100096
       25024           16           2.620       800768       200192
       25024           32           4.640      1601536       400384
       25024           64           8.710      3203072       800768
       25024          128          16.920      6406144      1601536
       25024          256          33.510     12812288      3203072
       25024          512          66.300     25624576      6406144
       25024         1024         132.531     51249152     12812288
       25024         2048         263.760    102498304     25624576
       25024         4096         536.460    204996608     51249152
       25024         8192        1057.701    409993216    102498304
       25024        16384        2117.342    819986432    204996608
       25024        32768        4259.623   1639972864    409993216
       27520            1          21.140        55040        13760
       27520            2           0.860       110080        27520
       27520            4           1.210       220160        55040
       27520            8           1.700       440320       110080
       27520           16           2.730       880640       220160
       27520           32           5.030      1761280       440320
       27520           64           9.750      3522560       880640
       27520          128          18.570      7045120      1761280
       27520          256          36.700     14090240      3522560
       27520          512          84.300     28180480      7045120
       27520         1024         145.151     56360960     14090240
       27520         2048         289.460    112721920     28180480
       27520         4096         583.470    225443840     56360960
       27520         8192        1164.181    450887680    112721920
       27520        16384        2321.712    901775360    225443840
       27520        32768        4665.874   1803550720    450887680
       30272            1          11.400        60544        15136
       30272            2           0.830       121088        30272
       30272            4           1.120       242176        60544
       30272            8           1.740       484352       121088
       30272           16           3.010       968704       242176
       30272           32           6.110      1937408       484352
       30272           64          10.500      3874816       968704
       30272          128          20.390      7749632      1937408
       30272          256          40.330     15499264      3874816
       30272          512          80.100     30998528      7749632
       30272         1024         159.960     61997056     15499264
       30272         2048         329.980    123994112     30998528
       30272         4096         641.501    247988224     61997056
       30272         8192        1285.451    495976448    123994112
       30272        16384        2558.752    991952896    247988224
       30272        32768        4253.004   1983905792    495976448
       33280            1          12.730        66560        16640
       33280            2           1.210       133120        33280
       33280            4           1.410       266240        66560
       33280            8           2.330       532480       133120
       33280           16           3.340      1064960       266240
       33280           32           6.070      2129920       532480
       33280           64          11.480      4259840      1064960
       33280          128          22.360      8519680      2129920
       33280          256          44.200     17039360      4259840
       33280          512          87.720     34078720      8519680
       33280         1024         175.110     68157440     17039360
       33280         2048         349.780    136314880     34078720
       33280         4096         711.971    272629760     68157440
       33280         8192        1420.331    545259520    136314880
       33280        16384        2800.472   1090519040    272629760
       36608            1          34.080        73216        18304
       36608            2           0.740       146432        36608
       36608            4           1.240       292864        73216
       36608            8           1.960       585728       146432
       36608           16           3.480      1171456       292864
       36608           32           6.390      2342912       585728
       36608           64          12.400      4685824      1171456
       36608          128          24.540      9371648      2342912
       36608          256          48.560     18743296      4685824
       36608          512          96.570     37486592      9371648
       36608         1024         192.791     74973184     18743296
       36608         2048         384.870    149946368     37486592
       36608         4096         788.781    299892736     74973184
       36608         8192        1558.951    599785472    149946368
       36608        16384        3100.272   1199570944    299892736
       40256            1           4.340        80512        20128
       40256            2           1.070       161024        40256
       40256            4           1.400       322048        80512
       40256            8           2.040       644096       161024
       40256           16           3.830      1288192       322048
       40256           32           7.340      2576384       644096
       40256           64          13.740      5152768      1288192
       40256          128          26.900     10305536      2576384
       40256          256          53.580     20611072      5152768
       40256          512         106.280     41222144     10305536
       40256         1024         212.061     82444288     20611072
       40256         2048         434.760    164888576     41222144
       40256         4096         851.261    329777152     82444288
       40256         8192        1697.831    659554304    164888576
       40256        16384        3414.463   1319108608    329777152
       44224            1          20.180        88448        22112
       44224            2           1.250       176896        44224
       44224            4           1.570       353792        88448
       44224            8           2.770       707584       176896
       44224           16           4.180      1415168       353792
       44224           32           7.840      2830336       707584
       44224           64          15.050      5660672      1415168
       44224          128          29.490     11321344      2830336
       44224          256          58.510     22642688      5660672
       44224          512         116.900     45285376     11321344
       44224         1024         232.990     90570752     22642688
       44224         2048         475.981    181141504     45285376
       44224         4096         933.900    362283008     90570752
       44224         8192        1894.302    724566016    181141504
       44224        16384        3782.503   1449132032    362283008
       48640            1          12.640        97280        24320
       48640            2           1.030       194560        48640
       48640            4           1.560       389120        97280
       48640            8           2.900       778240       194560
       48640           16           4.480      1556480       389120
       48640           32           8.440      3112960       778240
       48640           64          16.430      6225920      1556480
       48640          128          32.460     12451840      3112960
       48640          256          64.200     24903680      6225920
       48640          512         128.200     49807360     12451840
       48640         1024         255.750     99614720     24903680
       48640         2048         519.731    199229440     49807360
       48640         4096        1026.361    398458880     99614720
       48640         8192        2050.681    796917760    199229440
       48640        16384        4121.724   1593835520    398458880
       53504            1          18.950       107008        26752
       53504            2           1.030       214016        53504
       53504            4           1.620       428032       107008
       53504            8           3.300       856064       214016
       53504           16           4.870      1712128       428032
       53504           32           9.380      3424256       856064
       53504           64          18.020      6848512      1712128
       53504          128          35.530     13697024      3424256
       53504          256          70.720     27394048      6848512
       53504          512         150.950     54788096     13697024
       53504         1024         281.000    109576192     27394048
       53504         2048         561.651    219152384     54788096
       53504         4096        1132.401    438304768    109576192
       53504         8192        2253.471    876609536    219152384
       53504        16384        4502.544   1753219072    438304768
       58816            1          19.930       117632        29408
       58816            2           1.150       235264        58816
       58816            4           1.670       470528       117632
       58816            8           2.950       941056       235264
       58816           16           5.290      1882112       470528
       58816           32          10.210      3764224       941056
       58816           64          19.850      7528448      1882112
       58816          128          39.230     15056896      3764224
       58816          256          77.880     30113792      7528448
       58816          512         155.030     60227584     15056896
       58816         1024         309.161    120455168     30113792
       58816         2048         627.800    240910336     60227584
       58816         4096        1241.111    481820672    120455168
       58816         8192        2484.272    963641344    240910336
       58816        16384        4961.514   1927282688    481820672
       64640            1          19.820       129280        32320
       64640            2           1.200       258560        64640
       64640            4           1.870       517120       129280
       64640            8           3.260      1034240       258560
       64640           16           5.900      2068480       517120
       64640           32          11.170      4136960      1034240
       64640           64          21.680      8273920      2068480
       64640          128          43.000     16547840      4136960
       64640          256          85.321     33095680      8273920
       64640          512         169.980     66191360     16547840
       64640         1024         349.450    132382720     33095680
       64640         2048         678.140    264765440     66191360
       64640         4096        1364.402    529530880    132382720
       64640         8192        2721.102   1059061760    264765440
       64640        16384        4364.343   2118123520    529530880
       71104            1           2.710       142208        35552
       71104            2           1.260       284416        71104
       71104            4           2.040       568832       142208
       71104            8           3.430      1137664       284416
       71104           16           6.390      2275328       568832
       71104           32          12.280      4550656      1137664
       71104           64          23.940      9101312      2275328
       71104          128          47.240     18202624      4550656
       71104          256          93.761     36405248      9101312
       71104          512         187.110     72810496     18202624
       71104         1024         384.260    145620992     36405248
       71104         2048         754.251    291241984     72810496
       71104         4096        1513.231    582483968    145620992
       71104         8192        3008.572   1164967936    291241984
       78208            1           2.040       156416        39104
       78208            2           1.440       312832        78208
       78208            4           2.220       625664       156416
       78208            8           3.760      1251328       312832
       78208           16           6.920      2502656       625664
       78208           32          13.360      5005312      1251328
       78208           64          26.180     10010624      2502656
       78208          128          51.781     20021248      5005312
       78208          256         103.060     40042496     10010624
       78208          512         214.860     80084992     20021248
       78208         1024         410.640    160169984     40042496
       78208         2048         833.731    320339968     80084992
       78208         4096        1668.981    640679936    160169984
       78208         8192        3302.393   1281359872    320339968
       86016            1           3.140       172032        43008
       86016            2           1.280       344064        86016
       86016            4           2.330       688128       172032
       86016            8           4.130      1376256       344064
       86016           16           7.620      2752512       688128
       86016           32          14.620      5505024      1376256
       86016           64          28.740     11010048      2752512
       86016          128          56.940     22020096      5505024
       86016          256         113.310     44040192     11010048
       86016          512         236.740     88080384     22020096
       86016         1024         451.601    176160768     44040192
       86016         2048         915.660    352321536     88080384
       86016         4096        1821.372    704643072    176160768
       86016         8192        3629.283   1409286144    352321536
       94592            1           3.250       189184        47296
       94592            2           1.620       378368        94592
       94592            4           2.590       756736       189184
       94592            8           4.460      1513472       378368
       94592           16           8.330      3026944       756736
       94592           32          16.100      6053888      1513472
       94592           64          31.570     12107776      3026944
       94592          128          62.600     24215552      6053888
       94592          256         124.370     48431104     12107776
       94592          512         248.410     96862208     24215552
       94592         1024         507.551    193724416     48431104
       94592         2048        1008.661    387448832     96862208
       94592         4096        2003.221    774897664    193724416
       94592         8192        4000.303   1549795328    387448832
      104000            1           3.290       208000        52000
      104000            2           1.740       416000       104000
      104000            4           3.170       832000       208000
      104000            8           4.850      1664000       416000
      104000           16           9.210      3328000       832000
      104000           32          17.590      6656000      1664000
      104000           64          34.680     13312000      3328000
      104000          128          68.870     26624000      6656000
      104000          256         137.000     53248000     13312000
      104000          512         283.920    106496000     26624000
      104000         1024         554.800    212992000     53248000
      104000         2048        1105.731    425984000    106496000
      104000         4096        2204.262    851968000    212992000
      104000         8192        4394.604   1703936000    425984000
      114368            1           2.500       228736        57184
      114368            2           1.970       457472       114368
      114368            4           3.450       914944       228736
      114368            8           5.390      1829888       457472
      114368           16          10.040      3659776       914944
      114368           32          19.390      7319552      1829888
      114368           64          38.160     14639104      3659776
      114368          128          75.620     29278208      7319552
      114368          256         150.630     58556416     14639104
      114368          512         310.100    117112832     29278208
      114368         1024         612.951    234225664     58556416
      114368         2048        1234.621    468451328    117112832
      114368         4096        2428.592    936902656    234225664
      114368         8192        4833.454   1873805312    468451328
      125760            1           4.160       251520        62880
      125760            2           2.080       503040       125760
      125760            4           3.230      1006080       251520
      125760            8           5.790      2012160       503040
      125760           16          10.980      4024320      1006080
      125760           32          21.270      8048640      2012160
      125760           64          41.960     16097280      4024320
      125760          128          83.160     32194560      8048640
      125760          256         165.650     64389120     16097280
      125760          512         341.890    128778240     32194560
      125760         1024         672.351    257556480     64389120
      125760         2048        1339.871    515112960    128778240
      125760         4096        2664.752   1030225920    257556480
      125760         8192        4284.233   2060451840    515112960
      138304            1          29.941       276608        69152
      138304            2           2.100       553216       138304
      138304            4           3.690      1106432       276608
      138304            8           6.510      2212864       553216
      138304           16          12.210      4425728      1106432
      138304           32          23.430      8851456      2212864
      138304           64          45.960     17702912      4425728
      138304          128          91.510     35405824      8851456
      138304          256         182.150     70811648     17702912
      138304          512         376.890    141623296     35405824
      138304         1024         733.541    283246592     70811648
      138304         2048        1456.721    566493184    141623296
      138304         4096        2917.142   1132986368    283246592
      152128            1           4.540       304256        76064
      152128            2           2.280       608512       152128
      152128            4           4.250      1217024       304256
      152128            8           7.070      2434048       608512
      152128           16          13.250      4868096      1217024
      152128           32          25.740      9736192      2434048
      152128           64          50.730     19472384      4868096
      152128          128         100.491     38944768      9736192
      152128          256         213.870     77889536     19472384
      152128          512         400.870    155779072     38944768
      152128         1024         814.921    311558144     77889536
      152128         2048        1612.001    623116288    155779072
      152128         4096        3225.643   1246232576    311558144
      167296            1           4.720       334592        83648
      167296            2           2.980       669184       167296
      167296            4           4.420      1338368       334592
      167296            8           7.680      2676736       669184
      167296           16          14.660      5353472      1338368
      167296           32          28.660     10706944      2676736
      167296           64          55.790     21413888      5353472
      167296          128         110.570     42827776     10706944
      167296          256         220.500     85655552     21413888
      167296          512         450.040    171311104     42827776
      167296         1024         892.481    342622208     85655552
      167296         2048        1780.232    685244416    171311104
      167296         4096        3548.832   1370488832    342622208
      184000            1           7.580       368000        92000
      184000            2           2.800       736000       184000
      184000            4           4.560      1472000       368000
      184000            8           8.480      2944000       736000
      184000           16          16.040      5888000      1472000
      184000           32          31.190     11776000      2944000
      184000           64          61.410     23552000      5888000
      184000          128         121.720     47104000     11776000
      184000          256         253.910     94208000     23552000
      184000          512         483.670    188416000     47104000
      184000         1024         970.801    376832000     94208000
      184000         2048        1946.012    753664000    188416000
      184000         4096        3921.813   1507328000    376832000
      202368            1          31.030       404736       101184
      202368            2           2.870       809472       202368
      202368            4           5.260      1618944       404736
      202368            8           9.430      3237888       809472
      202368           16          17.610      6475776      1618944
      202368           32          34.200     12951552      3237888
      202368           64          67.310     25903104      6475776
      202368          128         146.530     51806208     12951552
      202368          256         266.370    103612416     25903104
      202368          512         535.391    207224832     51806208
      202368         1024        1066.751    414449664    103612416
      202368         2048        2140.701    828899328    207224832
      202368         4096        4268.873   1657798656    414449664
      222592            1          31.780       445184       111296
      222592            2           3.350       890368       222592
      222592            4           5.760      1780736       445184
      222592            8          10.080      3561472       890368
      222592           16          19.320      7122944      1780736
      222592           32          37.780     14245888      3561472
      222592           64          73.920     28491776      7122944
      222592          128         146.970     56983552     14245888
      222592          256         311.310    113967104     28491776
      222592          512         585.401    227934208     56983552
      222592         1024        1181.301    455868416    113967104
      222592         2048        2344.142    911736832    227934208
      222592         4096        4703.363   1823473664    455868416
      244800            1          35.830       489600       122400
      244800            2           3.140       979200       244800
      244800            4           6.180      1958400       489600
      244800            8          11.610      3916800       979200
      244800           16          21.090      7833600      1958400
      244800           32          41.390     15667200      3916800
      244800           64          81.930     31334400      7833600
      244800          128         161.640     62668800     15667200
      244800          256         332.370    125337600     31334400
      244800          512         643.401    250675200     62668800
      244800         1024        1303.431    501350400    125337600
      244800         2048        2580.812   1002700800    250675200
      244800         4096        5158.354   2005401600    501350400
      269248            1          47.010       538496       134624
      269248            2           3.860      1076992       269248
      269248            4           6.850      2153984       538496
      269248            8          12.250      4307968      1076992
      269248           16          23.320      8615936      2153984
      269248           32          45.210     17231872      4307968
      269248           64          89.450     34463744      8615936
      269248          128         177.700     68927488     17231872
      269248          256         354.551    137854976     34463744
      269248          512         712.740    275709952     68927488
      269248         1024        1420.671    551419904    137854976
      269248         2048        2856.203   1102839808    275709952
      296128            1           8.750       592256       148064
      296128            2           5.010      1184512       296128
      296128            4           7.290      2369024       592256
      296128            8          13.490      4738048      1184512
      296128           16          25.330      9476096      2369024
      296128           32          49.690     18952192      4738048
      296128           64          98.400     37904384      9476096
      296128          128         204.510     75808768     18952192
      296128          256         389.800    151617536     37904384
      296128          512         791.741    303235072     75808768
      296128         1024        1582.541    606470144    151617536
      296128         2048        3137.163   1212940288    303235072
      325696            1          11.950       651392       162848
      325696            2           4.250      1302784       325696
      325696            4           8.050      2605568       651392
      325696            8          14.630      5211136      1302784
      325696           16          28.050     10422272      2605568
      325696           32          54.650     20844544      5211136
      325696           64         108.120     41689088     10422272
      325696          128         214.850     83378176     20844544
      325696          256         440.180    166756352     41689088
      325696          512         869.001    333512704     83378176
      325696         1024        1738.702    667025408    166756352
      325696         2048        3461.262   1334050816    333512704
      358208            1          10.730       716416       179104
      358208            2           6.090      1432832       358208
      358208            4          10.400      2865664       716416
      358208            8          16.230      5731328      1432832
      358208           16          30.900     11462656      2865664
      358208           32          60.121     22925312      5731328
      358208           64         118.900     45850624     11462656
      358208          128         236.250     91701248     22925312
      358208          256         481.940    183402496     45850624
      358208          512         957.291    366804992     91701248
      358208         1024        1903.942    733609984    183402496
      358208         2048        3778.653   1467219968    366804992
      393984            1          21.650       787968       196992
      393984            2           5.500      1575936       393984
      393984            4           9.680      3151872       787968
      393984            8          17.720      6303744      1575936
      393984           16          33.800     12607488      3151872
      393984           32          66.290     25214976      6303744
      393984           64         130.580     50429952     12607488
      393984          128         260.060    100859904     25214976
      393984          256         531.581    201719808     50429952
      393984          512        1038.880    403439616    100859904
      393984         1024        2076.912    806879232    201719808
      393984         2048        4152.773   1613758464    403439616
      433344            1          51.720       866688       216672
      433344            2           5.520      1733376       433344
      433344            4          10.310      3466752       866688
      433344            8          19.360      6933504      1733376
      433344           16          37.250     13867008      3466752
      433344           32          72.470     27734016      6933504
      433344           64         143.520     55468032     13867008
      433344          128         285.670    110936064     27734016
      433344          256         587.070    221872128     55468032
      433344          512        1168.302    443744256    110936064
      433344         1024        2301.131    887488512    221872128
      433344         2048        4590.814   1774977024    443744256
      476672            1          14.060       953344       238336
      476672            2           6.610      1906688       476672
      476672            4          11.560      3813376       953344
      476672            8          21.060      7626752      1906688
      476672           16          40.670     15253504      3813376
      476672           32          79.800     30507008      7626752
      476672           64         157.870     61014016     15253504
      476672          128         325.931    122028032     30507008
      476672          256         636.890    244056064     61014016
      476672          512        1284.451    488112128    122028032
      476672         1024        2531.802    976224256    244056064
      476672         2048        5033.794   1952448512    488112128
      524288            1          28.030      1048576       262144
      524288            2           7.040      2097152       524288
      524288            4          12.560      4194304      1048576
      524288            8          23.560      8388608      2097152
      524288           16          45.380     16777216      4194304
      524288           32          88.020     33554432      8388608
      524288           64         184.371     67108864     16777216
      524288          128         345.330    134217728     33554432
      524288          256         696.791    268435456     67108864
      524288          512        1381.421    536870912    134217728
      524288         1024        2762.222   1073741824    268435456
      524288         2048        5538.244   2147483648    536870912
      576704            1          16.710      1153408       288352
      576704            2           9.680      2306816       576704
      576704            4          13.950      4613632      1153408
      576704            8          25.770      9227264      2306816
      576704           16          49.440     18454528      4613632
      576704           32          96.740     36909056      9227264
      576704           64         190.991     73818112     18454528
      576704          128         380.040    147636224     36909056
      576704          256         772.241    295272448     73818112
      576704          512        1533.551    590544896    147636224
      576704         1024        3066.152   1181089792    295272448
      634368            1          21.560      1268736       317184
      634368            2           8.880      2537472       634368
      634368            4          15.220      5074944      1268736
      634368            8          28.200     10149888      2537472
      634368           16          54.270     20299776      5074944
      634368           32         106.211     40599552     10149888
      634368           64         209.980     81199104     20299776
      634368          128         431.970    162398208     40599552
      634368          256         837.581    324796416     81199104
      634368          512        1675.151    649592832    162398208
      634368         1024        3345.233   1299185664    324796416
      697792            1          54.650      1395584       348896
      697792            2           9.430      2791168       697792
      697792            4          16.800      5582336      1395584
      697792            8          31.150     11164672      2791168
      697792           16          59.570     22329344      5582336
      697792           32         117.070     44658688     11164672
      697792           64         231.120     89317376     22329344
      697792          128         470.671    178634752     44658688
      697792          256         921.990    357269504     89317376
      697792          512        1851.972    714539008    178634752
      697792         1024        3686.923   1429078016    357269504
      767552            1          25.870      1535104       383776
      767552            2          13.370      3070208       767552
      767552            4          18.720      6140416      1535104
      767552            8          34.080     12280832      3070208
      767552           16          75.840     24561664      6140416
      767552           32         128.270     49123328     12280832
      767552           64         254.290     98246656     24561664
      767552          128         505.811    196493312     49123328
      767552          256        1022.430    392986624     98246656
      767552          512        2042.802    785973248    196493312
      767552         1024        4061.153   1571946496    392986624
      844288            1          25.280      1688576       422144
      844288            2          11.450      3377152       844288
      844288            4          20.000      6754304      1688576
      844288            8          37.560     13508608      3377152
      844288           16          72.080     27017216      6754304
      844288           32         141.080     54034432     13508608
      844288           64         279.520    108068864     27017216
      844288          128         577.050    216137728     54034432
      844288          256        1113.971    432275456    108068864
      844288          512        2225.422    864550912    216137728
      844288         1024        4455.564   1729101824    432275456
      928704            1          68.560      1857408       464352
      928704            2          12.470      3714816       928704
      928704            4          22.330      7429632      1857408
      928704            8          41.180     14859264      3714816
      928704           16          79.200     29718528      7429632
      928704           32         155.580     59437056     14859264
      928704           64         318.060    118874112     29718528
      928704          128         611.771    237748224     59437056
      928704          256        1229.751    475496448    118874112
      928704          512        2450.872    950992896    237748224
      928704         1024        4912.184   1901985792    475496448
     1021568            1          37.490      2043136       510784
     1021568            2          13.990      4086272      1021568
     1021568            4          24.180      8172544      2043136
     1021568            8          45.150     16345088      4086272
     1021568           16          86.800     32690176      8172544
     1021568           32         170.770     65380352     16345088
     1021568           64         349.800    130760704     32690176
     1021568          128         681.271    261521408     65380352
     1021568          256        1374.691    523042816    130760704
     1021568          512        2714.872   1046085632    261521408
     1021568         1024        5392.275   2092171264    523042816
     1123712            1          42.610      2247424       561856
     1123712            2          15.321      4494848      1123712
     1123712            4          27.010      8989696      2247424
     1123712            8          49.770     17979392      4494848
     1123712           16          95.640     35958784      8989696
     1123712           32         187.610     71917568     17979392
     1123712           64         384.530    143835136     35958784
     1123712          128         752.251    287670272     71917568
     1123712          256        1495.231    575340544    143835136
     1123712          512        2970.282   1150681088    287670272
     1236032            1          44.320      2472064       618016
     1236032            2          16.640      4944128      1236032
     1236032            4          29.400      9888256      2472064
     1236032            8          54.670     19776512      4944128
     1236032           16         105.370     39553024      9888256
     1236032           32         206.791     79106048     19776512
     1236032           64         419.380    158212096     39553024
     1236032          128         826.131    316424192     79106048
     1236032          256        1650.861    632848384    158212096
     1236032          512        3279.593   1265696768    316424192
     1359616            1          53.920      2719232       679808
     1359616            2          23.820      5438464      1359616
     1359616            4          32.480     10876928      2719232
     1359616            8          60.220     21753856      5438464
     1359616           16         116.190     43507712     10876928
     1359616           32         227.610     87015424     21753856
     1359616           64         460.130    174030848     43507712
     1359616          128         913.521    348061696     87015424
     1359616          256        1821.092    696123392    174030848
     1359616          512        3597.833   1392246784    348061696
     1495552            1          61.510      2991104       747776
     1495552            2          20.280      5982208      1495552
     1495552            4          35.470     11964416      2991104
     1495552            8          66.080     23928832      5982208
     1495552           16         135.910     47857664     11964416
     1495552           32         249.470     95715328     23928832
     1495552           64         506.610    191430656     47857664
     1495552          128         999.451    382861312     95715328
     1495552          256        1982.162    765722624    191430656
     1495552          512        3951.403   1531445248    382861312
     1645056            1          71.900      3290112       822528
     1645056            2          28.470      6580224      1645056
     1645056            4          58.510     13160448      3290112
     1645056            8          72.830     26320896      6580224
     1645056           16         140.430     52641792     13160448
     1645056           32         274.491    105283584     26320896
     1645056           64         558.190    210567168     52641792
     1645056          128        1098.221    421134336    105283584
     1645056          256        2194.222    842268672    210567168
     1645056          512        4361.333   1684537344    421134336
     1809536            1          77.240      3619072       904768
     1809536            2          31.370      7238144      1809536
     1809536            4          42.570     14476288      3619072
     1809536            8          79.590     28952576      7238144
     1809536           16         153.431     57905152     14476288
     1809536           32         302.010    115810304     28952576
     1809536           64         611.260    231620608     57905152
     1809536          128        1211.731    463241216    115810304
     1809536          256        2410.522    926482432    231620608
     1809536          512        4787.994   1852964864    463241216
     1990464            1          93.740      3980928       995232
     1990464            2          34.490      7961856      1990464
     1990464            4          47.300     15923712      3980928
     1990464            8          95.740     31847424      7961856
     1990464           16         169.620     63694848     15923712
     1990464           32         332.191    127389696     31847424
     1990464           64         671.970    254779392     63694848
     1990464          128        1336.271    509558784    127389696
     1990464          256        2655.232   1019117568    254779392
     1990464          512        5265.765   2038235136    509558784
     2189504            1         103.600      4379008      1094752
     2189504            2          37.770      8758016      2189504
     2189504            4          51.840     17516032      4379008
     2189504            8          96.720     35032064      8758016
     2189504           16         186.860     70064128     17516032
     2189504           32         377.970    140128256     35032064
     2189504           64         741.591    280256512     70064128
     2189504          128        1469.071    560513024    140128256
     2189504          256        2914.272   1121026048    280256512
     2408448            1         115.671      4816896      1204224
     2408448            2          40.620      9633792      2408448
     2408448            4          56.980     19267584      4816896
     2408448            8         106.390     38535168      9633792
     2408448           16         210.700     77070336     19267584
     2408448           32         403.030    154140672     38535168
     2408448           64         811.581    308281344     77070336
     2408448          128        1614.741    616562688    154140672
     2408448          256        3202.893   1233125376    308281344
     2649280            1         139.830      5298560      1324640
     2649280            2          39.170     10597120      2649280
     2649280            4          62.650     21194240      5298560
     2649280            8         117.270     42388480     10597120
     2649280           16         225.810     84776960     21194240
     2649280           32         448.330    169553920     42388480
     2649280           64         891.991    339107840     84776960
     2649280          128        1770.702    678215680    169553920
     2649280          256        3525.733   1356431360    339107840
     2914176            1         141.891      5828352      1457088
     2914176            2          51.390     11656704      2914176
     2914176            4          69.270     23313408      5828352
     2914176            8         128.120     46626816     11656704
     2914176           16         254.350     93253632     23313408
     2914176           32         487.720    186507264     46626816
     2914176           64         980.251    373014528     93253632
     2914176          128        1951.862    746029056    186507264
     2914176          256        3873.743   1492058112    373014528
     3205568            1         159.070      6411136      1602784
     3205568            2          50.420     12822272      3205568
     3205568            4          76.010     25644544      6411136
     3205568            8         142.190     51289088     12822272
     3205568           16         278.780    102578176     25644544
     3205568           32         546.421    205156352     51289088
     3205568           64        1075.511    410312704    102578176
     3205568          128        2135.761    820625408    205156352
     3205568          256        4257.654   1641250816    410312704
     3526080            1         189.230      7052160      1763040
     3526080            2          86.300     14104320      3526080
     3526080            4          83.780     28208640      7052160
     3526080            8         156.150     56417280     14104320
     3526080           16         304.721    112834560     28208640
     3526080           32         602.310    225669120     56417280
     3526080           64        1196.131    451338240    112834560
     3526080          128        2356.892    902676480    225669120
     3526080          256        4671.764   1805352960    451338240
     3878656            1         204.771      7757312      1939328
     3878656            2          67.620     15514624      3878656
     3878656            4          92.050     31029248      7757312
     3878656            8         171.420     62058496     15514624
     3878656           16         330.670    124116992     31029248
     3878656           32         664.691    248233984     62058496
     3878656           64        1316.291    496467968    124116992
     3878656          128        2597.612    992935936    248233984
     3878656          256        5153.254   1985871872    496467968
     4266496            1         218.760      8532992      2133248
     4266496            2          86.440     17065984      4266496
     4266496            4         105.660     34131968      8532992
     4266496            8         187.340     68263936     17065984
     4266496           16         362.651    136527872     34131968
     4266496           32         726.580    273055744     68263936
     4266496           64        1440.211    546111488    136527872
     4266496          128        2850.583   1092222976    273055744
     4693120            1         246.510      9386240      2346560
     4693120            2          99.660     18772480      4693120
     4693120            4         115.620     37544960      9386240
     4693120            8         206.200     75089920     18772480
     4693120           16         399.231    150179840     37544960
     4693120           32         797.160    300359680     75089920
     4693120           64        1591.801    600719360    150179840
     4693120          128        3134.203   1201438720    300359680
     5162432            1         266.430     10324864      2581216
     5162432            2         107.260     20649728      5162432
     5162432            4         120.680     41299456     10324864
     5162432            8         226.610     82598912     20649728
     5162432           16         444.701    165197824     41299456
     5162432           32         877.840    330395648     82598912
     5162432           64        1735.592    660791296    165197824
     5162432          128        3451.333   1321582592    330395648
     5678656            1         289.871     11357312      2839328
     5678656            2         108.670     22714624      5678656
     5678656            4         134.180     45429248     11357312
     5678656            8         255.750     90858496     22714624
     5678656           16         482.821    181716992     45429248
     5678656           32         961.760    363433984     90858496
     5678656           64        1917.802    726867968    181716992
     5678656          128        3791.323   1453735936    363433984
     6246464            1         325.190     12492928      3123232
     6246464            2         116.430     24985856      6246464
     6246464            4         147.360     49971712     12492928
     6246464            8         275.550     99943424     24985856
     6246464           16         545.871    199886848     49971712
     6246464           32        1066.091    399773696     99943424
     6246464           64        2106.481    799547392    199886848
     6246464          128        4167.374   1599094784    399773696
     6871104            1         358.091     13742208      3435552
     6871104            2         138.160     27484416      6871104
     6871104            4         160.430     54968832     13742208
     6871104            8         301.260    109937664     27484416
     6871104           16         597.361    219875328     54968832
     6871104           32        1176.931    439750656    109937664
     6871104           64        2309.672    879501312    219875328
     6871104          128        4586.203   1759002624    439750656
     7558208            1         406.090     15116416      3779104
     7558208            2         142.410     30232832      7558208
     7558208            4         178.521     60465664     15116416
     7558208            8         338.260    120931328     30232832
     7558208           16         653.170    241862656     60465664
     7558208           32        1296.621    483725312    120931328
     7558208           64        2540.342    967450624    241862656
     7558208          128        5035.605   1934901248    483725312
     8313984            1         437.851     16627968      4156992
     8313984            2         157.980     33255936      8313984
     8313984            4         201.990     66511872     16627968
     8313984            8         367.240    133023744     33255936
     8313984           16         719.191    266047488     66511872
     8313984           32        1415.111    532094976    133023744
     8313984           64        2785.602   1064189952    266047488
     8313984          128        5538.455   2128379904    532094976
     9145344            1         497.801     18290688      4572672
     9145344            2         165.330     36581376      9145344
     9145344            4         216.070     73162752     18290688
     9145344            8         405.530    146325504     36581376
     9145344           16         785.221    292651008     73162752
     9145344           32        1554.411    585302016    146325504
     9145344           64        3067.433   1170604032    292651008
    10059840            1         549.851     20119680      5029920
    10059840            2         177.870     40239360     10059840
    10059840            4         242.880     80478720     20119680
    10059840            8         441.240    160957440     40239360
    10059840           16         869.471    321914880     80478720
    10059840           32        1713.702    643829760    160957440
    10059840           64        3369.862   1287659520    321914880
    11065792            1         610.320     22131584      5532896
    11065792            2         190.911     44263168     11065792
    11065792            4         267.780     88526336     22131584
    11065792            8         498.430    177052672     44263168
    11065792           16         955.481    354105344     88526336
    11065792           32        1882.881    708210688    177052672
    11065792           64        3710.223   1416421376    354105344
    12172352            1         674.810     24344704      6086176
    12172352            2         208.611     48689408     12172352
    12172352            4         283.910     97378816     24344704
    12172352            8         552.760    194757632     48689408
    12172352           16        1058.811    389515264     97378816
    12172352           32        2064.172    779030528    194757632
    12172352           64        4072.383   1558061056    389515264
    13389568            1         739.590     26779136      6694784
    13389568            2         235.770     53558272     13389568
    13389568            4         313.821    107116544     26779136
    13389568            8         604.370    214233088     53558272
    13389568           16        1165.181    428466176    107116544
    13389568           32        2279.082    856932352    214233088
    13389568           64        4494.234   1713864704    428466176
    14728512            1         819.001     29457024      7364256
    14728512            2         268.750     58914048     14728512
    14728512            4         356.200    117828096     29457024
    14728512            8         662.921    235656192     58914048
    14728512           16        1294.841    471312384    117828096
    14728512           32        2514.122    942624768    235656192
    14728512           64        4969.874   1885249536    471312384
    16201344            1         912.171     32402688      8100672
    16201344            2         345.790     64805376     16201344
    16201344            4         395.871    129610752     32402688
    16201344            8         755.580    259221504     64805376
    16201344           16        1449.291    518443008    129610752
    16201344           32        2824.553   1036886016    259221504
    16201344           64        5558.804   2073772032    518443008
    17821440            1        1002.370     35642880      8910720
    17821440            2         492.451     71285760     17821440
    17821440            4         557.930    142571520     35642880
    17821440            8         949.351    285143040     71285760
    17821440           16        1841.272    570286080    142571520
    17821440           32        3492.022   1140572160    285143040
    19603584            1        1100.971     39207168      9801792
    19603584            2        1011.171     78414336     19603584
    19603584            4        1159.390    156828672     39207168
    19603584            8        1581.771    313657344     78414336
    19603584           16        2532.682    627314688    156828672
    19603584           32        4566.764   1254629376    313657344
    21563904            1        1239.591     43127808     10781952
    21563904            2        1656.091     86255616     21563904
    21563904            4        2143.132    172511232     43127808
    21563904            8        2965.182    345022464     86255616
    21563904           16        4038.224    690044928    172511232
    21563904           32        6510.195   1380089856    345022464
    23720256            1        1374.181     47440512     11860128
    23720256            2        2344.191     94881024     23720256
    23720256            4        3087.943    189762048     47440512
    23720256            8        4357.694    379524096     94881024
    23720256           16        6036.174    759048192    189762048
    23720256           32        8834.988   1518096384    379524096
    26092224            1        1515.481     52184448     13046112
    26092224            2        2912.703    104368896     26092224
    26092224            4        4049.573    208737792     52184448
    26092224            8        6163.355    417475584    104368896
    26092224           16       10369.228    834951168    208737792
    26092224           32       18083.335   1669902336    417475584
    28701440            1        1680.412     57402880     14350720
    28701440            2        3351.702    114805760     28701440
    28701440            4        4824.524    229611520     57402880
    28701440            8        7555.586    459223040    114805760
    28701440           16       13006.781    918446080    229611520
    28701440           32       24324.050   1836892160    459223040
    31571584            1        1866.531     63143168     15785792
    31571584            2        3716.854    126286336     31571584
    31571584            4        5459.494    252572672     63143168
    31571584            8        8653.877    505145344    126286336
    31571584           16       15148.492   1010290688    252572672
    31571584           32       28347.993   2020581376    505145344
    34728704            1        2052.621     69457408     17364352
    34728704            2        4109.114    138914816     34728704
    34728704            4        6132.845    277829632     69457408
    34728704            8        9892.398    555659264    138914816
    34728704           16       17367.944   1111318528    277829632
    38201536            1        2238.411     76403072     19100768
    38201536            2        4520.273    152806144     38201536
    38201536            4        6747.785    305612288     76403072
    38201536            8       11192.830    611224576    152806144
    38201536           16       19959.066   1222449152    305612288
    42021632            1        2448.302     84043264     21010816
    42021632            2        4972.654    168086528     42021632
    42021632            4        7453.236    336173056     84043264
    42021632            8       12381.200    672346112    168086528
    42021632           16       22317.618   1344692224    336173056
    46223744            1        2697.862     92447488     23111872
    46223744            2        5468.425    184894976     46223744
    46223744            4        8206.816    369789952     92447488
    46223744            8       13697.091    739579904    184894976
    46223744           16       24616.100   1479159808    369789952
    50846080            1        2974.513    101692160     25423040
    50846080            2        6006.725    203384320     50846080
    50846080            4        9036.667    406768640    101692160
    50846080            8       15055.442    813537280    203384320
    50846080           16       27046.782   1627074560    406768640
    55930688            1        3271.643    111861376     27965344
    55930688            2        6626.955    223722752     55930688
    55930688            4        9966.408    447445504    111861376
    55930688            8       16549.403    894891008    223722752
    55930688           16       29753.714   1789782016    447445504
    61523712            1        3607.633    123047424     30761856
    61523712            2        7261.186    246094848     61523712
    61523712            4       10907.599    492189696    123047424
    61523712            8       18216.755    984379392    246094848
    61523712           16       32800.916   1968758784    492189696
    67676032            1        3947.204    135352064     33838016
    67676032            2        8004.006    270704128     67676032
    67676032            4       11994.940    541408256    135352064
    67676032            8       20007.356   1082816512    270704128
    74443584            1        4374.783    148887168     37221792
    74443584            2        8792.227    297774336     74443584
    74443584            4       13216.230    595548672    148887168
    74443584            8       21996.418   1191097344    297774336
    81887936            1        4858.664    163775872     40943968
    81887936            2        9727.348    327551744     81887936
    81887936            4       14534.752    655103488    163775872
    81887936            8       24283.319   1310206976    327551744
    90076672            1        5314.675    180153344     45038336
    90076672            2       10631.448    360306688     90076672
    90076672            4       15999.863    720613376    180153344
    90076672            8       26673.802   1441226752    360306688
    99084288            1        5836.615    198168576     49542144
    99084288            2       11726.479    396337152     99084288
    99084288            4       17552.574    792674304    198168576
    99084288            8       29322.874   1585348608    396337152
   108992704            1        6416.735    217985408     54496352
   108992704            2       12940.361    435970816    108992704
   108992704            4       19348.485    871941632    217985408
   108992704            8       32227.476   1743883264    435970816
   119891968            1        7063.195    239783936     59945984
   119891968            2       14171.942    479567872    119891968
   119891968            4       21328.897    959135744    239783936
   119891968            8       35451.779   1918271488    479567872
   131881152            1        7774.536    263762304     65940576
   131881152            2       15602.272    527524608    131881152
   131881152            4       23376.099   1055049216    263762304
   131881152            8       38996.512   2110098432    527524608
   145069248            1        8515.907    290138496     72534624
   145069248            2       17136.984    580276992    145069248
   145069248            4       26047.071   1160553984    290138496
   159576128            1        9793.388    319152256     79788064
   159576128            2       19491.355    638304512    159576128
   159576128            4       29192.904   1276609024    319152256
   175533696            1       10441.899    351067392     87766848
   175533696            2       20910.497    702134784    175533696
   175533696            4       31147.555   1404269568    351067392
   193087040            1       11368.969    386174080     96543520
   193087040            2       22754.929    772348160    193087040
   193087040            4       34208.097   1544696320    386174080
   212395712            1       12517.320    424791424    106197856
   212395712            2       25030.201    849582848    212395712
   212395712            4       37608.290   1699165696    424791424
   233635264            1       13784.711    467270528    116817632
   233635264            2       27545.082    934541056    233635264
   233635264            4       41388.164   1869082112    467270528
   256998784            1       15154.552    513997568    128499392
   256998784            2       30312.255   1027995136    256998784
   256998784            4       45509.107   2055990272    513997568
   282698624            1       16706.393    565397248    141349312
   282698624            2       33346.027   1130794496    282698624
   310968448            1       18344.995    621936896    155484224
   310968448            2       36699.050   1243873792    310968448
   342065280            1       20165.396    684130560    171032640
   342065280            2       40313.923   1368261120    342065280
   376271808            1       22172.928    752543616    188135904
   376271808            2       44383.276   1505087232    376271808
   413898944            1       24399.319    827797888    206949472
   413898944            2       48807.900   1655595776    413898944
   455288832            1       26797.681    910577664    227644416
   455288832            2       53595.623   1821155328    455288832
   500817664            1       29479.394   1001635328    250408832
   500817664            2       58941.067   2003270656    500817664
   550899392            1       32423.286   1101798784    275449696
   605989312            1       35718.849   1211978624    302994656
   666588224            1       39277.022   1333176448    333294112
   733247040            1       43159.355   1466494080    366623520
   806571712            1       47518.799   1613143424    403285856
   887228864            1       52224.462   1774457728    443614432
   975951744            1       57580.476   1951903488    487975872
  1073546880            1       63187.261   2147093760    536773440

META_DATA
FLOPS          4
OPENMP_THREADS 8
ERT_VERSION  1.1.0
HOSTNAME  ('pve.fritz.box', ['pve'], ['192.168.188.21'])
UNAME  uname_result(system='Linux', node='pve', release='6.14.8-2-pve', version='#1 SMP PREEMPT_DYNAMIC PMX 6.14.8-2 (2025-07-22T10:04Z)', machine='x86_64')
TIMESTAMP_DATA  1765907135.3389654
CONFIG  {'ERT_MPI': ['False'], 'ERT_OPENMP': ['True'], 'ERT_OPENMP_CFLAGS': ['-fopenmp'], 'ERT_OPENMP_LDFLAGS': ['-fopenmp'], 'ERT_PRECISION': ['FP64'], 'ERT_TRIALS_MIN': ['1'], 'ERT_TRIALS': ['3', '#', 'Run', 'each', 'test', '3', 'times', 'to', 'filter', 'out', 'background', 'noise'], 'ERT_RESULTS': ['Results/1600X'], 'ERT_GNUPLOT': ['gnuplot'], 'ERT_DRIVER': ['driver1'], 'ERT_KERNEL': ['kernel1'], 'ERT_CC': ['g++'], 'ERT_LD': ['g++'], 'ERT_CFLAGS': ['-O3', '-march=native', '-fopenmp', '-fstrict-aliasing', '-funroll-loops', '-Wno-all'], 'ERT_LDFLAGS': ['-O3', '-march=native', '-fopenmp'], 'ERT_LDLIBS': ['-lm'], 'ERT_RUN': ['export', 'OMP_NUM_THREADS=ERT_OPENMP_THREADS;', './ERT_CODE'], 'ERT_WORKING_SET_MIN': ['128'], 'ERT_MEMORY_MAX': ['1073741824'], 'ERT_ALIGN': ['64'], 'ERT_MIN_PROCS': ['1'], 'ERT_MAX_PROCS': ['1'], 'ERT_OPENMP_THREADS': ['1,2,4,8,12', '#', 'Logical', 'Threads'], 'ERT_NUM_EXPERIMENTS': ['5'], 'ERT_FLOPS': ['1,2,4,8'], 'ERT_GPU': [False], 'ERT_HIP': [False], 'ERT_OCL': [False], 'ERT_SYCL': [False], 'ERT_WSS_MULT': [1.1]}
