fp64
        8192            1           0.900        16384         4096
        8192            2           0.690        32768         8192
        8192            4           0.710        65536        16384
        8192            8           0.820       131072        32768
        8192           16           1.140       262144        65536
        8192           32           1.820       524288       131072
        8192           64           3.160      1048576       262144
        8192          128           5.890      2097152       524288
        8192          256          11.230      4194304      1048576
        8192          512          21.800      8388608      2097152
        8192         1024          43.380     16777216      4194304
        8192         2048          86.230     33554432      8388608
        8192         4096         172.200     67108864     16777216
        8192         8192         352.500    134217728     33554432
        8192        16384         702.771    268435456     67108864
        8192        32768        1381.831    536870912    134217728
        8192        65536        2776.662   1073741824    268435456
        8192       131072        5526.425   2147483648    536870912
        8960            1           8.500        17920         4480
        8960            2           0.610        35840         8960
        8960            4           0.670        71680        17920
        8960            8           0.880       143360        35840
        8960           16           1.160       286720        71680
        8960           32           1.880       573440       143360
        8960           64           3.380      1146880       286720
        8960          128           6.430      2293760       573440
        8960          256          12.190      4587520      1146880
        8960          512          24.020      9175040      2293760
        8960         1024          47.670     18350080      4587520
        8960         2048          94.910     36700160      9175040
        8960         4096         189.340     73400320     18350080
        8960         8192         385.500    146800640     36700160
        8960        16384         766.021    293601280     73400320
        8960        32768        1529.131    587202560    146800640
        8960        65536        3044.233   1174405120    293601280
        9856            1           1.060        19712         4928
        9856            2           0.930        39424         9856
        9856            4           0.810        78848        19712
        9856            8           0.870       157696        39424
        9856           16           1.330       315392        78848
        9856           32           1.990       630784       157696
        9856           64           3.710      1261568       315392
        9856          128           6.860      2523136       630784
        9856          256          13.370      5046272      1261568
        9856          512          26.300     10092544      2523136
        9856         1024          52.230     20185088      5046272
        9856         2048         115.060     40370176     10092544
        9856         4096         207.860     80740352     20185088
        9856         8192         415.431    161480704     40370176
        9856        16384         841.560    322961408     80740352
        9856        32768        1672.402    645922816    161480704
        9856        65536        5950.994   1291845632    322961408
       10816            1          12.860        21632         5408
       10816            2           0.620        43264        10816
       10816            4           0.780        86528        21632
       10816            8           0.830       173056        43264
       10816           16           1.210       346112        86528
       10816           32           2.130       692224       173056
       10816           64           3.990      1384448       346112
       10816          128           7.540      2768896       692224
       10816          256          14.730      5537792      1384448
       10816          512          29.020     11075584      2768896
       10816         1024          57.620     22151168      5537792
       10816         2048         114.860     44302336     11075584
       10816         4096         229.350     88604672     22151168
       10816         8192         465.030    177209344     44302336
       10816        16384         922.641    354418688     88604672
       10816        32768        1840.612    708837376    177209344
       10816        65536        3676.073   1417674752    354418688
       11840            1          14.490        23680         5920
       11840            2           0.820        47360        11840
       11840            4           0.750        94720        23680
       11840            8           0.910       189440        47360
       11840           16           1.310       378880        94720
       11840           32           2.340       757760       189440
       11840           64           4.310      1515520       378880
       11840          128           8.190      3031040       757760
       11840          256          16.120      6062080      1515520
       11840          512          31.460     12124160      3031040
       11840         1024          63.000     24248320      6062080
       11840         2048         125.620     48496640     12124160
       11840         4096         264.781     96993280     24248320
       11840         8192         501.190    193986560     48496640
       11840        16384        1008.001    387973120     96993280
       11840        32768        2013.131    775946240    193986560
       11840        65536        4023.044   1551892480    387973120
       12992            1          16.260        25984         6496
       12992            2           0.790        51968        12992
       12992            4           0.710       103936        25984
       12992            8           0.950       207872        51968
       12992           16           1.500       415744       103936
       12992           32           2.600       831488       207872
       12992           64           4.740      1662976       415744
       12992          128           9.010      3325952       831488
       12992          256          17.880      6651904      1662976
       12992          512          34.770     13303808      3325952
       12992         1024          84.500     26607616      6651904
       12992         2048         137.730     53215232     13303808
       12992         4096         275.100    106430464     26607616
       12992         8192         557.921    212860928     53215232
       12992        16384        1103.820    425721856    106430464
       12992        32768        2214.492    851443712    212860928
       12992        65536        4417.884   1702887424    425721856
       14272            1           1.500        28544         7136
       14272            2           0.620        57088        14272
       14272            4           0.770       114176        28544
       14272            8           1.060       228352        57088
       14272           16           1.590       456704       114176
       14272           32           2.850       913408       228352
       14272           64           5.150      1826816       456704
       14272          128           9.840      3653632       913408
       14272          256          19.280      7307264      1826816
       14272          512          38.250     14614528      3653632
       14272         1024          75.920     29229056      7307264
       14272         2048         151.520     58458112     14614528
       14272         4096         302.281    116916224     29229056
       14272         8192         613.140    233832448     58458112
       14272        16384        1220.331    467664896    116916224
       14272        32768        2426.722    935329792    233832448
       14272        65536        4866.834   1870659584    467664896
       15680            1          19.990        31360         7840
       15680            2           0.700        62720        15680
       15680            4           0.870       125440        31360
       15680            8           1.560       250880        62720
       15680           16           1.760       501760       125440
       15680           32           3.350      1003520       250880
       15680           64           5.650      2007040       501760
       15680          128          10.800      4014080      1003520
       15680          256          21.160      8028160      2007040
       15680          512          41.870     16056320      4014080
       15680         1024          83.060     32112640      8028160
       15680         2048         166.070     64225280     16056320
       15680         4096         330.841    128450560     32112640
       15680         8192         674.670    256901120     64225280
       15680        16384        1347.291    513802240    128450560
       15680        32768        2655.472   1027604480    256901120
       15680        65536        5325.825   2055208960    513802240
       17216            1          15.810        34432         8608
       17216            2           0.870        68864        17216
       17216            4           0.820       137728        34432
       17216            8           1.190       275456        68864
       17216           16           2.150       550912       137728
       17216           32           3.300      1101824       275456
       17216           64           6.150      2203648       550912
       17216          128          11.800      4407296      1101824
       17216          256          23.240      8814592      2203648
       17216          512          45.940     17629184      4407296
       17216         1024          91.460     35258368      8814592
       17216         2048         182.360     70516736     17629184
       17216         4096         363.850    141033472     35258368
       17216         8192         749.791    282066944     70516736
       17216        16384        1471.741    564133888    141033472
       17216        32768        2933.083   1128267776    282066944
       18880            1           1.090        37760         9440
       18880            2           0.640        75520        18880
       18880            4           0.830       151040        37760
       18880            8           1.260       302080        75520
       18880           16           1.980       604160       151040
       18880           32           3.550      1208320       302080
       18880           64           6.660      2416640       604160
       18880          128          12.900      4833280      1208320
       18880          256          25.370      9666560      2416640
       18880          512          50.150     19333120      4833280
       18880         1024          99.840     38666240      9666560
       18880         2048         199.500     77332480     19333120
       18880         4096         407.810    154664960     38666240
       18880         8192         806.331    309329920     77332480
       18880        16384        1610.811    618659840    154664960
       18880        32768        3204.683   1237319680    309329920
       20736            1           3.210        41472        10368
       20736            2           0.770        82944        20736
       20736            4           0.960       165888        41472
       20736            8           1.340       331776        82944
       20736           16           2.200       663552       165888
       20736           32           3.780      1327104       331776
       20736           64           7.550      2654208       663552
       20736          128          14.080      5308416      1327104
       20736          256          27.670     10616832      2654208
       20736          512          54.790     21233664      5308416
       20736         1024         120.080     42467328     10616832
       20736         2048         218.210     84934656     21233664
       20736         4096         435.641    169869312     42467328
       20736         8192         879.470    339738624     84934656
       20736        16384        1764.812    679477248    169869312
       20736        32768        3490.263   1358954496    339738624
       22784            1          12.000        45568        11392
       22784            2           0.840        91136        22784
       22784            4           1.100       182272        45568
       22784            8           1.670       364544        91136
       22784           16           2.830       729088       182272
       22784           32           4.770      1458176       364544
       22784           64           7.950      2916352       729088
       22784          128          15.510      5832704      1458176
       22784          256          30.360     11665408      2916352
       22784          512          60.240     23330816      5832704
       22784         1024         120.030     46661632     11665408
       22784         2048         239.630     93323264     23330816
       22784         4096         483.570    186646528     46661632
       22784         8192         962.061    373293056     93323264
       22784        16384        1934.142    746586112    186646528
       22784        32768        3845.083   1493172224    373293056
       25024            1           1.280        50048        12512
       25024            2           0.870       100096        25024
       25024            4           1.000       200192        50048
       25024            8           1.500       400384       100096
       25024           16           2.520       800768       200192
       25024           32           4.580      1601536       400384
       25024           64           8.750      3203072       800768
       25024          128          16.940      6406144      1601536
       25024          256          33.330     12812288      3203072
       25024          512          66.340     25624576      6406144
       25024         1024         132.030     51249152     12812288
       25024         2048         263.710    102498304     25624576
       25024         4096         530.891    204996608     51249152
       25024         8192        1069.571    409993216    102498304
       25024        16384        2121.811    819986432    204996608
       25024        32768        4240.794   1639972864    409993216
       27520            1           1.270        55040        13760
       27520            2           0.850       110080        27520
       27520            4           1.040       220160        55040
       27520            8           1.680       440320       110080
       27520           16           2.810       880640       220160
       27520           32           4.920      1761280       440320
       27520           64           9.480      3522560       880640
       27520          128          18.670      7045120      1761280
       27520          256          36.580     14090240      3522560
       27520          512          72.750     28180480      7045120
       27520         1024         163.350     56360960     14090240
       27520         2048         289.550    112721920     28180480
       27520         4096         578.981    225443840     56360960
       27520         8192        1180.621    450887680    112721920
       27520        16384        2336.122    901775360    225443840
       27520        32768        4663.683   1803550720    450887680
       30272            1          19.490        60544        15136
       30272            2           0.990       121088        30272
       30272            4           1.370       242176        60544
       30272            8           1.730       484352       121088
       30272           16           2.960       968704       242176
       30272           32           5.510      1937408       484352
       30272           64          10.540      3874816       968704
       30272          128          20.380      7749632      1937408
       30272          256          40.711     15499264      3874816
       30272          512          80.260     30998528      7749632
       30272         1024         159.840     61997056     15499264
       30272         2048         319.240    123994112     30998528
       30272         4096         650.020    247988224     61997056
       30272         8192        1292.311    495976448    123994112
       30272        16384        2577.913    991952896    247988224
       30272        32768        5128.364   1983905792    495976448
       33280            1          19.370        66560        16640
       33280            2           0.960       133120        33280
       33280            4           1.330       266240        66560
       33280            8           1.910       532480       133120
       33280           16           3.240      1064960       266240
       33280           32           5.980      2129920       532480
       33280           64          11.530      4259840      1064960
       33280          128          22.310      8519680      2129920
       33280          256          44.250     17039360      4259840
       33280          512          87.760     34078720      8519680
       33280         1024         183.660     68157440     17039360
       33280         2048         349.730    136314880     34078720
       33280         4096         706.601    272629760     68157440
       33280         8192        1425.551    545259520    136314880
       33280        16384        2821.682   1090519040    272629760
       36608            1          12.830        73216        18304
       36608            2           1.040       146432        36608
       36608            4           1.400       292864        73216
       36608            8           2.320       585728       146432
       36608           16           3.540      1171456       292864
       36608           32           6.650      2342912       585728
       36608           64          12.620      4685824      1171456
       36608          128          24.440      9371648      2342912
       36608          256          48.490     18743296      4685824
       36608          512          96.641     37486592      9371648
       36608         1024         202.720     74973184     18743296
       36608         2048         385.250    149946368     37486592
       36608         4096         777.541    299892736     74973184
       36608         8192        1557.011    599785472    149946368
       36608        16384        3107.063   1199570944    299892736
       40256            1          19.500        80512        20128
       40256            2           1.000       161024        40256
       40256            4           1.520       322048        80512
       40256            8           2.170       644096       161024
       40256           16           4.630      1288192       322048
       40256           32           7.150      2576384       644096
       40256           64          13.790      5152768      1288192
       40256          128          27.470     10305536      2576384
       40256          256          53.440     20611072      5152768
       40256          512         106.290     41222144     10305536
       40256         1024         212.160     82444288     20611072
       40256         2048         423.580    164888576     41222144
       40256         4096         855.471    329777152     82444288
       40256         8192        1721.281    659554304    164888576
       40256        16384        3409.253   1319108608    329777152
       44224            1          10.040        88448        22112
       44224            2           1.100       176896        44224
       44224            4           1.650       353792        88448
       44224            8           2.790       707584       176896
       44224           16           5.000      1415168       353792
       44224           32           7.840      2830336       707584
       44224           64          15.080      5660672      1415168
       44224          128          29.570     11321344      2830336
       44224          256          58.660     22642688      5660672
       44224          512         116.640     45285376     11321344
       44224         1024         232.651     90570752     22642688
       44224         2048         472.370    181141504     45285376
       44224         4096         934.641    362283008     90570752
       44224         8192        1890.381    724566016    181141504
       44224        16384        3747.943   1449132032    362283008
       48640            1          13.060        97280        24320
       48640            2           1.230       194560        48640
       48640            4           1.750       389120        97280
       48640            8           2.950       778240       194560
       48640           16           5.570      1556480       389120
       48640           32           8.550      3112960       778240
       48640           64          16.530      6225920      1556480
       48640          128          32.640     12451840      3112960
       48640          256          73.800     24903680      6225920
       48640          512         128.200     49807360     12451840
       48640         1024         255.801     99614720     24903680
       48640         2048         512.570    199229440     49807360
       48640         4096        1029.291    398458880     99614720
       48640         8192        2062.371    796917760    199229440
       48640        16384        4098.843   1593835520    398458880
       53504            1          13.710       107008        26752
       53504            2           1.230       214016        53504
       53504            4           2.020       428032       107008
       53504            8           2.700       856064       214016
       53504           16           4.910      1712128       428032
       53504           32           9.380      3424256       856064
       53504           64          18.170      6848512      1712128
       53504          128          35.630     13697024      3424256
       53504          256          70.820     27394048      6848512
       53504          512         140.940     54788096     13697024
       53504         1024         281.260    109576192     27394048
       53504         2048         574.991    219152384     54788096
       53504         4096        1143.461    438304768    109576192
       53504         8192        2267.712    876609536    219152384
       53504        16384        4525.513   1753219072    438304768
       58816            1          13.470       117632        29408
       58816            2           1.270       235264        58816
       58816            4           2.030       470528       117632
       58816            8           3.630       941056       235264
       58816           16           6.750      1882112       470528
       58816           32          10.240      3764224       941056
       58816           64          19.930      7528448      1882112
       58816          128          39.120     15056896      3764224
       58816          256          77.740     30113792      7528448
       58816          512         155.111     60227584     15056896
       58816         1024         326.610    120455168     30113792
       58816         2048         618.210    240910336     60227584
       58816         4096        1257.011    481820672    120455168
       58816         8192        2501.692    963641344    240910336
       58816        16384        4978.264   1927282688    481820672
       64640            1          20.230       129280        32320
       64640            2           1.410       258560        64640
       64640            4           2.110       517120       129280
       64640            8           3.210      1034240       258560
       64640           16           5.881      2068480       517120
       64640           32          11.240      4136960      1034240
       64640           64          21.740      8273920      2068480
       64640          128          42.960     16547840      4136960
       64640          256         109.120     33095680      8273920
       64640          512         170.140     66191360     16547840
       64640         1024         339.740    132382720     33095680
       64640         2048         682.341    264765440     66191360
       64640         4096        1369.381    529530880    132382720
       64640         8192        2740.362   1059061760    264765440
       64640        16384        5451.204   2118123520    529530880
       71104            1          22.420       142208        35552
       71104            2           1.450       284416        71104
       71104            4           2.450       568832       142208
       71104            8           4.190      1137664       284416
       71104           16           6.370      2275328       568832
       71104           32          12.150      4550656      1137664
       71104           64          34.130      9101312      2275328
       71104          128          47.280     18202624      4550656
       71104          256          94.000     36405248      9101312
       71104          512         187.051     72810496     18202624
       71104         1024         374.140    145620992     36405248
       71104         2048         750.371    291241984     72810496
       71104         4096        1512.541    582483968    145620992
       71104         8192        3024.642   1164967936    291241984
       78208            1          21.180       156416        39104
       78208            2           1.600       312832        78208
       78208            4           2.540       625664       156416
       78208            8           4.650      1251328       312832
       78208           16           9.150      2502656       625664
       78208           32          13.400      5005312      1251328
       78208           64          26.180     10010624      2502656
       78208          128          51.860     20021248      5005312
       78208          256         103.140     40042496     10010624
       78208          512         205.891     80084992     20021248
       78208         1024         430.380    160169984     40042496
       78208         2048         824.711    320339968     80084992
       78208         4096        1661.981    640679936    160169984
       78208         8192        3302.703   1281359872    320339968
       86016            1          19.760       172032        43008
       86016            2           1.510       344064        86016
       86016            4           2.270       688128       172032
       86016            8           4.220      1376256       344064
       86016           16          21.550      2752512       688128
       86016           32          14.700      5505024      1376256
       86016           64          28.720     11010048      2752512
       86016          128          56.820     22020096      5505024
       86016          256         113.310     44040192     11010048
       86016          512         226.050     88080384     22020096
       86016         1024         451.610    176160768     44040192
       86016         2048         906.881    352321536     88080384
       86016         4096        1846.282    704643072    176160768
       86016         8192        3650.583   1409286144    352321536
       94592            1          28.170       189184        47296
       94592            2           1.760       378368        94592
       94592            4           2.490       756736       189184
       94592            8           4.540      1513472       378368
       94592           16           8.360      3026944       756736
       94592           32          16.120      6053888      1513472
       94592           64          31.560     12107776      3026944
       94592          128          62.580     24215552      6053888
       94592          256         124.440     48431104     12107776
       94592          512         248.490     96862208     24215552
       94592         1024         507.320    193724416     48431104
       94592         2048        1000.741    387448832     96862208
       94592         4096        2007.242    774897664    193724416
       94592         8192        4000.703   1549795328    387448832
      104000            1          13.470       208000        52000
      104000            2           2.090       416000       104000
      104000            4           3.280       832000       208000
      104000            8           4.920      1664000       416000
      104000           16           9.140      3328000       832000
      104000           32          17.840      6656000      1664000
      104000           64          34.700     13312000      3328000
      104000          128          68.910     26624000      6656000
      104000          256         137.000     53248000     13312000
      104000          512         292.411    106496000     26624000
      104000         1024         549.970    212992000     53248000
      104000         2048        1106.611    425984000    106496000
      104000         4096        2204.512    851968000    212992000
      104000         8192        4398.483   1703936000    425984000
      114368            1          20.980       228736        57184
      114368            2           2.010       457472       114368
      114368            4           3.570       914944       228736
      114368            8           5.350      1829888       457472
      114368           16          10.110      3659776       914944
      114368           32          19.430      7319552      1829888
      114368           64          38.400     14639104      3659776
      114368          128          75.650     29278208      7319552
      114368          256         161.141     58556416     14639104
      114368          512         300.600    117112832     29278208
      114368         1024         604.330    234225664     58556416
      114368         2048        1228.881    468451328    117112832
      114368         4096        2430.582    936902656    234225664
      114368         8192        4102.894   1873805312    468451328
      125760            1           3.220       251520        62880
      125760            2           2.160       503040       125760
      125760            4           4.110      1006080       251520
      125760            8           7.380      2012160       503040
      125760           16          14.300      4024320      1006080
      125760           32          21.350      8048640      2012160
      125760           64          41.990     16097280      4024320
      125760          128          83.200     32194560      8048640
      125760          256         165.630     64389120     16097280
      125760          512         330.760    128778240     32194560
      125760         1024         668.311    257556480     64389120
      125760         2048        1326.531    515112960    128778240
      125760         4096        2653.622   1030225920    257556480
      125760         8192        5300.384   2060451840    515112960
      138304            1          29.910       276608        69152
      138304            2           2.270       553216       138304
      138304            4           3.570      1106432       276608
      138304            8           6.280      2212864       553216
      138304           16          12.000      4425728      1106432
      138304           32          23.470      8851456      2212864
      138304           64          46.161     17702912      4425728
      138304          128          91.510     35405824      8851456
      138304          256         182.480     70811648     17702912
      138304          512         363.680    141623296     35405824
      138304         1024         734.781    283246592     70811648
      138304         2048        1467.571    566493184    141623296
      138304         4096        2914.992   1132986368    283246592
      152128            1          25.140       304256        76064
      152128            2           2.260       608512       152128
      152128            4           3.990      1217024       304256
      152128            8           7.130      2434048       608512
      152128           16          13.240      4868096      1217024
      152128           32          25.821      9736192      2434048
      152128           64          50.580     19472384      4868096
      152128          128         100.630     38944768      9736192
      152128          256         200.940     77889536     19472384
      152128          512         408.540    155779072     38944768
      152128         1024         810.451    311558144     77889536
      152128         2048        1602.831    623116288    155779072
      152128         4096        3207.113   1246232576    311558144
      167296            1          20.610       334592        83648
      167296            2           2.460       669184       167296
      167296            4           4.360      1338368       334592
      167296            8           7.700      2676736       669184
      167296           16          14.730      5353472      1338368
      167296           32          28.460     10706944      2676736
      167296           64          55.880     21413888      5353472
      167296          128         110.670     42827776     10706944
      167296          256         220.370     85655552     21413888
      167296          512         439.820    171311104     42827776
      167296         1024         886.731    342622208     85655552
      167296         2048        1764.702    685244416    171311104
      167296         4096        3533.173   1370488832    342622208
      184000            1          25.340       368000        92000
      184000            2           2.790       736000       184000
      184000            4           4.650      1472000       368000
      184000            8           8.520      2944000       736000
      184000           16          16.100      5888000      1472000
      184000           32          31.310     11776000      2944000
      184000           64          61.310     23552000      5888000
      184000          128         121.620     47104000     11776000
      184000          256         242.680     94208000     23552000
      184000          512         493.950    188416000     47104000
      184000         1024         970.971    376832000     94208000
      184000         2048        1941.562    753664000    188416000
      184000         4096        3895.513   1507328000    376832000
      202368            1          31.640       404736       101184
      202368            2           2.770       809472       202368
      202368            4           5.270      1618944       404736
      202368            8           9.390      3237888       809472
      202368           16          17.550      6475776      1618944
      202368           32          34.120     12951552      3237888
      202368           64          67.450     25903104      6475776
      202368          128         133.810     51806208     12951552
      202368          256         277.350    103612416     25903104
      202368          512         531.581    207224832     51806208
      202368         1024        1069.031    414449664    103612416
      202368         2048        2134.161    828899328    207224832
      202368         4096        4286.454   1657798656    414449664
      222592            1          39.110       445184       111296
      222592            2           3.940       890368       222592
      222592            4           5.480      1780736       445184
      222592            8          10.080      3561472       890368
      222592           16          19.340      7122944      1780736
      222592           32          37.470     14245888      3561472
      222592           64          74.180     28491776      7122944
      222592          128         147.110     56983552     14245888
      222592          256         293.091    113967104     28491776
      222592          512         595.350    227934208     56983552
      222592         1024        1192.781    455868416    113967104
      222592         2048        2349.252    911736832    227934208
      222592         4096        4701.934   1823473664    455868416
      244800            1          26.620       489600       122400
      244800            2           3.820       979200       244800
      244800            4           6.090      1958400       489600
      244800            8          11.080      3916800       979200
      244800           16          29.890      7833600      1958400
      244800           32          41.320     15667200      3916800
      244800           64          81.440     31334400      7833600
      244800          128         161.660     62668800     15667200
      244800          256         322.260    125337600     31334400
      244800          512         652.601    250675200     62668800
      244800         1024        1305.871    501350400    125337600
      244800         2048        2599.202   1002700800    250675200
      244800         4096        5158.524   2005401600    501350400
      269248            1          35.980       538496       134624
      269248            2           4.540      1076992       269248
      269248            4           7.120      2153984       538496
      269248            8          12.320      4307968      1076992
      269248           16          23.300      8615936      2153984
      269248           32          45.360     17231872      4307968
      269248           64          89.460     34463744      8615936
      269248          128         177.960     68927488     17231872
      269248          256         377.761    137854976     34463744
      269248          512         713.580    275709952     68927488
      269248         1024        1425.051    551419904    137854976
      269248         2048        2856.363   1102839808    275709952
      296128            1          31.150       592256       148064
      296128            2           5.060      1184512       296128
      296128            4           7.310      2369024       592256
      296128            8          13.440      4738048      1184512
      296128           16          25.590      9476096      2369024
      296128           32          49.900     18952192      4738048
      296128           64          98.730     37904384      9476096
      296128          128         195.550     75808768     18952192
      296128          256         399.460    151617536     37904384
      296128          512         781.901    303235072     75808768
      296128         1024        1576.071    606470144    151617536
      296128         2048        3135.803   1212940288    303235072
      325696            1          40.430       651392       162848
      325696            2           4.150      1302784       325696
      325696            4           8.030      2605568       651392
      325696            8          14.670      5211136      1302784
      325696           16          39.120     10422272      2605568
      325696           32          54.720     20844544      5211136
      325696           64         108.010     41689088     10422272
      325696          128         214.960     83378176     20844544
      325696          256         428.351    166756352     41689088
      325696          512         872.950    333512704     83378176
      325696         1024        1751.682    667025408    166756352
      325696         2048        3453.953   1334050816    333512704
      358208            1           9.220       716416       179104
      358208            2           6.590      1432832       358208
      358208            4           8.780      2865664       716416
      358208            8          16.100      5731328      1432832
      358208           16          30.710     11462656      2865664
      358208           32          60.170     22925312      5731328
      358208           64         118.910     45850624     11462656
      358208          128         236.440     91701248     22925312
      358208          256         478.330    183402496     45850624
      358208          512         968.751    366804992     91701248
      358208         1024        1894.382    733609984    183402496
      358208         2048        3796.913   1467219968    366804992
      393984            1           8.400       787968       196992
      393984            2           6.810      1575936       393984
      393984            4           9.710      3151872       787968
      393984            8          17.770      6303744      1575936
      393984           16          44.160     12607488      3151872
      393984           32          66.080     25214976      6303744
      393984           64         130.640     50429952     12607488
      393984          128         259.570    100859904     25214976
      393984          256         531.121    201719808     50429952
      393984          512        1052.650    403439616    100859904
      393984         1024        2103.542    806879232    201719808
      393984         2048        4178.134   1613758464    403439616
      433344            1          24.260       866688       216672
      433344            2           6.020      1733376       433344
      433344            4          10.620      3466752       866688
      433344            8          19.440      6933504      1733376
      433344           16          37.190     13867008      3466752
      433344           32          72.680     27734016      6933504
      433344           64         143.700     55468032     13867008
      433344          128         307.450    110936064     27734016
      433344          256         578.771    221872128     55468032
      433344          512        1170.271    443744256    110936064
      433344         1024        2315.161    887488512    221872128
      433344         2048        4594.184   1774977024    443744256
      476672            1          26.390       953344       238336
      476672            2           7.630      1906688       476672
      476672            4          11.680      3813376       953344
      476672            8          21.360      7626752      1906688
      476672           16          40.890     15253504      3813376
      476672           32          79.920     30507008      7626752
      476672           64         158.030     61014016     15253504
      476672          128         314.411    122028032     30507008
      476672          256         640.170    244056064     61014016
      476672          512        1277.081    488112128    122028032
      476672         1024        2537.602    976224256    244056064
      476672         2048        5048.194   1952448512    488112128
      524288            1          13.070      1048576       262144
      524288            2           9.260      2097152       524288
      524288            4          15.250      4194304      1048576
      524288            8          23.190      8388608      2097152
      524288           16          44.860     16777216      4194304
      524288           32          87.651     33554432      8388608
      524288           64         173.810     67108864     16777216
      524288          128         356.790    134217728     33554432
      524288          256         699.501    268435456     67108864
      524288          512        1405.711    536870912    134217728
      524288         1024        2781.862   1073741824    268435456
      524288         2048        5548.134   2147483648    536870912
      576704            1          11.750      1153408       288352
      576704            2          10.370      2306816       576704
      576704            4          13.890      4613632      1153408
      576704            8          25.820      9227264      2306816
      576704           16          49.420     18454528      4613632
      576704           32          96.570     36909056      9227264
      576704           64         201.010     73818112     18454528
      576704          128         379.680    147636224     36909056
      576704          256         769.561    295272448     73818112
      576704          512        1527.821    590544896    147636224
      576704         1024        3060.422   1181089792    295272448
      634368            1          30.560      1268736       317184
      634368            2           8.720      2537472       634368
      634368            4          15.270      5074944      1268736
      634368            8          28.280     10149888      2537472
      634368           16          54.240     20299776      5074944
      634368           32         106.250     40599552     10149888
      634368           64         210.290     81199104     20299776
      634368          128         417.880    162398208     40599552
      634368          256         860.461    324796416     81199104
      634368          512        1698.201    649592832    162398208
      634368         1024        3366.433   1299185664    324796416
      697792            1          16.550      1395584       348896
      697792            2          12.630      2791168       697792
      697792            4          16.800      5582336      1395584
      697792            8          31.100     11164672      2791168
      697792           16          59.630     22329344      5582336
      697792           32         116.810     44658688     11164672
      697792           64         231.200     89317376     22329344
      697792          128         469.091    178634752     44658688
      697792          256         927.081    357269504     89317376
      697792          512        1864.941    714539008    178634752
      697792         1024        3702.833   1429078016    357269504
      767552            1          19.250      1535104       383776
      767552            2          13.130      3070208       767552
      767552            4          18.350      6140416      1535104
      767552            8          34.050     12280832      3070208
      767552           16          65.400     24561664      6140416
      767552           32         128.570     49123328     12280832
      767552           64         265.350     98246656     24561664
      767552          128         516.541    196493312     49123328
      767552          256        1020.761    392986624     98246656
      767552          512        2038.561    785973248    196493312
      767552         1024        4077.334   1571946496    392986624
      844288            1          50.900      1688576       422144
      844288            2          15.050      3377152       844288
      844288            4          20.170      6754304      1688576
      844288            8          37.480     13508608      3377152
      844288           16          71.980     27017216      6754304
      844288           32         140.860     54034432     13508608
      844288           64         279.500    108068864     27017216
      844288          128         569.821    216137728     54034432
      844288          256        1135.901    432275456    108068864
      844288          512        2246.581    864550912    216137728
      844288         1024        4474.824   1729101824    432275456
      928704            1          26.300      1857408       464352
      928704            2          15.690      3714816       928704
      928704            4          22.210      7429632      1857408
      928704            8          41.090     14859264      3714816
      928704           16          78.930     29718528      7429632
      928704           32         155.000     59437056     14859264
      928704           64         307.091    118874112     29718528
      928704          128         630.780    237748224     59437056
      928704          256        1251.221    475496448    118874112
      928704          512        2480.862    950992896    237748224
      928704         1024        4918.034   1901985792    475496448
     1021568            1          27.200      2043136       510784
     1021568            2          17.320      4086272      1021568
     1021568            4          24.620      8172544      2043136
     1021568            8          45.370     16345088      4086272
     1021568           16          87.200     32690176      8172544
     1021568           32         170.940     65380352     16345088
     1021568           64         349.211    130760704     32690176
     1021568          128         683.090    261521408     65380352
     1021568          256        1373.901    523042816    130760704
     1021568          512        2716.863   1046085632    261521408
     1021568         1024        5424.934   2092171264    523042816
     1123712            1          31.860      2247424       561856
     1123712            2          19.950      4494848      1123712
     1123712            4          26.860      8989696      2247424
     1123712            8          49.840     17979392      4494848
     1123712           16          95.820     35958784      8989696
     1123712           32         187.670     71917568     17979392
     1123712           64         382.571    143835136     35958784
     1123712          128         756.610    287670272     71917568
     1123712          256        1503.131    575340544    143835136
     1123712          512        2990.743   1150681088    287670272
     1236032            1          63.590      2472064       618016
     1236032            2          16.760      4944128      1236032
     1236032            4          29.340      9888256      2472064
     1236032            8          54.460     19776512      4944128
     1236032           16         105.050     39553024      9888256
     1236032           32         217.380     79106048     19776512
     1236032           64         408.651    158212096     39553024
     1236032          128         827.130    316424192     79106048
     1236032          256        1660.732    632848384    158212096
     1236032          512        3283.222   1265696768    316424192
     1359616            1          40.300      2719232       679808
     1359616            2          24.340      5438464      1359616
     1359616            4          32.310     10876928      2719232
     1359616            8          60.180     21753856      5438464
     1359616           16         115.871     43507712     10876928
     1359616           32         227.290     87015424     21753856
     1359616           64         470.380    174030848     43507712
     1359616          128         910.181    348061696     87015424
     1359616          256        1820.681    696123392    174030848
     1359616          512        3595.533   1392246784    348061696
     1495552            1          76.960      2991104       747776
     1495552            2          37.560      5982208      1495552
     1495552            4          35.210     11964416      2991104
     1495552            8          65.720     23928832      5982208
     1495552           16         127.071     47857664     11964416
     1495552           32         249.700     95715328     23928832
     1495552           64         504.230    191430656     47857664
     1495552          128         984.951    382861312     95715328
     1495552          256        1971.822    765722624    191430656
     1495552          512        3944.073   1531445248    382861312
     1645056            1          99.460      3290112       822528
     1645056            2          21.770      6580224      1645056
     1645056            4          38.890     13160448      3290112
     1645056            8          72.540     26320896      6580224
     1645056           16         140.130     52641792     13160448
     1645056           32         274.580    105283584     26320896
     1645056           64         554.021    210567168     52641792
     1645056          128        1088.860    421134336    105283584
     1645056          256        2179.121    842268672    210567168
     1645056          512        4336.464   1684537344    421134336
     1809536            1          98.350      3619072       904768
     1809536            2          24.380      7238144      1809536
     1809536            4          42.780     14476288      3619072
     1809536            8          80.000     28952576      7238144
     1809536           16         154.240     57905152     14476288
     1809536           32         302.050    115810304     28952576
     1809536           64         619.931    231620608     57905152
     1809536          128        1204.111    463241216    115810304
     1809536          256        2401.662    926482432    231620608
     1809536          512        4777.534   1852964864    463241216
     1990464            1          76.190      3980928       995232
     1990464            2          38.790      7961856      1990464
     1990464            4          47.370     15923712      3980928
     1990464            8          87.590     31847424      7961856
     1990464           16         169.050     63694848     15923712
     1990464           32         332.350    127389696     31847424
     1990464           64         672.471    254779392     63694848
     1990464          128        1326.161    509558784    127389696
     1990464          256        2639.592   1019117568    254779392
     1990464          512        5259.354   2038235136    509558784
     2189504            1         114.400      4379008      1094752
     2189504            2          29.410      8758016      2189504
     2189504            4          51.820     17516032      4379008
     2189504            8          96.750     35032064      8758016
     2189504           16         197.521     70064128     17516032
     2189504           32         365.830    140128256     35032064
     2189504           64         730.060    280256512     70064128
     2189504          128        1461.992    560513024    140128256
     2189504          256        2907.292   1121026048    280256512
     2408448            1         155.880      4816896      1204224
     2408448            2          49.880      9633792      2408448
     2408448            4          57.210     19267584      4816896
     2408448            8         106.631     38535168      9633792
     2408448           16         205.510     77070336     19267584
     2408448           32         409.580    154140672     38535168
     2408448           64         798.981    308281344     77070336
     2408448          128        1599.111    616562688    154140672
     2408448          256        3185.113   1233125376    308281344
     2649280            1         166.980      5298560      1324640
     2649280            2          49.560     10597120      2649280
     2649280            4          62.440     21194240      5298560
     2649280            8         117.370     42388480     10597120
     2649280           16         232.211     84776960     21194240
     2649280           32         442.630    169553920     42388480
     2649280           64         892.781    339107840     84776960
     2649280          128        1767.821    678215680    169553920
     2649280          256        3510.063   1356431360    339107840
     2914176            1         149.010      5828352      1457088
     2914176            2          58.410     11656704      2914176
     2914176            4          69.360     23313408      5828352
     2914176            8         129.341     46626816     11656704
     2914176           16         248.820     93253632     23313408
     2914176           32         493.170    186507264     46626816
     2914176           64         982.061    373014528     93253632
     2914176          128        1943.701    746029056    186507264
     2914176          256        3877.844   1492058112    373014528
     3205568            1         136.201      6411136      1602784
     3205568            2          61.220     12822272      3205568
     3205568            4          76.080     25644544      6411136
     3205568            8         142.040     51289088     12822272
     3205568           16         273.430    102578176     25644544
     3205568           32         541.390    205156352     51289088
     3205568           64        1079.541    410312704    102578176
     3205568          128        2136.222    820625408    205156352
     3205568          256        4270.033   1641250816    410312704
     3526080            1         186.770      7052160      1763040
     3526080            2          63.950     14104320      3526080
     3526080            4          83.590     28208640      7052160
     3526080            8         162.121     56417280     14104320
     3526080           16         299.900    112834560     28208640
     3526080           32         598.600    225669120     56417280
     3526080           64        1201.771    451338240    112834560
     3526080          128        2351.412    902676480    225669120
     3526080          256        4685.814   1805352960    451338240
     3878656            1         183.300      7757312      1939328
     3878656            2          66.820     15514624      3878656
     3878656            4          91.970     31029248      7757312
     3878656            8         171.420     62058496     15514624
     3878656           16         330.811    124116992     31029248
     3878656           32         665.170    248233984     62058496
     3878656           64        1308.981    496467968    124116992
     3878656          128        2596.172    992935936    248233984
     3878656          256        5170.834   1985871872    496467968
     4266496            1         199.690      8532992      2133248
     4266496            2          77.020     17065984      4266496
     4266496            4         100.960     34131968      8532992
     4266496            8         192.721     68263936     17065984
     4266496           16         362.960    136527872     34131968
     4266496           32         729.161    273055744     68263936
     4266496           64        1443.191    546111488    136527872
     4266496          128        2838.392   1092222976    273055744
     4693120            1         234.170      9386240      2346560
     4693120            2          86.390     18772480      4693120
     4693120            4         111.080     37544960      9386240
     4693120            8         212.620     75089920     18772480
     4693120           16         399.201    150179840     37544960
     4693120           32         797.890    300359680     75089920
     4693120           64        1567.491    600719360    150179840
     4693120          128        3120.203   1201438720    300359680
     5162432            1         261.750     10324864      2581216
     5162432            2         120.570     20649728      5162432
     5162432            4         120.790     41299456     10324864
     5162432            8         226.510     82598912     20649728
     5162432           16         438.551    165197824     41299456
     5162432           32         880.150    330395648     82598912
     5162432           64        1746.042    660791296    165197824
     5162432          128        3439.843   1321582592    330395648
     5678656            1         276.961     11357312      2839328
     5678656            2         117.250     22714624      5678656
     5678656            4         132.550     45429248     11357312
     5678656            8         249.030     90858496     22714624
     5678656           16         481.880    181716992     45429248
     5678656           32         963.731    363433984     90858496
     5678656           64        1901.362    726867968    181716992
     5678656          128        3776.403   1453735936    363433984
     6246464            1         307.001     12492928      3123232
     6246464            2         112.460     24985856      6246464
     6246464            4         147.510     49971712     12492928
     6246464            8         279.620     99943424     24985856
     6246464           16         544.711    199886848     49971712
     6246464           32        1060.930    399773696     99943424
     6246464           64        2100.192    799547392    199886848
     6246464          128        4171.913   1599094784    399773696
     6871104            1         383.350     13742208      3435552
     6871104            2         121.391     27484416      6871104
     6871104            4         161.920     54968832     13742208
     6871104            8         303.240    109937664     27484416
     6871104           16         599.340    219875328     54968832
     6871104           32        1174.801    439750656    109937664
     6871104           64        2307.562    879501312    219875328
     6871104          128        4591.904   1759002624    439750656
     7558208            1         386.510     15116416      3779104
     7558208            2         133.650     30232832      7558208
     7558208            4         178.320     60465664     15116416
     7558208            8         338.930    120931328     30232832
     7558208           16         652.811    241862656     60465664
     7558208           32        1282.851    483725312    120931328
     7558208           64        2531.082    967450624    241862656
     7558208          128        5040.224   1934901248    483725312
     8313984            1         451.630     16627968      4156992
     8313984            2         158.520     33255936      8313984
     8313984            4         194.570     66511872     16627968
     8313984            8         365.351    133023744     33255936
     8313984           16         711.210    266047488     66511872
     8313984           32        1403.631    532094976    133023744
     8313984           64        2787.643   1064189952    266047488
     8313984          128        5537.394   2128379904    532094976
     9145344            1         534.860     18290688      4572672
     9145344            2         159.080     36581376      9145344
     9145344            4         215.541     73162752     18290688
     9145344            8         406.500    146325504     36581376
     9145344           16         781.900    292651008     73162752
     9145344           32        1547.002    585302016    146325504
     9145344           64        3055.702   1170604032    292651008
    10059840            1         564.930     20119680      5029920
    10059840            2         171.600     40239360     10059840
    10059840            4         240.821     80478720     20119680
    10059840            8         440.910    160957440     40239360
    10059840           16         869.731    321914880     80478720
    10059840           32        1704.201    643829760    160957440
    10059840           64        3370.623   1287659520    321914880
    11065792            1         606.151     22131584      5532896
    11065792            2         186.930     44263168     11065792
    11065792            4         264.630     88526336     22131584
    11065792            8         486.091    177052672     44263168
    11065792           16         956.980    354105344     88526336
    11065792           32        1874.432    708210688    177052672
    11065792           64        3722.803   1416421376    354105344
    12172352            1         680.441     24344704      6086176
    12172352            2         200.780     48689408     12172352
    12172352            4         284.260     97378816     24344704
    12172352            8         546.901    194757632     48689408
    12172352           16        1052.411    389515264     97378816
    12172352           32        2054.661    779030528    194757632
    12172352           64        4072.104   1558061056    389515264
    13389568            1         778.821     26779136      6694784
    13389568            2         235.560     53558272     13389568
    13389568            4         314.870    107116544     26779136
    13389568            8         602.651    214233088     53558272
    13389568           16        1157.660    428466176    107116544
    13389568           32        2265.672    856932352    214233088
    13389568           64        4492.074   1713864704    428466176
    14728512            1         838.291     29457024      7364256
    14728512            2         276.030     58914048     14728512
    14728512            4         358.461    117828096     29457024
    14728512            8         670.420    235656192     58914048
    14728512           16        1294.941    471312384    117828096
    14728512           32        2536.382    942624768    235656192
    14728512           64        4990.094   1885249536    471312384
    16201344            1         900.460     32402688      8100672
    16201344            2         368.291     64805376     16201344
    16201344            4         425.640    129610752     32402688
    16201344            8         783.011    259221504     64805376
    16201344           16        1495.591    518443008    129610752
    16201344           32        2910.222   1036886016    259221504
    16201344           64        5676.915   2073772032    518443008
    17821440            1         988.561     35642880      8910720
    17821440            2         595.061     71285760     17821440
    17821440            4         627.890    142571520     35642880
    17821440            8        1041.541    285143040     71285760
    17821440           16        1914.232    570286080    142571520
    17821440           32        3642.752   1140572160    285143040
    19603584            1        1116.991     39207168      9801792
    19603584            2        1053.041     78414336     19603584
    19603584            4        1259.671    156828672     39207168
    19603584            8        1762.831    313657344     78414336
    19603584           16        2666.632    627314688    156828672
    19603584           32        4657.344   1254629376    313657344
    21563904            1        1224.760     43127808     10781952
    21563904            2        1641.772     86255616     21563904
    21563904            4        2156.101    172511232     43127808
    21563904            8        3046.323    345022464     86255616
    21563904           16        4346.084    690044928    172511232
    21563904           32        6617.775   1380089856    345022464
    23720256            1        1327.711     47440512     11860128
    23720256            2        2297.162     94881024     23720256
    23720256            4        3181.543    189762048     47440512
    23720256            8        4821.314    379524096     94881024
    23720256           16        7329.036    759048192    189762048
    23720256           32       11225.879   1518096384    379524096
    26092224            1        1469.561     52184448     13046112
    26092224            2        2921.383    104368896     26092224
    26092224            4        4162.813    208737792     52184448
    26092224            8        6563.675    417475584    104368896
    26092224           16       11027.339    834951168    208737792
    26092224           32       19801.496   1669902336    417475584
    28701440            1        1656.551     57402880     14350720
    28701440            2        3306.833    114805760     28701440
    28701440            4        4874.354    229611520     57402880
    28701440            8        7890.106    459223040    114805760
    28701440           16       13704.351    918446080    229611520
    28701440           32       25588.751   1836892160    459223040
    31571584            1        1814.132     63143168     15785792
    31571584            2        3724.323    126286336     31571584
    31571584            4        5478.784    252572672     63143168
    31571584            8        8868.658    505145344    126286336
    31571584           16       15434.532   1010290688    252572672
    31571584           32       29266.584   2020581376    505145344
    34728704            1        1992.322     69457408     17364352
    34728704            2        4102.463    138914816     34728704
    34728704            4        6146.285    277829632     69457408
    34728704            8        9979.978    555659264    138914816
    34728704           16       17624.734   1111318528    277829632
    38201536            1        2252.922     76403072     19100768
    38201536            2        4516.174    152806144     38201536
    38201536            4        6741.525    305612288     76403072
    38201536            8       11150.939    611224576    152806144
    38201536           16       19829.616   1222449152    305612288
    42021632            1        2486.372     84043264     21010816
    42021632            2        4960.014    168086528     42021632
    42021632            4        7452.376    336173056     84043264
    42021632            8       12346.790    672346112    168086528
    42021632           16       22134.238   1344692224    336173056
    46223744            1        2732.632     92447488     23111872
    46223744            2        5455.705    184894976     46223744
    46223744            4        8181.487    369789952     92447488
    46223744            8       13631.930    739579904    184894976
    46223744           16       24493.850   1479159808    369789952
    50846080            1        2984.793    101692160     25423040
    50846080            2        6008.525    203384320     50846080
    50846080            4        9009.217    406768640    101692160
    50846080            8       15044.852    813537280    203384320
    50846080           16       27029.152   1627074560    406768640
    55930688            1        3296.803    111861376     27965344
    55930688            2        6607.205    223722752     55930688
    55930688            4       10050.858    447445504    111861376
    55930688            8       16490.764    894891008    223722752
    55930688           16       29753.244   1789782016    447445504
    61523712            1        3719.313    123047424     30761856
    61523712            2        7241.636    246094848     61523712
    61523712            4       10921.648    492189696    123047424
    61523712            8       18205.175    984379392    246094848
    61523712           16       32564.446   1968758784    492189696
    67676032            1        3978.213    135352064     33838016
    67676032            2        8001.266    270704128     67676032
    67676032            4       11968.550    541408256    135352064
    67676032            8       20072.576   1082816512    270704128
    74443584            1        4416.954    148887168     37221792
    74443584            2        8778.997    297774336     74443584
    74443584            4       13213.020    595548672    148887168
    74443584            8       21979.258   1191097344    297774336
    81887936            1        4835.424    163775872     40943968
    81887936            2        9656.518    327551744     81887936
    81887936            4       14512.422    655103488    163775872
    81887936            8       24211.069   1310206976    327551744
    90076672            1        5326.555    180153344     45038336
    90076672            2       10626.468    360306688     90076672
    90076672            4       15993.243    720613376    180153344
    90076672            8       26595.482   1441226752    360306688
    99084288            1        5840.865    198168576     49542144
    99084288            2       11726.559    396337152     99084288
    99084288            4       17627.024    792674304    198168576
    99084288            8       29320.644   1585348608    396337152
   108992704            1        6427.245    217985408     54496352
   108992704            2       13022.460    435970816    108992704
   108992704            4       19328.306    871941632    217985408
   108992704            8       32353.986   1743883264    435970816
   119891968            1        7030.726    239783936     59945984
   119891968            2       14160.011    479567872    119891968
   119891968            4       21242.007    959135744    239783936
   119891968            8       35438.309   1918271488    479567872
   131881152            1        7765.896    263762304     65940576
   131881152            2       15611.563    527524608    131881152
   131881152            4       23375.499   1055049216    263762304
   131881152            8       39019.381   2110098432    527524608
   145069248            1        8528.907    290138496     72534624
   145069248            2       17188.444    580276992    145069248
   145069248            4       25750.341   1160553984    290138496
   159576128            1        9380.928    319152256     79788064
   159576128            2       18869.345    638304512    159576128
   159576128            4       28295.193   1276609024    319152256
   175533696            1       10344.978    351067392     87766848
   175533696            2       20711.717    702134784    175533696
   175533696            4       31157.185   1404269568    351067392
   193087040            1       11379.359    386174080     96543520
   193087040            2       22897.219    772348160    193087040
   193087040            4       34110.367   1544696320    386174080
   212395712            1       12456.130    424791424    106197856
   212395712            2       25030.611    849582848    212395712
   212395712            4       37687.030   1699165696    424791424
   233635264            1       13760.491    467270528    116817632
   233635264            2       27504.773    934541056    233635264
   233635264            4       41400.583   1869082112    467270528
   256998784            1       15037.113    513997568    128499392
   256998784            2       30282.154   1027995136    256998784
   256998784            4       45526.937   2055990272    513997568
   282698624            1       16629.763    565397248    141349312
   282698624            2       33378.087   1130794496    282698624
   310968448            1       18261.755    621936896    155484224
   310968448            2       36651.000   1243873792    310968448
   342065280            1       20122.706    684130560    171032640
   342065280            2       40325.173   1368261120    342065280
   376271808            1       22174.138    752543616    188135904
   376271808            2       44464.086   1505087232    376271808
   413898944            1       24389.669    827797888    206949472
   413898944            2       48759.830   1655595776    413898944
   455288832            1       26855.732    910577664    227644416
   455288832            2       53676.183   1821155328    455288832
   500817664            1       29439.104   1001635328    250408832
   500817664            2       59075.058   2003270656    500817664
   550899392            1       32430.216   1101798784    275449696
   605989312            1       36065.479   1211978624    302994656
   666588224            1       39861.832   1333176448    333294112
   733247040            1       43507.545   1466494080    366623520
   806571712            1       47466.558   1613143424    403285856
   887228864            1       52208.412   1774457728    443614432
   975951744            1       57454.466   1951903488    487975872
  1073546880            1       63303.061   2147093760    536773440

META_DATA
FLOPS          4
OPENMP_THREADS 8
ERT_VERSION  1.1.0
HOSTNAME  ('pve.fritz.box', ['pve'], ['192.168.188.21'])
UNAME  uname_result(system='Linux', node='pve', release='6.14.8-2-pve', version='#1 SMP PREEMPT_DYNAMIC PMX 6.14.8-2 (2025-07-22T10:04Z)', machine='x86_64')
TIMESTAMP_DATA  1765907113.0271647
CONFIG  {'ERT_MPI': ['False'], 'ERT_OPENMP': ['True'], 'ERT_OPENMP_CFLAGS': ['-fopenmp'], 'ERT_OPENMP_LDFLAGS': ['-fopenmp'], 'ERT_PRECISION': ['FP64'], 'ERT_TRIALS_MIN': ['1'], 'ERT_TRIALS': ['3', '#', 'Run', 'each', 'test', '3', 'times', 'to', 'filter', 'out', 'background', 'noise'], 'ERT_RESULTS': ['Results/1600X'], 'ERT_GNUPLOT': ['gnuplot'], 'ERT_DRIVER': ['driver1'], 'ERT_KERNEL': ['kernel1'], 'ERT_CC': ['g++'], 'ERT_LD': ['g++'], 'ERT_CFLAGS': ['-O3', '-march=native', '-fopenmp', '-fstrict-aliasing', '-funroll-loops', '-Wno-all'], 'ERT_LDFLAGS': ['-O3', '-march=native', '-fopenmp'], 'ERT_LDLIBS': ['-lm'], 'ERT_RUN': ['export', 'OMP_NUM_THREADS=ERT_OPENMP_THREADS;', './ERT_CODE'], 'ERT_WORKING_SET_MIN': ['128'], 'ERT_MEMORY_MAX': ['1073741824'], 'ERT_ALIGN': ['64'], 'ERT_MIN_PROCS': ['1'], 'ERT_MAX_PROCS': ['1'], 'ERT_OPENMP_THREADS': ['1,2,4,8,12', '#', 'Logical', 'Threads'], 'ERT_NUM_EXPERIMENTS': ['5'], 'ERT_FLOPS': ['1,2,4,8'], 'ERT_GPU': [False], 'ERT_HIP': [False], 'ERT_OCL': [False], 'ERT_SYCL': [False], 'ERT_WSS_MULT': [1.1]}
