fp64
 4096 262144 2750.04 2753.299 2757.077 778.8986843675385 779.9674673909373 780.8917863012902 194.72467109188463 194.99186684773431 195.22294657532254
 4480 131072 1470.738 1473.995 1478.19 794.4886110716484 796.7497311727653 798.5141609178521 198.6221527679121 199.18743279319133 199.62854022946303
 4928 131072 1641.181 1644.629 1646.616 784.5457787365117 785.4936475034796 787.1439116099931 196.13644468412792 196.3734118758699 196.78597790249827
 5408 131072 1811.404 1812.779 1815.858 780.718950490622 782.0449994180206 782.6386338994504 195.1797376226555 195.51124985450514 195.6596584748626
 5920 131072 1987.309 1996.635 1999.102 776.2947963635672 777.2539698041955 780.9014501519391 194.0736990908918 194.3134924510489 195.22536253798478
 6496 131072 2233.955 2238.649 2240.594 760.0160600269392 760.676382943463 762.274720842631 190.0040150067348 190.16909573586574 190.56868021065776
 7136 131072 2389.466 2395.523 2471.788 756.8042178374521 780.8981938390906 782.8776739237973 189.20105445936304 195.22454845977265 195.71941848094932
 7840 131072 2672.994 2675.186 2679.243 767.0856880096355 768.2489965183729 768.8790023471806 191.77142200240888 192.06224912959323 192.21975058679516
 8608 65536 1456.991 1457.637 1461.14 772.183210369985 774.0389246431039 774.3821176657921 193.04580259249624 193.50973116077597 193.59552941644802
 9440 65536 1588.726 1590.501 1592.869 776.786841855796 777.9433524405202 778.8125076319012 194.196710463949 194.48583811013006 194.7031269079753
 10368 65536 1704.171 1706.24 1708.922 795.2115403745753 796.4615153788448 797.4284834092354 198.80288509364382 199.1153788447112 199.35712085230884
 11392 65536 1877.554 1880.374 1910.407 781.5990121476733 794.0825729349588 795.2752485414534 195.39975303691833 198.5206432337397 198.81881213536334
 12512 65536 2083.536 2087.134 2138.117 767.0173634090182 785.7535088786824 787.1104046198386 191.75434085225456 196.4383772196706 196.77760115495965
 13760 65536 2314.063 2315.696 2317.329 778.2885900103092 778.837429438061 779.38704348153 194.5721475025773 194.70935735951525 194.8467608703825
 15136 65536 2503.89 2504.083 2505.622 791.7817579826486 792.2683840751284 792.3294521724198 197.94543949566216 198.0670960187821 198.08236304310495
 16640 32768 1395.373 1397.586 1400.118 778.8765232644678 780.287610207887 781.5251119234784 194.71913081611694 195.07190255197176 195.3812779808696
 18304 32768 1504.282 1509.788 1510.633 794.0849590866875 794.5293935307474 797.4375442902328 198.52123977167187 198.63234838268684 199.3593860725582
 20128 32768 1703.381 1703.735 1710.976 770.9685045260717 774.2451778005384 774.4060829608878 192.74212613151792 193.5612944501346 193.60152074022196
 22112 32768 1873.013 1877.105 1881.842 770.0604152739709 772.0037142301577 773.690322491088 192.51510381849272 193.00092855753942 193.422580622772
 24320 32768 2042.693 2045.019 2047.138 778.5676979275457 779.3744312400032 780.2618993652007 194.64192448188643 194.8436078100008 195.0654748413002
 26752 32768 2212.655 2213.796 2217.991 790.4536456640267 791.9515041132969 792.3598898156288 197.61341141600667 197.98787602832422 198.0899724539072
 29408 32768 2430.203 2439.506 2464.548 782.002496198086 790.0299027753981 793.0541967070241 195.5006240495215 197.50747569384953 198.26354917675602
 32320 32768 2664.824 2669.28 2678.292 790.8486154608983 793.5186717017324 794.845558280772 197.71215386522456 198.3796679254331 198.711389570193
 35552 16384 1468.787 1470.06 1490.121 781.7941871834569 792.4628491354094 793.1496779315177 195.44854679586422 198.11571228385236 198.28741948287941
 39104 16384 1644.407 1646.899 1669.678 767.4293318831534 778.0439917687727 779.223070687488 191.85733297078835 194.51099794219317 194.805767671872
 43008 16384 1801.165 1802.29 1810.943 778.2056884175813 781.9419427506117 782.4303403630428 194.55142210439533 195.48548568765293 195.6075850907607
 47296 16384 1985.001 1989.783 1992.599 777.77582343462 778.8765548806077 780.7529205274959 194.443955858655 194.71913872015193 195.18823013187398
 52000 16384 2142.41 2145.898 2147.633 793.4018521786544 794.0433329077149 795.3360934648363 198.3504630446636 198.51083322692872 198.83402336620907
 57184 16384 2401.213 2412.35 2414.447 776.0805318981944 776.7551607353826 780.3578074914636 194.0201329745486 194.18879018384564 195.0894518728659
 62880 16384 2648.256 2670.996 2690.129 765.9304962698815 771.4170444283704 778.0410353077648 191.48262406747037 192.8542611070926 194.5102588269412
 69152 8192 1427.307 1429.495 1430.87 791.8164249722198 792.5780558868693 793.7930438230878 197.95410624305495 198.14451397171732 198.44826095577196
 76064 8192 1568.05 1570.611 1586.318 785.6133360398104 793.4699145746463 794.7658403749881 196.4033340099526 198.36747864366157 198.69146009374703
 83648 8192 1757.535 1759.35 1784.124 768.1578365629294 778.9745258191946 779.7789699778382 192.03945914073236 194.74363145479865 194.94474249445955
 92000 8192 1933.556 1934.432 1937.24 778.0801552724495 779.209607781509 779.5626296833399 194.52003881811237 194.80240194537726 194.89065742083497
 101184 8192 2088.322 2107.369 2118.19 782.6487029020059 786.667477788655 793.8424514993377 195.66217572550147 196.66686944716375 198.46061287483442
 111296 8192 2310.507 2333.116 2364.537 771.1757794443479 781.5615100149328 789.209322456067 192.79394486108697 195.3903775037332 197.30233061401674
 122400 8192 2520.867 2524.462 2535.467 790.9397361511706 794.3877150854321 795.520588749823 197.73493403779264 198.59692877135802 198.88014718745575
 134624 4096 1397.648 1401.52 1405.823 784.4798441909115 786.8883840401849 789.0683548361247 196.11996104772788 196.72209601004622 197.26708870903119
 148064 4096 1579.335 1591.94 1596.09 759.9447950930086 761.9258816287046 768.0069700221928 189.98619877325214 190.48147040717615 192.0017425055482
 162848 4096 1705.965 1710.31 1714.47 778.1126622221444 780.0052715589571 781.9919025302396 194.5281655555361 195.00131788973928 195.4979756325599
 179104 4096 1879.615 1883.727 1885.038 778.3503398870474 778.8920411503365 780.5960092891363 194.58758497176186 194.72301028758412 195.14900232228408
 196992 4096 2066.688 2067.993 2069.294 779.8594419159385 780.3500611462418 780.8428093645484 194.96486047898463 195.08751528656046 195.2107023411371
 216672 4096 2315.25 2318.799 2335.841 759.8877766080825 765.4725674799756 766.645944930353 189.97194415202063 191.3681418699939 191.66148623258826
 238336 4096 2522.946 2535.995 2540.916 768.4034072751715 769.8944643029658 773.8764571259155 192.10085181879288 192.47361607574146 193.46911428147888
 262144 4096 2782.594 2791.591 2818.199 762.0056809331066 769.2687245373696 771.7560118364376 190.50142023327666 192.3171811343424 192.9390029591094
 288352 2048 1536.378 1538.992 1546.923 763.5091029094532 767.4437501949329 768.7494822237758 190.8772757273633 191.86093754873323 192.18737055594394
 317184 2048 1684.997 1687.648 1688.94 769.2313901026679 769.8202847987258 771.03144041206 192.30784752566697 192.45507119968144 192.757860103015
 348896 2048 1828.057 1835.347 1851.862 771.6978997355094 778.6418677231063 781.7469674085655 192.92447493387735 194.66046693077658 195.43674185214138
 383776 2048 2010.422 2037.28 2038.614 771.085892670216 771.5907955705648 781.8987734913367 192.771473167554 192.8976988926412 195.47469337283417
 422144 2048 2238.454 2241.392 2251.436 767.9995451791656 771.4410616259895 772.4535880567571 191.9998862947914 192.86026540649738 193.11339701418927
 464352 2048 2426.361 2438.873 2516.775 755.7234127007778 779.8625807903896 783.8840930924954 188.93085317519444 194.9656451975974 195.97102327312385
 510784 2048 2695.059 2718.292 2723.75 768.1216205598898 769.6639154292476 776.2988728632657 192.03040513997246 192.4159788573119 194.07471821581643
 561856 1024 1475.252 1481.64 1483.982 775.4009738662598 776.6266353500175 779.9895123002714 193.85024346656496 194.15665883750438 194.99737807506784
 618016 1024 1631.105 1650.253 1658.952 762.949601917355 766.9713480296657 775.9750402334613 190.73740047933876 191.74283700741643 193.99376005836532
 679808 1024 1779.322 1781.002 1783.765 780.5102039786631 781.721067129627 782.4591524187302 195.12755099466577 195.43026678240676 195.61478810468256
 747776 1024 1982.162 1986.813 2045.776 748.5889207811608 770.8049262814367 772.6135643807116 187.1472301952902 192.70123157035917 193.1533910951779
 822528 1024 2183.337 2208.439 2218.943 759.1620622972289 762.7728653587443 771.5425259591167 189.79051557430722 190.69321633968607 192.88563148977917
 904768 1024 2390.424 2422.7 2426.874 763.5191872342775 764.8346324348868 775.1615880697316 190.87979680856938 191.2086581087217 193.7903970174329
 995232 1024 2613.826 2617.854 2618.765 778.31922146508 778.5900726320109 779.7899079739814 194.57980536627 194.64751815800273 194.94747699349534
 1094752 512 1454.688 1459.006 1463.15 766.1730157536821 768.3491692289134 770.6298862711453 191.54325393842052 192.08729230722835 192.65747156778633
 1204224 512 1601.473 1606.585 1609.332 766.2342984542654 767.5444349349708 769.9944838283257 191.55857461356635 191.8861087337427 192.4986209570814
 1324640 512 1761.351 1773.199 1776.791 763.4163838065366 764.9628496293985 770.108490584784 190.85409595163415 191.24071240734963 192.527122646196
 1457088 512 1916.927 1919.895 1923.828 775.5673126703634 777.1561007242584 778.3593804041574 193.89182816759086 194.2890251810646 194.58984510103934
 1602784 512 2115.37 2118.3 2161.132 759.4403377489203 774.7962120568379 775.8693826611892 189.86008443723009 193.69905301420948 193.9673456652973
 1763040 512 2319.466 2322.149 2325.883 776.2011072783971 777.4492334471216 778.3485336711122 194.05027681959928 194.3623083617804 194.58713341777806
 1939328 512 2553.56 2555.455 2555.789 777.0093196269331 777.1108753627045 777.6875702940209 194.25232990673328 194.27771884067613 194.42189257350523
 2133248 256 1438.092 1440.969 1445.415 755.6466315902353 757.9781216667395 759.4945080008788 188.91165789755883 189.49453041668488 189.8736270002197
 2346560 256 1616.084 1623.12 1632.161 736.1030682634863 740.2032628517917 743.4259110293772 184.02576706587158 185.05081571294792 185.8564777573443
 2581216 256 1781.498 1784.507 1792.533 737.2709969635148 740.5869475434952 741.8378196326911 184.3177492408787 185.1467368858738 185.45945490817277
 2839328 256 1924.073 1927.477 1932.064 752.4263875316759 754.2170080369311 755.5513413472357 188.10659688291898 188.55425200923278 188.88783533680893
 3123232 256 2098.818 2110.886 2117.234 755.2754131097461 757.5467287195994 761.902548958509 188.81885327743652 189.38668217989985 190.47563723962725
 3435552 256 2311.583 2314.706 2341.075 751.3653445532502 759.9248561156363 760.9515314829708 187.84133613831256 189.98121402890908 190.2378828707427
 3779104 256 2537.714 2541.07 2542.76 760.945290943699 761.4513759951516 762.458357403553 190.23632273592474 190.3628439987879 190.61458935088825
 4156992 256 2793.366 2796.989 2915.028 730.1404665752783 760.9539772948696 761.9409357742595 182.53511664381958 190.2384943237174 190.48523394356488
 4572672 128 1542.908 1544.242 1548.799 755.8140417187769 758.0444204988596 758.6998265612726 188.95351042969423 189.5111051247149 189.67495664031816
 5029920 128 1700.904 1705.548 1708.465 753.6938245735207 754.9828676765474 757.0442070804702 188.42345614338018 188.74571691913684 189.26105177011755
 5532896 128 1859.57 1868.301 1896.142 747.0017414307578 758.1333928526506 761.6929591249591 186.75043535768944 189.53334821316264 190.42323978123977
 6086176 128 2055.713 2061.195 2082.413 748.1998316376244 755.9018220013148 757.9175964738268 187.0499579094061 188.9754555003287 189.4793991184567
 6694784 128 2247.966 2252.178 2720.594 629.9597455555661 760.9810165981552 762.4068620254933 157.48993638889152 190.2452541495388 190.60171550637332
 7364256 128 2484.106 2485.502 2503.375 753.0831521446048 758.4984988947906 758.9247544186921 188.2707880361512 189.62462472369765 189.73118860467304
 8100672 128 2737.944 2742.386 2746.064 755.1797889634037 756.1926118350955 757.4194475854874 188.79494724085092 189.04815295877387 189.35486189637186
 8910720 64 1573.168 1586.865 1602.708 711.6531270824131 718.7581552305962 725.0161203380695 177.91328177060328 179.68953880764906 181.25403008451738
 9801792 64 3139.471 3181.299 3253.789 385.5902690678467 394.3764405672023 399.6308218805015 96.39756726696167 98.59411014180057 99.90770547012538
 10781952 64 3698.223 7918.584 8145.74 169.42473685631998 174.2849297298608 373.17648394918314 42.356184214079995 43.5712324324652 93.29412098729578
 11860128 64 4280.954 11891.117 12083.409 125.63477608016082 127.6664239364561 354.6163738269554 31.408694020040205 31.916605984114025 88.65409345673885
 13046112 64 14952.0 21715.936 24064.635 69.39238164218989 76.89755283861584 111.68421187800963 17.348095410547472 19.22438820965396 27.92105296950241
 14350720 64 27658.77 27777.89 28100.331 65.36905775238021 66.12785060348357 66.41264814017399 16.342264438095054 16.53196265087089 16.603162035043496
 15785792 64 32183.002 32283.41 33634.75 60.074220144344764 62.588845973829905 62.78411740458519 15.018555036086191 15.647211493457476 15.696029351146297
 17364352 32 18505.597 18772.275 18873.492 58.88250716931451 59.19999190295262 60.053103285454654 14.720626792328627 14.799997975738155 15.013275821363663
 19100768 32 20099.066 20408.945 20673.42 59.13144278982385 59.8977140660627 60.82119198971734 14.782860697455963 14.974428516515674 15.205297997429335
 21010816 32 21955.77 22064.344 22627.122 59.42833666605944 60.9441288623854 61.2455051223437 14.85708416651486 15.23603221559635 15.311376280585925
 23111872 32 24286.25 24343.9 26327.762 56.182512133010015 60.76100411191304 60.90523683154048 14.045628033252504 15.19025102797826 15.22630920788512
 25423040 32 26821.289 27870.963 28801.286 56.49312186962763 58.378842525104 60.66354827316465 14.123280467406907 14.594710631276 15.165887068291163
 27965344 32 29635.663 29746.12 30416.412 58.842641137291274 60.16858723087247 60.39284547134984 14.710660284322818 15.042146807718117 15.09821136783746
 30761856 32 32502.871 32593.679 33291.528 59.13693069299793 60.40308564123737 60.57184253046446 14.784232673249482 15.100771410309342 15.142960632616115
 33838016 16 18794.079 19041.726 19387.251 55.851988092587234 56.8654602004041 57.6147685662064 13.962997023146809 14.216365050101025 14.4036921415516
 37221792 16 20968.993 21069.633 21202.58 56.17700034618427 56.531470861405126 56.80279181742299 14.044250086546068 14.132867715351281 14.200697954355748
 40943968 16 22572.156 22891.394 23001.993 56.96058493714001 57.23578808699898 58.045273832061056 14.240146234285003 14.308947021749745 14.511318458015264
 45038336 16 24754.48 25068.32 25363.355 56.823190465141536 57.491956062472475 58.22084535809276 14.205797616285384 14.372989015618119 14.55521133952319
 49542144 16 27490.332 27721.886 28238.294 56.14179836784758 57.187617321563195 57.66931472490038 14.035449591961894 14.296904330390799 14.417328681225095
 54496352 16 30441.412 30520.625 30774.053 56.667325035152174 57.137862150594884 57.2865432129101 14.166831258788044 14.284465537648721 14.321635803227524
 59945984 16 33334.261 33446.51 33941.2 56.517491662050844 57.35341259820532 57.546543119704985 14.129372915512711 14.33835314955133 14.386635779926246
 65940576 16 36357.792 36633.795 37251.705 56.64434505749468 57.59977725485444 58.03703459219966 14.16108626437367 14.39994431371361 14.509258648049915
 72534624 8 22133.105 22677.714 23602.144 49.17154916095759 51.1759687947383 52.435208887320606 12.292887290239397 12.793992198684576 13.108802221830151
 79788064 8 24613.125 24670.23 25939.223 49.215391841151146 51.74694455625262 51.867002828775306 12.303847960287786 12.936736139063155 12.966750707193826
 87766848 8 26857.032 27060.827 27357.994 51.329405511237404 51.89307658631422 52.286848673375374 12.832351377809351 12.973269146578556 13.071712168343844
 96543520 8 29465.097 29762.491 30111.283 51.299584942959754 51.90077403131343 52.4246134333106 12.824896235739939 12.975193507828358 13.10615335832765
 106197856 8 32527.831 32639.41 33954.193 50.042882656642725 52.058713561305176 52.23728861601623 12.510720664160681 13.014678390326294 13.059322154004057
 116817632 8 35870.463 36071.919 36354.498 51.41267834313103 51.81543327373296 52.10643955167235 12.853169585782757 12.95385831843324 13.026609887918088
 128499392 8 39310.892 39371.256 40035.124 51.35466227105977 52.22059138778808 52.30077892915785 12.838665567764943 13.05514784694702 13.075194732289463
 141349312 4 25823.648 25853.238 26251.63 43.075210796434355 43.7389891355195 43.789107410386016 10.768802699108589 10.934747283879876 10.947276852596504
 155484224 4 28455.257 28649.884 29627.63 41.98357384643996 43.41636398946677 43.71332130298454 10.49589346160999 10.854090997366692 10.928330325746135
 171032640 4 31093.938 31328.12 31751.58 43.09269396987489 43.67517489080098 44.004111669612264 10.773173492468722 10.918793722700245 11.001027917403066
 188135904 4 34255.447 34493.153 34813.389 43.23299957955831 43.634376712386945 43.93716514631964 10.808249894889578 10.908594178096736 10.98429128657991
 206949472 4 37597.365 38573.818 39563.935 41.84608472337244 42.92019462527665 44.03488850880906 10.46152118084311 10.730048656319163 11.008722127202265
 227644416 4 41590.364 41778.308 42587.216 42.76295797311569 43.59093068106061 43.78791510456604 10.690739493278922 10.897732670265153 10.94697877614151
 250408832 4 45575.754 45790.057 46368.884 43.20290857118753 43.74903171664538 43.95474523581113 10.800727142796882 10.937257929161346 10.988686308952783
 275449696 2 33138.677 33262.64 33854.448 32.54517054893349 33.12421335167624 33.24812224700461 8.136292637233373 8.28105333791906 8.312030561751152
 302994656 2 36566.151 36822.986 37675.785 32.168636273935626 32.91364323360414 33.14482358288134 8.042159068483906 8.228410808401035 8.286205895720334
 333294112 2 40163.217 40516.526 40725.621 32.735570760234694 32.90451032252864 33.19396571245775 8.183892690058673 8.22612758063216 8.298491428114437
 366623520 2 44156.147 44298.726 44678.111 32.82354708326858 33.10465587655951 33.21154991172577 8.205886770817145 8.276163969139878 8.302887477931442
 403285856 2 48500.099 48707.024 49475.128 32.60513897002955 33.11931815008858 33.26062126182464 8.151284742507388 8.279829537522145 8.31515531545616
 443614432 2 53520.32 53998.843 55308.378 32.082982581770885 32.8610323743418 33.154841525611204 8.020745645442721 8.21525809358545 8.288710381402801
 487975872 2 58701.324 58948.968 59550.77 32.77713265504376 33.11174994615682 33.251438894291375 8.19428316376094 8.277937486539205 8.312859723572844
 536773440 2 64491.182 64776.248 65666.401 32.696991571077575 33.14631251874916 33.292826917019454 8.174247892769394 8.28657812968729 8.323206729254863
 590450784 1 35566.503 35724.167 36004.201 32.79899387296499 33.056098075009 33.20263361286882 8.199748468241248 8.26402451875225 8.300658403217206
 649495840 1 39179.372 39471.374 39727.953 32.697171183222046 32.90971527872326 33.154989824747574 8.174292795805512 8.227428819680815 8.288747456186893
 714445408 1 43019.664 43130.831 43327.577 32.97878429712328 33.12922062642382 33.21482975785213 8.24469607428082 8.282305156605956 8.303707439463032
 785889920 1 47250.031 47367.489 49382.307 31.82880540595238 33.18267176881595 33.265159974180754 7.957201351488095 8.295667942203988 8.316289993545189
 864478912 1 51894.768 52584.444 53657.681 32.22200049979797 32.87964448193082 33.316611493474646 8.055500124949493 8.219911120482704 8.329152873368662
 950926784 1 57406.082 57831.105 62978.684 30.19836946735819 32.88634322308038 33.129827045155245 7.549592366839548 8.221585805770095 8.282456761288811
 1046019456 1 63036.713 63289.553 63445.625 32.973730056248954 33.055043254927085 33.18762689926424 8.243432514062238 8.263760813731771 8.29690672481606
 
META_DATA
 FLOPS          4
 OPENMP_THREADS 4
 ERT_VERSION  1.1.0
 HOSTNAME  ('cachyos-laptop', [], ['127.0.1.1'])
 UNAME  uname_result(system='Linux', node='cachyos-laptop', release='6.18.0-2-cachyos', version='#1 SMP PREEMPT_DYNAMIC Sat, 06 Dec 2025 07:42:36 +0000', machine='x86_64')
 TIMESTAMP_DATA  1765908167.7188826
 CONFIG  {'ERT_MPI': ['False'], 'ERT_OPENMP': ['True'], 'ERT_OPENMP_CFLAGS': ['-fopenmp'], 'ERT_OPENMP_LDFLAGS': ['-fopenmp'], 'ERT_PRECISION': ['FP64'], 'ERT_TRIALS_MIN': ['1'], 'ERT_TRIALS': ['3', '#', 'Run', 'each', 'test', '3', 'times', 'to', 'filter', 'out', 'background', 'noise'], 'ERT_RESULTS': ['Results/5500U'], 'ERT_GNUPLOT': ['gnuplot'], 'ERT_DRIVER': ['driver1'], 'ERT_KERNEL': ['kernel1'], 'ERT_CC': ['g++'], 'ERT_LD': ['g++'], 'ERT_CFLAGS': ['-O3', '-march=native', '-fopenmp', '-fstrict-aliasing', '-funroll-loops', '-Wno-all'], 'ERT_LDFLAGS': ['-O3', '-march=native', '-fopenmp'], 'ERT_LDLIBS': ['-lm'], 'ERT_RUN': ['export', 'OMP_NUM_THREADS=ERT_OPENMP_THREADS;', './ERT_CODE'], 'ERT_WORKING_SET_MIN': ['128'], 'ERT_MEMORY_MAX': ['1073741824'], 'ERT_ALIGN': ['64'], 'ERT_MIN_PROCS': ['1'], 'ERT_MAX_PROCS': ['1'], 'ERT_OPENMP_THREADS': ['1,2,4,8,12', '#', 'Logical', 'Threads'], 'ERT_NUM_EXPERIMENTS': ['5'], 'ERT_FLOPS': ['1,2,4,8'], 'ERT_GPU': [False], 'ERT_HIP': [False], 'ERT_OCL': [False], 'ERT_SYCL': [False], 'ERT_WSS_MULT': [1.1]}
 TIMESTAMP_DATA  1765908180.2885642
 TIMESTAMP_DATA  1765908192.828729
 TIMESTAMP_DATA  1765908205.3893554
 TIMESTAMP_DATA  1765908217.9075832
 