fp64
 12288 65536 1352.086 1361.398 1370.067 1175.5722428173221 1183.0579566004944 1191.2058374985024 293.89306070433054 295.7644891501236 297.8014593746256
 13440 65536 1427.788 1433.898 1474.079 1195.0564929016696 1228.5446245130408 1233.8019930129683 298.7641232254174 307.1361561282602 308.4504982532421
 14784 65536 1599.652 1603.111 1605.428 1207.0104968893029 1208.7550069832967 1211.368752703713 301.7526242223257 302.18875174582416 302.84218817592824
 16224 65536 1755.558 1756.887 1758.804 1209.0671433542338 1210.3863982145692 1211.302690084862 302.26678583855846 302.5965995536423 302.8256725212155
 17760 32768 966.082 967.274 967.361 1203.1902878036224 1203.2985069380547 1204.7831964574436 300.7975719509056 300.8246267345137 301.1957991143609
 19488 32768 1065.344 1066.173 1344.629 949.827475087924 1197.8971217616654 1198.829268292683 237.456868771981 299.47428044041635 299.70731707317077
 21408 32768 1172.371 1173.725 1175.278 1193.7555948464958 1195.3350980851565 1196.7156198848315 298.43889871162395 298.8337745212891 299.1789049712079
 23520 32768 1274.804 1279.759 1292.437 1192.6358654232276 1204.4507754975739 1209.1323215176606 298.1589663558069 301.11269387439347 302.28308037941514
 25824 32768 1389.605 1390.939 1393.778 1214.2548268088603 1216.7332025344028 1217.9012481964298 303.5637067022151 304.1833006336007 304.47531204910746
 28320 32768 1533.059 1536.672 1550.484 1197.032358927922 1207.7915911788593 1210.6380250205634 299.2580897319805 301.94789779471483 302.65950625514085
 31104 32768 1654.408 1656.79 1656.963 1230.2216428489953 1230.3501010991133 1232.121546801031 307.55541071224883 307.58752527477833 308.03038670025774
 34176 16384 906.697 910.331 910.947 1229.3571063958716 1230.1889840069161 1235.1195250453018 307.3392765989679 307.54724600172904 308.77988126132544
 37536 16384 1012.843 1013.011 1013.408 1213.7062742745272 1214.1819269484736 1214.3833229829302 303.4265685686318 303.5454817371184 303.59583074573254
 41280 16384 1104.848 1109.665 1111.627 1216.8317610133615 1218.9832426903615 1224.2978581669154 304.2079402533404 304.7458106725904 306.07446454172884
 45408 16384 1220.121 1221.609 1256.16 1184.5062285059228 1218.007843753607 1219.4932666514223 296.1265571264807 304.50196093840174 304.8733166628556
 49920 16384 1327.178 1331.721 1333.587 1226.600559243604 1228.3192650712876 1232.5238664293713 306.650139810901 307.0798162678219 308.1309666073428
 54912 16384 1462.314 1464.07 1480.025 1215.7608256617286 1229.0098260329082 1230.4856658693002 303.94020641543216 307.25245650822706 307.62141646732505
 60384 16384 1612.989 1615.546 1620.043 1221.3644403265841 1224.764204795159 1226.7057692271926 305.34111008164604 306.19105119878975 306.67644230679815
 66336 8192 890.626 891.431 891.645 1218.9257204380667 1219.2183399500352 1220.3203409736523 304.7314301095167 304.8045849875088 305.08008524341307
 72960 8192 970.85 972.453 972.799 1228.8012631591932 1229.238472193515 1231.2681052685791 307.2003157897983 307.30961804837875 307.8170263171448
 80256 8192 1068.184 1069.101 1158.841 1134.6805161363811 1229.925239991357 1230.981089400328 283.6701290340953 307.4813099978393 307.745272350082
 88224 8192 1180.761 1182.1 1184.133 1220.6922837215077 1222.7916555282973 1224.1783188977279 305.1730709303769 305.6979138820743 306.04457972443197
 96960 8192 1292.413 1294.302 1346.103 1180.1419653622345 1227.3740131746686 1229.1679517306 295.0354913405586 306.84350329366714 307.29198793265
 106656 8192 1426.208 1428.213 1428.438 1223.3305918772812 1223.5233147996832 1225.2433754403285 305.8326479693203 305.8808286999208 306.3108438600821
 117312 8192 1563.983 1565.609 1569.337 1224.746378884841 1227.6627229404023 1228.939066473229 306.18659472121027 306.9156807351006 307.2347666183073
 129024 8192 1776.038 1785.099 1788.679 1181.8382258638917 1184.2083918034798 1190.2499923988112 295.4595564659729 296.05209795086995 297.5624980997028
 141888 4096 944.385 946.664 946.902 1227.525653129891 1227.8342643218714 1230.7972871233662 306.88141328247275 306.95856608046785 307.69932178084156
 156000 4096 1041.003 1041.229 1044.041 1224.0438833340838 1227.3496032092844 1227.6160587433465 306.01097083352096 306.8374008023211 306.9040146858366
 171552 4096 1146.091 1146.326 1147.355 1224.8641301079438 1225.9636298923692 1226.2150073597995 306.21603252698594 306.4909074730923 306.5537518399499
 188640 4096 1257.051 1257.375 1258.164 1228.2491630661823 1229.0198866686549 1229.3366617583536 307.0622907665456 307.2549716671637 307.3341654395884
 207456 4096 1382.206 1382.902 1694.022 1003.221653555857 1228.9226221380834 1229.541437383429 250.80541338896424 307.23065553452085 307.38535934585724
 228192 4096 1520.767 1523.218 1523.566 1226.9562749496904 1227.2365899037432 1229.2145108356506 306.7390687374226 306.8091474759358 307.30362770891264
 250944 4096 1672.587 1675.316 1683.79 1220.896458584503 1227.0719362794841 1229.0740320234465 305.22411464612577 306.76798406987103 307.26850800586163
 276000 2048 924.857 925.741 1206.306 937.1552491656345 1221.179573984516 1222.3468060467726 234.28881229140862 305.294893496129 305.58670151169315
 303552 2048 1016.412 1016.581 1017.248 1222.267325175375 1223.0692802639435 1223.2726414091924 305.56683129384373 305.76732006598587 305.8181603522981
 333888 2048 1115.123 1115.568 1119.232 1221.913998170174 1225.927283679704 1226.4165011393363 305.4784995425435 306.481820919926 306.6041252848341
 367200 2048 1228.231 1231.383 1234.247 1218.5982222359055 1221.4324868866956 1224.5670399135015 304.6495555589764 305.3581217216739 306.1417599783754
 403872 2048 1350.402 1351.768 1399.909 1181.690889907844 1223.7748726112766 1225.0127828602149 295.422722476961 305.94371815281914 306.2531957150537
 444192 2048 1484.522 1488.34 1493.815 1217.962352767913 1222.4427429216444 1225.586708718362 304.49058819197825 305.6106857304111 306.3966771795905
 488544 2048 1629.986 1637.267 1669.505 1198.6045109179067 1222.2051895017735 1227.664669512499 299.6511277294767 305.55129737544337 306.9161673781247
 537312 1024 896.363 899.183 899.409 1223.4867296191164 1223.794239882204 1227.6443539057277 305.8716824047791 305.948559970551 306.9110884764319
 590976 1024 987.811 988.159 989.739 1222.866683034618 1224.8219648862178 1225.2534624538498 305.7166707586545 306.20549122155444 306.31336561346245
 650016 1024 1086.59 1087.274 1088.823 1222.634687180561 1224.376530662924 1225.1472662181689 305.65867179514026 306.094132665731 306.2868165545422
 715008 1024 1193.575 1194.122 1198.92 1221.379561605445 1226.2870828943776 1226.8490744192866 305.3448904013612 306.5717707235944 306.71226860482165
 786432 1024 1312.288 1312.781 1315.65 1224.1954440770721 1226.8708459369843 1227.3317564437075 306.04886101926803 306.7177114842461 306.8329391109269
 865056 1024 1444.202 1446.73 1498.378 1182.368326283488 1224.5786622244648 1226.7222230685181 295.592081570872 306.1446655561162 306.68055576712953
 951552 1024 1589.314 1590.014 1593.297 1223.1106290917512 1225.636061066129 1226.1758821730634 305.7776572729378 306.40901526653226 306.54397054326586
 1046688 1024 1743.795 1750.626 2026.114 1057.994280677198 1224.4859975802942 1229.2826989411026 264.4985701692995 306.12149939507356 307.32067473527565
 1151328 512 963.526 964.192 964.23 1222.6956970847205 1222.7438850353458 1223.5890593507597 305.6739242711801 305.68597125883645 305.89726483768993
 1266432 512 1058.936 1059.542 1062.865 1220.1233157550582 1223.9499406347272 1224.6503735825397 305.03082893876456 305.9874851586818 306.16259339563493
 1393056 512 1164.04 1167.23 1170.898 1218.2866005407816 1222.1150450211182 1225.4641971066287 304.5716501351954 305.52876125527956 306.3660492766572
 1532352 512 1280.504 1280.869 1289.075 1217.251477222039 1225.0499059622803 1225.3990991047278 304.31286930550976 306.26247649057007 306.34977477618196
 1685568 512 1406.788 1409.727 1430.199 1206.840189372248 1224.365875094965 1226.9237667651416 301.710047343062 306.09146877374127 306.7309416912854
 1854048 512 1547.776 1548.704 1562.338 1215.1948886860591 1225.8928445978058 1226.6278531260336 303.7987221715148 306.47321114945146 306.6569632815084
 2039424 512 1700.382 1703.273 1704.228 1225.4053894197255 1226.0924561124377 1228.17706609456 306.35134735493136 306.52311402810943 307.04426652364
 2243328 256 941.381 941.798 947.997 1211.5902645261535 1219.5650617223653 1220.10528786963 302.8975661315384 304.8912654305913 305.0263219674075
 2467584 256 1035.401 1035.473 1083.883 1165.6267401555333 1220.1216333018826 1220.206478456173 291.4066850388833 305.03040832547066 305.05161961404326
 2714304 256 1138.361 1145.429 1145.98 1212.69450426709 1213.2778618316804 1220.8110151349176 303.1736260667725 303.3194654579201 305.2027537837294
 2985696 256 1256.504 1260.015 1351.723 1130.9094777554276 1213.220756895751 1216.6108122218475 282.7273694388569 303.30518922393776 304.15270305546187
 3284256 256 1393.596 1394.472 1403.364 1198.2201852121048 1205.8607645044146 1206.6187560813896 299.5550463030262 301.46519112610366 301.6546890203474
 3612672 256 1531.521 1543.478 1584.806 1167.138478779106 1198.3896524602228 1207.7458056402754 291.7846196947765 299.5974131150557 301.93645141006886
 3973920 256 1692.152 1702.446 1718.755 1183.7911976983337 1195.1316165094224 1202.4020537162146 295.9477994245834 298.7829041273556 300.60051342905365
 4371264 128 934.026 936.019 949.54 1178.5112622954273 1195.535116274349 1198.0861175170712 294.6278155738568 298.8837790685873 299.5215293792678
 4808352 128 1024.222 1027.656 1055.323 1166.408873870843 1197.8114388472407 1201.8274475650787 291.60221846771077 299.45285971181016 300.4568618912697
 5289120 128 1123.718 1136.798 1141.933 1185.7216841968836 1191.0776760690992 1204.9417380517175 296.4304210492209 297.7694190172748 301.2354345129294
 5817984 128 1238.635 1259.359 1316.942 1130.956339762875 1182.668249482475 1202.4558518046074 282.7390849407187 295.66706237061874 300.61396295115185
 6399744 128 1365.98 1391.998 1397.497 1172.3348701285224 1176.9661048363575 1199.383932414823 293.0837175321306 294.2415262090894 299.84598310370575
 7039680 128 1501.183 1512.4 1664.063 1082.9866898068162 1191.588257074848 1200.4919320296062 270.74667245170406 297.897064268712 300.12298300740156
 7743648 128 1652.652 1667.928 1760.922 1125.7590557673764 1188.52485718808 1199.5107790387813 281.4397639418441 297.13121429702 299.8776947596953
 8517984 64 924.671 928.556 965.944 1128.742403286319 1174.1908425555375 1179.1241987690755 282.1856008215797 293.5477106388844 294.7810496922689
 9369696 64 1035.032 1037.945 1055.389 1136.378233997133 1155.4765310300643 1158.7285108093276 284.09455849928327 288.86913275751607 289.6821277023319
 10306656 64 1603.522 1684.251 1717.329 768.199901125527 783.2870326334971 822.7214643765412 192.04997528138176 195.82175815837428 205.6803660941353
 11337312 64 2499.401 2687.97 2795.928 519.0319407366713 539.878025424391 580.6094884334286 129.75798518416784 134.96950635609775 145.15237210835716
 12470976 64 3453.222 3504.339 4529.066 352.45344801775906 455.5166974427988 462.2595732333455 88.11336200443976 113.8791743606997 115.56489330833638
 13718016 64 4341.257 4567.065 7822.401 224.47149513301608 384.47143800230566 404.4694999627988 56.11787378325402 96.11785950057642 101.1173749906997
 15089760 64 14564.281 16410.312 23629.601 81.74024097994715 117.699729292167 132.61823772831627 20.435060244986786 29.42493232304175 33.15455943207907
 16598688 64 21132.367 21773.09 40091.653 52.99437426538637 97.58064032252658 100.53923746450174 13.248593566346592 24.395160080631644 25.134809366125435
 18258528 32 22751.229 22886.012 23043.388 50.71067639880039 51.059389115062956 51.361875527691275 12.677669099700097 12.764847278765739 12.840468881922819
 20084352 32 25047.035 25132.695 25245.409 50.91613005754829 51.14447646780419 51.31938882187053 12.729032514387072 12.786119116951047 12.829847205467633
 22092768 32 26541.515 27525.556 27800.704 50.85976067368653 51.36815953872103 53.27266179040647 12.714940168421633 12.842039884680258 13.318165447601617
 24302016 32 30265.647 30451.419 30478.441 51.03046523934738 51.07574868678533 51.38925409392371 12.757616309836845 12.768937171696333 12.847313523480928
 26732160 32 33352.673 33371.484 33806.119 50.60794585737571 51.26707101188548 51.29598578200914 12.651986464343928 12.81676775297137 12.823996445502285
 29405376 32 36663.947 36738.773 36790.827 51.15253495117139 51.22501135244772 51.32955445304347 12.788133737792847 12.80625283811193 12.832388613260868
 32345856 32 40408.719 40501.247 40633.582 50.946401525713384 51.112865339677064 51.229903724490754 12.736600381428346 12.778216334919266 12.807475931122688
 35580384 16 23459.962 23643.919 23700.428 48.0401572494809 48.15497329355594 48.53257170663789 12.010039312370225 12.038743323388985 12.133142926659472
 39138336 16 25967.234 26066.966 26121.659 47.94591155178927 48.0465103610447 48.231041935386735 11.986477887947318 12.011627590261176 12.057760483846684
 43052160 16 28490.585 28578.951 28850.373 47.752211730503454 48.205727355073314 48.35524156488889 11.938052932625864 12.051431838768329 12.088810391222223
 47357376 16 31220.561 31449.824 32241.417 47.00277385451142 48.18583506222483 48.53967973221237 11.750693463627854 12.046458765556208 12.134919933053093
 52093056 16 34476.945 34596.834 35954.121 46.364025753821096 48.182957781628225 48.3505076218325 11.591006438455274 12.045739445407056 12.087626905458125
 57302304 16 38056.166 38104.666 38689.796 47.39424648297447 48.12202600070029 48.18335425591743 11.848561620743617 12.030506500175072 12.045838563979357
 63032448 16 41736.014 41874.997 42525.668 47.43107941302651 48.168083116519384 48.32848522621255 11.857769853256627 12.042020779129846 12.082121306553137
 69335616 8 25646.582 25776.293 26416.884 41.99472791719115 43.038378559709884 43.256050884285486 10.498681979297787 10.759594639927471 10.814012721071371
 76269120 8 28217.523 28239.344 28344.473 43.052693906145294 43.21296981969552 43.24638700569146 10.763173476536323 10.80324245492388 10.811596751422865
 83896032 8 30864.81 31019.379 31077.58 43.19308363135096 43.27412589400968 43.4908399565719 10.79827090783774 10.81853147350242 10.872709989142974
 92285568 8 34087.102 34113.266 34161.129 43.223661840918666 43.284307283858425 43.317530718803845 10.805915460229667 10.821076820964606 10.829382679700961
 101514048 8 37549.555 37552.333 37733.765 43.04433358293295 43.25229987708087 43.25549977889219 10.761083395733237 10.813074969270218 10.813874944723047
 111665376 8 41270.493 41335.892 41409.854 43.145431423158364 43.22263121840942 43.29112366067446 10.786357855789591 10.805657804602355 10.822780915168615
 122831904 8 45589.666 45603.557 45848.438 42.86537447578912 43.09555204213566 43.10868309498035 10.71634361894728 10.773888010533915 10.777170773745087
 135115008 4 30262.754 30368.467 30399.173 35.557548358305674 35.59350111416556 35.717835329857955 8.889387089576418 8.89837527854139 8.929458832464489
 148626432 4 33292.611 33392.538 33441.171 35.55531760535539 35.607100484545384 35.71397437106991 8.888829401338848 8.901775121136346 8.928493592767477
 163489056 4 36692.352 36748.771 36878.77 35.465186284683575 35.59064459597846 35.64536958546566 8.866296571170894 8.897661148994615 8.911342396366415
 179837952 4 39563.89 40371.462 40498.778 35.52461795267008 35.63664887835868 36.36405864034098 8.88115448816752 8.90916221958967 9.091014660085245
 197821728 4 44411.079 44446.803 44536.275 35.53449012069375 35.60602151745312 35.63466278313121 8.883622530173437 8.90150537936328 8.908665695782803
 217603872 4 48682.129 48888.514 49014.768 35.51645854979871 35.60817937726641 35.75913814286964 8.879114637449678 8.902044844316602 8.93978453571741
 239364192 4 53128.419 53761.238 53806.725 35.58873980901086 35.6188511879135 36.04311161602607 8.897184952252715 8.904712796978375 9.010777904006517
 263300544 4 58634.42 59308.724 59706.493 35.27931797970449 35.51592767364208 35.92436579060559 8.819829494926122 8.87898191841052 8.981091447651398
 289630560 2 43780.949 43917.576 44322.224 26.138630588573353 26.37946684489144 26.461789122022 6.534657647143338 6.59486671122286 6.6154472805055
 318593568 2 47766.463 48199.516 48659.294 26.189740278599192 26.439565741697486 26.679268088156327 6.547435069649798 6.609891435424371 6.669817022039082
 350452896 2 52287.271 52690.705 53510.283 26.197050462244796 26.604532696990862 26.809805851217593 6.549262615561199 6.6511331742477156 6.702451462804398
 385498176 2 57860.58 57979.473 58886.689 26.185759977097714 26.59549361547319 26.650142532273268 6.5464399942744285 6.648873403868297 6.662535633068317
 424047936 2 63650.384 63765.035 64477.287 26.30681008647278 26.600655735545352 26.648570478380773 6.576702521618195 6.650163933886338 6.662142619595193
 466452672 2 70504.931 70643.519 71050.575 26.260317921424285 26.411632863306256 26.46354888284339 6.565079480356071 6.602908215826564 6.615887220710848
 513097920 2 77522.297 77655.624 77767.446 26.391398786582243 26.429401687635657 26.474856388736775 6.597849696645561 6.607350421908914 6.618714097184194
 564407712 1 42310.942 42489.958 42932.119 26.293028396758146 26.566640145890467 26.67904259848433 6.5732570991895365 6.641660036472617 6.669760649621082
 620848416 1 46920.211 47021.166 47600.119 26.086002684152955 26.407189307045257 26.464007845148007 6.521500671038239 6.601797326761314 6.616001961287002
 682933248 1 51571.67 51595.927 51661.06 26.438994786401985 26.472370503198825 26.484821918700714 6.609748696600496 6.618092625799706 6.6212054796751785
 751226496 1 56205.358 56424.377 56491.69 26.59600008426018 26.627728508194252 26.731490474626995 6.649000021065045 6.656932127048563 6.682872618656749
 826349088 1 62297.102 62482.42 62580.669 26.409084504993064 26.45061084381815 26.52929466927691 6.602271126248266 6.612652710954538 6.632323667319228
 908983968 1 68118.427 68278.944 68380.948 26.585883775697287 26.625601239527075 26.688342876737305 6.646470943924322 6.656400309881769 6.672085719184326
 999882336 1 75163.713 75565.399 75625.091 26.443137397348718 26.464025843362514 26.605453511856176 6.610784349337179 6.616006460840628 6.651363377964044
 
META_DATA
 FLOPS          4
 OPENMP_THREADS 12
 ERT_VERSION  1.1.0
 HOSTNAME  ('cachyos-laptop', [], ['127.0.1.1'])
 UNAME  uname_result(system='Linux', node='cachyos-laptop', release='6.18.0-2-cachyos', version='#1 SMP PREEMPT_DYNAMIC Sat, 06 Dec 2025 07:42:36 +0000', machine='x86_64')
 TIMESTAMP_DATA  1765908296.0549474
 CONFIG  {'ERT_MPI': ['False'], 'ERT_OPENMP': ['True'], 'ERT_OPENMP_CFLAGS': ['-fopenmp'], 'ERT_OPENMP_LDFLAGS': ['-fopenmp'], 'ERT_PRECISION': ['FP64'], 'ERT_TRIALS_MIN': ['1'], 'ERT_TRIALS': ['3', '#', 'Run', 'each', 'test', '3', 'times', 'to', 'filter', 'out', 'background', 'noise'], 'ERT_RESULTS': ['Results/5500U'], 'ERT_GNUPLOT': ['gnuplot'], 'ERT_DRIVER': ['driver1'], 'ERT_KERNEL': ['kernel1'], 'ERT_CC': ['g++'], 'ERT_LD': ['g++'], 'ERT_CFLAGS': ['-O3', '-march=native', '-fopenmp', '-fstrict-aliasing', '-funroll-loops', '-Wno-all'], 'ERT_LDFLAGS': ['-O3', '-march=native', '-fopenmp'], 'ERT_LDLIBS': ['-lm'], 'ERT_RUN': ['export', 'OMP_NUM_THREADS=ERT_OPENMP_THREADS;', './ERT_CODE'], 'ERT_WORKING_SET_MIN': ['128'], 'ERT_MEMORY_MAX': ['1073741824'], 'ERT_ALIGN': ['64'], 'ERT_MIN_PROCS': ['1'], 'ERT_MAX_PROCS': ['1'], 'ERT_OPENMP_THREADS': ['1,2,4,8,12', '#', 'Logical', 'Threads'], 'ERT_NUM_EXPERIMENTS': ['5'], 'ERT_FLOPS': ['1,2,4,8'], 'ERT_GPU': [False], 'ERT_HIP': [False], 'ERT_OCL': [False], 'ERT_SYCL': [False], 'ERT_WSS_MULT': [1.1]}
 TIMESTAMP_DATA  1765908309.8716326
 TIMESTAMP_DATA  1765908323.7017043
 TIMESTAMP_DATA  1765908337.517396
 TIMESTAMP_DATA  1765908351.3512337
 