fp64
       12288            1           2.545        24576         6144
       12288            2           0.480        49152        12288
       12288            4           0.541        98304        24576
       12288            8           0.601       196608        49152
       12288           16           0.631       393216        98304
       12288           32           1.072       786432       196608
       12288           64           1.543      1572864       393216
       12288          128           2.895      3145728       786432
       12288          256           5.460      6291456      1572864
       12288          512          10.479     12582912      3145728
       12288         1024          20.639     25165824      6291456
       12288         2048          60.564     50331648     12582912
       12288         4096          81.965    100663296     25165824
       12288         8192         169.721    201326592     50331648
       12288        16384         339.310    402653184    100663296
       12288        32768         668.781    805306368    201326592
       12288        65536        1361.398   1610612736    402653184
       13440            1           2.154        26880         6720
       13440            2           0.471        53760        13440
       13440            4           0.561       107520        26880
       13440            8           0.582       215040        53760
       13440           16           0.641       430080       107520
       13440           32           1.001       860160       215040
       13440           64           1.823      1720320       430080
       13440          128           3.086      3440640       860160
       13440          256           5.771      6881280      1720320
       13440          512          11.592     13762560      3440640
       13440         1024          22.542     27525120      6881280
       13440         2048          44.955     55050240     13762560
       13440         4096          89.730    110100480     27525120
       13440         8192         178.346    220200960     55050240
       13440        16384         356.913    440401920    110100480
       13440        32768         721.251    880803840    220200960
       13440        65536        1436.520   1761607680    440401920
       14784            1           2.655        29568         7392
       14784            2           0.491        59136        14784
       14784            4           0.521       118272        29568
       14784            8           0.691       236544        59136
       14784           16           0.681       473088       118272
       14784           32           1.212       946176       236544
       14784           64           1.663      1892352       473088
       14784          128           3.467      3784704       946176
       14784          256           6.562      7569408      1892352
       14784          512          12.944     15138816      3784704
       14784         1024          25.258     30277632      7569408
       14784         2048          50.164     60555264     15138816
       14784         4096         288.915    121110528     30277632
       14784         8192         199.687    242221056     60555264
       14784        16384         398.602    484442112    121110528
       14784        32768         803.475    968884224    242221056
       14784        65536        1605.428   1937768448    484442112
       16224            1           0.861        32448         8112
       16224            2           0.501        64896        16224
       16224            4           0.611       129792        32448
       16224            8           0.641       259584        64896
       16224           16           0.841       519168       129792
       16224           32           1.152      1038336       259584
       16224           64           2.034      2076672       519168
       16224          128           3.847      4153344      1038336
       16224          256           7.234      8306688      2076672
       16224          512          14.086     16613376      4153344
       16224         1024          27.912     33226752      8306688
       16224         2048          58.561     66453504     16613376
       16224         4096         109.998    132907008     33226752
       16224         8192         219.123    265814016     66453504
       16224        16384         443.827    531628032    132907008
       16224        32768         882.595   1063256064    265814016
       16224        65536        1756.883   2126512128    531628032
       17760            1           3.356        35520         8880
       17760            2           0.601        71040        17760
       17760            4           0.652       142080        35520
       17760            8           0.631       284160        71040
       17760           16           0.791       568320       142080
       17760           32           1.373      1136640       284160
       17760           64           2.184      2273280       568320
       17760          128           4.177      4546560      1136640
       17760          256           7.805      9093120      2273280
       17760          512          15.259     18186240      4546560
       17760         1024          30.297     36372480      9093120
       17760         2048          60.624     72744960     18186240
       17760         4096         123.563    145489920     36372480
       17760         8192         240.674    290979840     72744960
       17760        16384         494.252    581959680    145489920
       17760        32768         966.082   1163919360    290979840
       19488            1           2.846        38976         9744
       19488            2           0.582        77952        19488
       19488            4           0.561       155904        38976
       19488            8           0.621       311808        77952
       19488           16           1.052       623616       155904
       19488           32           1.413      1247232       311808
       19488           64           2.394      2494464       623616
       19488          128           4.518      4988928      1247232
       19488          256           8.486      9977856      2494464
       19488          512          16.952     19955712      4988928
       19488         1024          33.433     39911424      9977856
       19488         2048          66.456     79822848     19955712
       19488         4096         151.085    159645696     39911424
       19488         8192         264.979    319291392     79822848
       19488        16384         533.005    638582784    159645696
       19488        32768        1066.061   1277165568    319291392
       21408            1           4.238        42816        10704
       21408            2           0.531        85632        21408
       21408            4           0.611       171264        42816
       21408            8           0.591       342528        85632
       21408           16           0.892       685056       171264
       21408           32           1.552      1370112       342528
       21408           64           2.605      2740224       685056
       21408          128           5.220      5480448      1370112
       21408          256           9.398     10960896      2740224
       21408          512          18.545     21921792      5480448
       21408         1024          36.960     43843584     10960896
       21408         2048          73.228     87687168     21921792
       21408         4096         145.976    175374336     43843584
       21408         8192         303.863    350748672     87687168
       21408        16384         583.450    701497344    175374336
       21408        32768        1172.371   1402994688    350748672
       23520            1           2.615        47040        11760
       23520            2           0.641        94080        23520
       23520            4           0.561       188160        47040
       23520            8           0.621       376320        94080
       23520           16           0.912       752640       188160
       23520           32           1.483      1505280       376320
       23520           64           2.935      3010560       752640
       23520          128           5.270      6021120      1505280
       23520          256          10.249     12042240      3010560
       23520          512          20.158     24084480      6021120
       23520         1024          39.745     48168960     12042240
       23520         2048          79.721     96337920     24084480
       23520         4096         158.329    192675840     48168960
       23520         8192         332.337    385351680     96337920
       23520        16384         637.012    770703360    192675840
       23520        32768        1292.437   1541406720    385351680
       25824            1           3.346        51648        12912
       25824            2           0.621       103296        25824
       25824            4           0.611       206592        51648
       25824            8           0.852       413184       103296
       25824           16           1.022       826368       206592
       25824           32           1.824      1652736       413184
       25824           64           3.146      3305472       826368
       25824          128           6.162      6610944      1652736
       25824          256          11.121     13221888      3305472
       25824          512          21.942     26443776      6610944
       25824         1024          43.783     52887552     13221888
       25824         2048          87.585    105775104     26443776
       25824         4096         192.002    211550208     52887552
       25824         8192         352.154    423100416    105775104
       25824        16384         697.024    846200832    211550208
       25824        32768        1391.735   1692401664    423100416
       28320            1           2.545        56640        14160
       28320            2           0.611       113280        28320
       28320            4           0.662       226560        56640
       28320            8           0.822       453120       113280
       28320           16           1.012       906240       226560
       28320           32           1.733      1812480       453120
       28320           64           3.356      3624960       906240
       28320          128           6.181      7249920      1812480
       28320          256          12.674     14499840      3624960
       28320          512          24.116     28999680      7249920
       28320         1024          48.081     57999360     14499840
       28320         2048          95.691    115998720     28999680
       28320         4096         191.160    231997440     57999360
       28320         8192         393.162    463994880    115998720
       28320        16384         771.274    927989760    231997440
       28320        32768        1550.484   1855979520    463994880
       31104            1           2.966        62208        15552
       31104            2           0.561       124416        31104
       31104            4           0.621       248832        62208
       31104            8           0.731       497664       124416
       31104           16           1.132       995328       248832
       31104           32           2.064      1990656       497664
       31104           64           3.527      3981312       995328
       31104          128           6.903      7962624      1990656
       31104          256          13.245     15925248      3981312
       31104          512          25.999     31850496      7962624
       31104         1024          55.054     63700992     15925248
       31104         2048         103.085    127401984     31850496
       31104         4096         206.039    254803968     63700992
       31104         8192         425.072    509607936    127401984
       31104        16384         826.258   1019215872    254803968
       31104        32768        1654.831   2038431744    509607936
       34176            1         365.920        68352        17088
       34176            2           0.581       136704        34176
       34176            4           0.651       273408        68352
       34176            8           0.752       546816       136704
       34176           16           1.352      1093632       273408
       34176           32           2.094      2187264       546816
       34176           64           3.868      4374528      1093632
       34176          128           7.565      8749056      2187264
       34176          256          14.458     17498112      4374528
       34176          512          28.844     34996224      8749056
       34176         1024         146.547     69992448     17498112
       34176         2048         113.634    139984896     34996224
       34176         4096         226.467    279969792     69992448
       34176         8192         455.789    559939584    139984896
       34176        16384         909.946   1119879168    279969792
       37536            1           2.244        75072        18768
       37536            2           0.611       150144        37536
       37536            4           0.862       300288        75072
       37536            8           0.782       600576       150144
       37536           16           1.282      1201152       300288
       37536           32           2.595      2402304       600576
       37536           64           4.309      4804608      1201152
       37536          128           8.195      9609216      2402304
       37536          256          16.071     19218432      4804608
       37536          512          32.000     38436864      9609216
       37536         1024          63.269     76873728     19218432
       37536         2048         126.057    153747456     38436864
       37536         4096         252.196    307494912     76873728
       37536         8192         510.012    614989824    153747456
       37536        16384        1013.011   1229979648    307494912
       41280            1           2.876        82560        20640
       41280            2           0.561       165120        41280
       41280            4           0.631       330240        82560
       41280            8           0.932       660480       165120
       41280           16           1.593      1320960       330240
       41280           32           2.495      2641920       660480
       41280           64           4.649      5283840      1320960
       41280          128           8.917     10567680      2641920
       41280          256          17.463     21135360      5283840
       41280          512          34.735     42270720     10567680
       41280         1024          69.050     84541440     21135360
       41280         2048         159.921    169082880     42270720
       41280         4096         274.998    338165760     84541440
       41280         8192         549.857    676331520    169082880
       41280        16384        1110.173   1352663040    338165760
       45408            1           4.318        90816        22704
       45408            2           0.742       181632        45408
       45408            4           0.741       363264        90816
       45408            8           1.112       726528       181632
       45408           16           1.523      1453056       363264
       45408           32           2.685      2906112       726528
       45408           64           5.210      5812224      1453056
       45408          128           9.709     11624448      2906112
       45408          256          19.206     23248896      5812224
       45408          512          38.192     46497792     11624448
       45408         1024          76.173     92995584     23248896
       45408         2048         151.856    185991168     46497792
       45408         4096         320.594    371982336     92995584
       45408         8192         606.223    743964672    185991168
       45408        16384        1220.121   1487929344    371982336
       49920            1           4.819        99840        24960
       49920            2           0.701       199680        49920
       49920            4           0.721       399360        99840
       49920            8           1.132       798720       199680
       49920           16           1.663      1597440       399360
       49920           32           2.946      3194880       798720
       49920           64           5.581      6389760      1597440
       49920          128          10.701     12779520      3194880
       49920          256          21.220     25559040      6389760
       49920          512          57.418     51118080     12779520
       49920         1024          83.097    102236160     25559040
       49920         2048         165.843    204472320     51118080
       49920         4096         335.152    408944640    102236160
       49920         8192         665.164    817889280    204472320
       49920        16384        1331.721   1635778560    408944640
       54912            1           5.811       109824        27456
       54912            2           0.621       219648        54912
       54912            4           0.741       439296       109824
       54912            8           1.082       878592       219648
       54912           16           1.963      1757184       439296
       54912           32           3.237      3514368       878592
       54912           64           6.232      7028736      1757184
       54912          128          11.852     14057472      3514368
       54912          256          23.073     28114944      7028736
       54912          512          45.936     56229888     14057472
       54912         1024          91.322    112459776     28114944
       54912         2048         182.574    224919552     56229888
       54912         4096         372.823    449839104    112459776
       54912         8192         731.951    899678208    224919552
       54912        16384        1463.620   1799356416    449839104
       60384            1           2.645       120768        30192
       60384            2           0.621       241536        60384
       60384            4           0.832       483072       120768
       60384            8           1.172       966144       241536
       60384           16           2.023      1932288       483072
       60384           32           3.767      3864576       966144
       60384           64           6.652      7729152      1932288
       60384          128          12.965     15458304      3864576
       60384          256          25.428     30916608      7729152
       60384          512          50.535     61833216     15458304
       60384         1024         100.740    123666432     30916608
       60384         2048         201.570    247332864     61833216
       60384         4096         405.605    494665728    123666432
       60384         8192         806.951    989331456    247332864
       60384        16384        1615.546   1978662912    494665728
       66336            1           3.376       132672        33168
       66336            2           0.751       265344        66336
       66336            4           0.861       530688       132672
       66336            8           1.282      1061376       265344
       66336           16           2.304      2122752       530688
       66336           32           3.837      4245504      1061376
       66336           64           7.494      8491008      2122752
       66336          128          14.437     16982016      4245504
       66336          256          31.319     33964032      8491008
       66336          512          58.971     67928064     16982016
       66336         1024         123.873    135856128     33964032
       66336         2048         221.578    271712256     67928064
       66336         4096         442.906    543424512    135856128
       66336         8192         891.431   1086849024    271712256
       72960            1           4.729       145920        36480
       72960            2           0.831       291840        72960
       72960            4           0.832       583680       145920
       72960            8           1.363      1167360       291840
       72960           16           2.324      2334720       583680
       72960           32           4.328      4669440      1167360
       72960           64           7.925      9338880      2334720
       72960          128          15.700     18677760      4669440
       72960          256          30.538     37355520      9338880
       72960          512          78.978     74711040     18677760
       72960         1024         124.485    149422080     37355520
       72960         2048         241.927    298844160     74711040
       72960         4096         483.542    597688320    149422080
       72960         8192         972.453   1195376640    298844160
       80256            1        1517.972       160512        40128
       80256            2        1979.833       321024        80256
       80256            4        1998.698       642048       160512
       80256            8        2000.532      1284096       321024
       80256           16           2.816      2568192       642048
       80256           32           4.298      5136384      1284096
       80256           64           8.687     10272768      2568192
       80256          128          16.983     20545536      5136384
       80256          256          33.654     41091072     10272768
       80256          512          66.937     82182144     20545536
       80256         1024         133.442    164364288     41091072
       80256         2048         265.801    328728576     82182144
       80256         4096         534.668    657457152    164364288
       80256         8192        1069.336   1314914304    328728576
       88224            1          10.350       176448        44112
       88224            2           0.871       352896        88224
       88224            4           1.052       705792       176448
       88224            8           1.613      1411584       352896
       88224           16           2.826      2823168       705792
       88224           32           5.020      5646336      1411584
       88224           64           9.598     11292672      2823168
       88224          128          18.875     22585344      5646336
       88224          256          37.251     45170688     11292672
       88224          512          73.819     90341376     22585344
       88224         1024         150.785    180682752     45170688
       88224         2048         294.565    361365504     90341376
       88224         4096         597.396    722731008    180682752
       88224         8192        1184.133   1445462016    361365504
       96960            1           7.884       193920        48480
       96960            2           0.742       387840        96960
       96960            4           1.172       775680       193920
       96960            8           1.724      1551360       387840
       96960           16           3.176      3102720       775680
       96960           32           5.610      6205440      1551360
       96960           64          10.490     12410880      3102720
       96960          128          20.558     24821760      6205440
       96960          256          40.647     49643520     12410880
       96960          512          81.013     99287040     24821760
       96960         1024         161.314    198574080     49643520
       96960         2048         322.428    397148160     99287040
       96960         4096         648.523    794296320    198574080
       96960         8192        1296.856   1588592640    397148160
      106656            1           9.798       213312        53328
      106656            2           0.872       426624       106656
      106656            4           1.292       853248       213312
      106656            8           1.863      1706496       426624
      106656           16           3.287      3412992       853248
      106656           32           6.142      6825984      1706496
      106656           64          11.542     13651968      3412992
      106656          128          22.662     27303936      6825984
      106656          256          44.794     54607872     13651968
      106656          512          89.128    109215744     27303936
      106656         1024         177.895    218431488     54607872
      106656         2048         364.347    436862976    109215744
      106656         4096         713.756    873725952    218431488
      106656         8192        1428.213   1747451904    436862976
      117312            1          11.772       234624        58656
      117312            2           0.801       469248       117312
      117312            4           1.182       938496       234624
      117312            8           2.364      1876992       469248
      117312           16           3.506      3753984       938496
      117312           32           6.934      7507968      1876992
      117312           64          12.544     15015936      3753984
      117312          128          25.047     30031872      7507968
      117312          256          52.399     60063744     15015936
      117312          512         114.556    120127488     30031872
      117312         1024         194.927    240254976     60063744
      117312         2048         389.314    480509952    120127488
      117312         4096         784.159    961019904    240254976
      117312         8192        1564.430   1922039808    480509952
      129024            1          11.923       258048        64512
      129024            2           0.822       516096       129024
      129024            4           1.393      1032192       258048
      129024            8           2.324      2064384       516096
      129024           16           3.828      4128768      1032192
      129024           32           7.184      8257536      2064384
      129024           64          14.117     16515072      4128768
      129024          128          27.301     33030144      8257536
      129024          256          75.392     66060288     16515072
      129024          512         112.632    132120576     33030144
      129024         1024         219.675    264241152     66060288
      129024         2048         445.450    528482304    132120576
      129024         4096         884.247   1056964608    264241152
      129024         8192        1776.038   2113929216    528482304
      141888            1          20.358       283776        70944
      141888            2           0.892       567552       141888
      141888            4           1.523      1135104       283776
      141888            8           2.405      2270208       567552
      141888           16           4.288      4540416      1135104
      141888           32           8.255      9080832      2270208
      141888           64          15.389     18161664      4540416
      141888          128          30.017     36323328      9080832
      141888          256          59.312     72646656     18161664
      141888          512         118.143    145293312     36323328
      141888         1024         235.655    290586624     72646656
      141888         2048         488.882    581173248    145293312
      141888         4096         946.464   1162346496    290586624
      156000            1          12.674       312000        78000
      156000            2           1.022       624000       156000
      156000            4           1.603      1248000       312000
      156000            8           2.735      2496000       624000
      156000           16           4.629      4992000      1248000
      156000           32           8.656      9984000      2496000
      156000           64          16.892     19968000      4992000
      156000          128          33.062     39936000      9984000
      156000          256          65.213     79872000     19968000
      156000          512         129.925    159744000     39936000
      156000         1024         275.289    319488000     79872000
      156000         2048         521.503    638976000    159744000
      156000         4096        1041.003   1277952000    319488000
      171552            1          13.926       343104        85776
      171552            2           0.992       686208       171552
      171552            4           1.764      1372416       343104
      171552            8           3.016      2744832       686208
      171552           16           5.069      5489664      1372416
      171552           32           9.508     10979328      2744832
      171552           64          18.535     21958656      5489664
      171552          128          36.259     43917312     10979328
      171552          256          71.836     87834624     21958656
      171552          512         143.160    175669248     43917312
      171552         1024         285.799    351338496     87834624
      171552         2048         576.788    702676992    175669248
      171552         4096        1146.882   1405353984    351338496
      188640            1          17.864       377280        94320
      188640            2           1.032       754560       188640
      188640            4           1.924      1509120       377280
      188640            8           3.237      3018240       754560
      188640           16           5.510      6036480      1509120
      188640           32          10.410     12072960      3018240
      188640           64          20.338     24145920      6036480
      188640          128          39.675     48291840     12072960
      188640          256          99.437     96583680     24145920
      188640          512         156.926    193167360     48291840
      188640         1024         313.360    386334720     96583680
      188640         2048         631.411    772669440    193167360
      188640         4096        1257.150   1545338880    386334720
      207456            1          16.632       414912       103728
      207456            2           1.202       829824       207456
      207456            4           2.084      1659648       414912
      207456            8           3.536      3319296       829824
      207456           16           6.061      6638592      1659648
      207456           32          11.441     13277184      3319296
      207456           64          22.162     26554368      6638592
      207456          128          43.852     53108736     13277184
      207456          256          86.673    106217472     26554368
      207456          512         172.796    212434944     53108736
      207456         1024         344.760    424869888    106217472
      207456         2048         692.957    849739776    212434944
      207456         4096        1382.206   1699479552    424869888
      228192            1          20.068       456384       114096
      228192            2           1.373       912768       228192
      228192            4           2.164      1825536       456384
      228192            8           3.847      3651072       912768
      228192           16           6.712      7302144      1825536
      228192           32          12.674     14604288      3651072
      228192           64          24.486     29208576      7302144
      228192          128          48.451     58417152     14604288
      228192          256          95.510    116834304     29208576
      228192          512         211.369    233668608     58417152
      228192         1024         379.395    467337216    116834304
      228192         2048         763.840    934674432    233668608
      228192         4096        1520.767   1869348864    467337216
      250944            1          20.539       501888       125472
      250944            2           1.383      1003776       250944
      250944            4           2.394      2007552       501888
      250944            8           4.157      4015104      1003776
      250944           16           7.334      8030208      2007552
      250944           32          13.857     16060416      4015104
      250944           64          26.941     32120832      8030208
      250944          128          52.889     64241664     16060416
      250944          256         120.337    128483328     32120832
      250944          512         212.331    256966656     64241664
      250944         1024         418.780    513933312    128483328
      250944         2048         839.402   1027866624    256966656
      250944         4096        1675.159   2055733248    513933312
      276000            1          19.206       552000       138000
      276000            2           1.453      1104000       276000
      276000            4           2.715      2208000       552000
      276000            8           4.499      4416000      1104000
      276000           16           8.175      8832000      2208000
      276000           32          15.209     17664000      4416000
      276000           64          29.606     35328000      8832000
      276000          128          76.193     70656000     17664000
      276000          256         115.638    141312000     35328000
      276000          512         230.585    282624000     70656000
      276000         1024         463.183    565248000    141312000
      276000         2048         924.964   1130496000    282624000
      303552            1          15.319       607104       151776
      303552            2           1.793      1214208       303552
      303552            4           2.926      2428416       607104
      303552            8           4.929      4856832      1214208
      303552           16           8.887      9713664      2428416
      303552           32          16.691     19427328      4856832
      303552           64          32.571     38854656      9713664
      303552          128          64.211     77709312     19427328
      303552          256         127.361    155418624     38854656
      303552          512         256.764    310837248     77709312
      303552         1024         509.170    621674496    155418624
      303552         2048        1016.827   1243348992    310837248
      333888            1          27.622       667776       166944
      333888            2           1.924      1335552       333888
      333888            4           3.237      2671104       667776
      333888            8           5.450      5342208      1335552
      333888           16           9.588     10684416      2671104
      333888           32          18.325     21368832      5342208
      333888           64          35.687     42737664     10684416
      333888          128          71.174     85475328     21368832
      333888          256         141.917    170950656     42737664
      333888          512         296.579    341901312     85475328
      333888         1024         555.458    683802624    170950656
      333888         2048        1115.474   1367605248    341901312
      367200            1          22.171       734400       183600
      367200            2           2.074      1468800       367200
      367200            4           3.446      2937600       734400
      367200            8           5.851      5875200      1468800
      367200           16          11.031     11750400      2937600
      367200           32          20.198     23500800      5875200
      367200           64          39.184     47001600     11750400
      367200          128          77.586     94003200     23500800
      367200          256         153.439    188006400     47001600
      367200          512         306.708    376012800     94003200
      367200         1024         620.209    752025600    188006400
      367200         2048        1234.247   1504051200    376012800
      403872            1          26.941       807744       201936
      403872            2           3.286      1615488       403872
      403872            4           5.911      3230976       807744
      403872            8          10.520      6461952      1615488
      403872           16          19.547     12923904      3230976
      403872           32          37.360     25847808      6461952
      403872           64          88.557     51695616     12923904
      403872          128         139.934    103391232     25847808
      403872          256         180.600    206782464     51695616
      403872          512         359.989    413564928    103391232
      403872         1024         708.937    827129856    206782464
      403872         2048        1399.909   1654259712    413564928
      444192            1          31.099       888384       222096
      444192            2           2.375      1776768       444192
      444192            4           4.138      3553536       888384
      444192            8           7.003      7107072      1776768
      444192           16          12.764     14214144      3553536
      444192           32          24.506     28428288      7107072
      444192           64          47.379     56856576     14214144
      444192          128          94.007    113713152     28428288
      444192          256         185.920    227426304     56856576
      444192          512         383.372    454852608    113713152
      444192         1024         742.890    909705216    227426304
      444192         2048        1488.867   1819410432    454852608
      488544            1          35.246       977088       244272
      488544            2           2.796      1954176       488544
      488544            4           4.609      3908352       977088
      488544            8           7.985      7816704      1954176
      488544           16          14.017     15633408      3908352
      488544           32          26.761     31266816      7816704
      488544           64          52.038     62533632     15633408
      488544          128         102.814    125067264     31266816
      488544          256         204.044    250134528     62533632
      488544          512         420.323    500269056    125067264
      488544         1024         815.909   1000538112    250134528
      488544         2048        1637.267   2001076224    500269056
      537312            1          32.662      1074624       268656
      537312            2           3.086      2149248       537312
      537312            4           4.999      4298496      1074624
      537312            8           8.375      8596992      2149248
      537312           16          15.499     17193984      4298496
      537312           32          29.256     34387968      8596992
      537312           64          57.178     68775936     17193984
      537312          128         112.963    137551872     34387968
      537312          256         227.760    275103744     68775936
      537312          512         451.120    550207488    137551872
      537312         1024         899.275   1100414976    275103744
      590976            1          37.891      1181952       295488
      590976            2           3.046      2363904       590976
      590976            4           5.360      4727808      1181952
      590976            8           9.298      9455616      2363904
      590976           16          16.792     18911232      4727808
      590976           32          32.241     37822464      9455616
      590976           64          62.838     75644928     18911232
      590976          128         124.184    151289856     37822464
      590976          256         246.525    302579712     75644928
      590976          512         498.560    605159424    151289856
      590976         1024         988.423   1210318848    302579712
      650016            1          52.659      1300032       325008
      650016            2           3.206      2600064       650016
      650016            4           5.921      5200128      1300032
      650016            8          10.089     10400256      2600064
      650016           16          18.655     20800512      5200128
      650016           32          35.487     41601024     10400256
      650016           64          69.201     83202048     20800512
      650016          128         160.824    166404096     41601024
      650016          256         271.572    332808192     83202048
      650016          512         541.490    665616384    166404096
      650016         1024        1087.330   1331232768    332808192
      715008            1          51.817      1430016       357504
      715008            2           3.306      2860032       715008
      715008            4           6.352      5720064      1430016
      715008            8          11.552     11440128      2860032
      715008           16          20.308     22880256      5720064
      715008           32          39.144     45760512     11440128
      715008           64          75.994     91521024     22880256
      715008          128         150.103    183042048     45760512
      715008          256         309.554    366084096     91521024
      715008          512         595.172    732168192    183042048
      715008         1024        1198.920   1464336384    366084096
      786432            1          58.440      1572864       393216
      786432            2           3.827      3145728       786432
      786432            4           7.173      6291456      1572864
      786432            8          12.514     12582912      3145728
      786432           16          22.433     25165824      6291456
      786432           32          42.811     50331648     12582912
      786432           64          83.597    100663296     25165824
      786432          128         165.051    201326592     50331648
      786432          256         345.952    402653184    100663296
      786432          512         657.930    805306368    201326592
      786432         1024        1315.650   1610612736    402653184
      865056            1          67.617      1730112       432528
      865056            2           4.548      3460224       865056
      865056            4           7.795      6920448      1730112
      865056            8          13.415     13840896      3460224
      865056           16          24.526     27681792      6920448
      865056           32          66.094     55363584     13840896
      865056           64          91.973    110727168     27681792
      865056          128         181.612    221454336     55363584
      865056          256         364.607    442908672    110727168
      865056          512         722.692    885817344    221454336
      865056         1024        1444.202   1771634688    442908672
      951552            1          71.545      1903104       475776
      951552            2           5.190      3806208       951552
      951552            4           8.486      7612416      1903104
      951552            8          15.018     15224832      3806208
      951552           16          27.061     30449664      7612416
      951552           32          55.254     60899328     15224832
      951552           64         104.026    121798656     30449664
      951552          128         199.556    243597312     60899328
      951552          256         411.306    487194624    121798656
      951552          512         797.724    974389248    243597312
      951552         1024        1592.161   1948778496    487194624
     1046688            1          71.705      2093376       523344
     1046688            2           5.290      4186752      1046688
     1046688            4           9.307      8373504      2093376
     1046688            8          16.471     16747008      4186752
     1046688           16          29.546     33494016      8373504
     1046688           32          56.687     66988032     16747008
     1046688           64         111.159    133976064     33494016
     1046688          128         223.311    267952128     66988032
     1046688          256         450.419    535904256    133976064
     1046688          512         881.371   1071808512    267952128
     1046688         1024        1759.136   2143617024    535904256
     1151328            1          89.449      2302656       575664
     1151328            2           6.171      4605312      1151328
     1151328            4          10.159      9210624      2302656
     1151328            8          17.584     18421248      4605312
     1151328           16          49.934     36842496      9210624
     1151328           32          62.598     73684992     18421248
     1151328           64         122.080    147369984     36842496
     1151328          128         241.415    294739968     73684992
     1151328          256         480.596    589479936    147369984
     1151328          512         964.077   1178959872    294739968
     1266432            1          92.504      2532864       633216
     1266432            2           6.632      5065728      1266432
     1266432            4          11.301     10131456      2532864
     1266432            8          19.397     20262912      5065728
     1266432           16          36.228     40525824     10131456
     1266432           32         259.739     81051648     20262912
     1266432           64         134.223    162103296     40525824
     1266432          128         265.531    324206592     81051648
     1266432          256         534.307    648413184    162103296
     1266432          512        1059.227   1296826368    324206592
     1393056            1         105.298      2786112       696528
     1393056            2           7.394      5572224      1393056
     1393056            4          12.303     11144448      2786112
     1393056            8          21.441     22288896      5572224
     1393056           16          39.244     44577792     11144448
     1393056           32          75.532     89155584     22288896
     1393056           64         166.213    178311168     44577792
     1393056          128         295.527    356622336     89155584
     1393056          256         580.644    713244672    178311168
     1393056          512        1167.230   1426489344    356622336
     1532352            1         112.162      3064704       766176
     1532352            2           8.425      6129408      1532352
     1532352            4          13.646     12258816      3064704
     1532352            8          23.484     24517632      6129408
     1532352           16          43.291     49035264     12258816
     1532352           32          82.936     98070528     24517632
     1532352           64         179.227    196141056     49035264
     1532352          128         321.396    392282112     98070528
     1532352          256         644.896    784564224    196141056
     1532352          512        1280.844   1569128448    392282112
     1685568            1         121.219      3371136       842784
     1685568            2           8.736      6742272      1685568
     1685568            4          14.908     13484544      3371136
     1685568            8          25.558     26969088      6742272
     1685568           16          66.967     53938176     13484544
     1685568           32          91.142    107876352     26969088
     1685568           64         178.637    215752704     53938176
     1685568          128         356.603    431505408    107876352
     1685568          256         711.241    863010816    215752704
     1685568          512        1409.727   1726021632    431505408
     1854048            1         136.568      3708096       927024
     1854048            2           9.858      7416192      1854048
     1854048            4          16.061     14832384      3708096
     1854048            8          28.394     29664768      7416192
     1854048           16          52.008     59329536     14832384
     1854048           32         100.710    118659072     29664768
     1854048           64         199.896    237318144     59329536
     1854048          128         399.062    474636288    118659072
     1854048          256         776.543    949272576    237318144
     1854048          512        1550.993   1898545152    474636288
     2039424            1         152.688      4078848      1019712
     2039424            2          10.900      8157696      2039424
     2039424            4          17.714     16315392      4078848
     2039424            8          31.078     32630784      8157696
     2039424           16          57.288     65261568     16315392
     2039424           32         110.158    130523136     32630784
     2039424           64         216.267    261046272     65261568
     2039424          128         443.306    522092544    130523136
     2039424          256         856.284   1044185088    261046272
     2039424          512        1700.615   2088370176    522092544
     2243328            1         165.472      4486656      1121664
     2243328            2          11.291      8973312      2243328
     2243328            4          19.506     17946624      4486656
     2243328            8          34.144     35893248      8973312
     2243328           16          81.985     71786496     17946624
     2243328           32         121.419    143572992     35893248
     2243328           64         237.607    287145984     71786496
     2243328          128         470.076    574291968    143572992
     2243328          256         947.997   1148583936    287145984
     2467584            1         190.579      4935168      1233792
     2467584            2          14.488      9870336      2467584
     2467584            4          21.831     19740672      4935168
     2467584            8          37.681     39481344      9870336
     2467584           16          69.621     78962688     19740672
     2467584           32         133.251    157925376     39481344
     2467584           64         261.533    315850752     78962688
     2467584          128         526.793    631701504    157925376
     2467584          256        1035.401   1263403008    315850752
     2714304            1         300.015      5428608      1357152
     2714304            2          21.881     10857216      2714304
     2714304            4          23.464     21714432      5428608
     2714304            8          41.258     43428864     10857216
     2714304           16          76.615     86857728     21714432
     2714304           32         147.629    173715456     43428864
     2714304           64         289.155    347430912     86857728
     2714304          128         575.103    694861824    173715456
     2714304          256        1145.429   1389723648    347430912
     2985696            1         253.538      5971392      1492848
     2985696            2          25.117     11942784      2985696
     2985696            4          26.320     23885568      5971392
     2985696            8          45.555     47771136     11942784
     2985696           16          84.229     95542272     23885568
     2985696           32         162.036    191084544     47771136
     2985696           64         317.629    382169088     95542272
     2985696          128         632.342    764338176    191084544
     2985696          256        1260.015   1528676352    382169088
     3284256            1         266.923      6568512      1642128
     3284256            2          25.338     13137024      3284256
     3284256            4          28.584     26274048      6568512
     3284256            8          50.505     52548096     13137024
     3284256           16          93.716    105096192     26274048
     3284256           32         179.358    210192384     52548096
     3284256           64         355.920    420384768    105096192
     3284256          128         716.059    840769536    210192384
     3284256          256        1403.364   1681539072    420384768
     3612672            1         272.794      7225344      1806336
     3612672            2          35.647     14450688      3612672
     3612672            4          36.218     28901376      7225344
     3612672            8          64.171     57802752     14450688
     3612672           16         119.385    115605504     28901376
     3612672           32         230.775    231211008     57802752
     3612672           64         455.659    462422016    115605504
     3612672          128         916.087    924844032    231211008
     3612672          256        1584.806   1849688064    462422016
     3973920            1         303.492      7947840      1986960
     3973920            2          37.050     15895680      3973920
     3973920            4          38.793     31791360      7947840
     3973920            8          67.237     63582720     15895680
     3973920           16         123.002    127165440     31791360
     3973920           32         232.468    254330880     63582720
     3973920           64         443.646    508661760    127165440
     3973920          128         855.833   1017323520    254330880
     3973920          256        1694.784   2034647040    508661760
     4371264            1         340.401      8742528      2185632
     4371264            2          45.536     17485056      4371264
     4371264            4          45.746     34970112      8742528
     4371264            8          76.113     69940224     17485056
     4371264           16         140.265    139880448     34970112
     4371264           32         265.040    279760896     69940224
     4371264           64         503.810    559521792    139880448
     4371264          128         949.540   1119043584    279760896
     4808352            1         362.994      9616704      2404176
     4808352            2          53.260     19233408      4808352
     4808352            4          49.403     38466816      9616704
     4808352            8          82.766     76933632     19233408
     4808352           16         158.269    153867264     38466816
     4808352           32         287.922    307734528     76933632
     4808352           64         529.859    615469056    153867264
     4808352          128        1027.656   1230938112    307734528
     5289120            1         396.056     10578240      2644560
     5289120            2          50.435     21156480      5289120
     5289120            4          57.438     42312960     10578240
     5289120            8          84.098     84625920     21156480
     5289120           16         153.890    169251840     42312960
     5289120           32         291.048    338503680     84625920
     5289120           64         571.547    677007360    169251840
     5289120          128        1123.718   1354014720    338503680
     5817984            1         442.203     11635968      2908992
     5817984            2          59.472     23271936      5817984
     5817984            4          71.194     46543872     11635968
     5817984            8         116.710     93087744     23271936
     5817984           16         220.716    186175488     46543872
     5817984           32         408.921    372350976     93087744
     5817984           64         678.028    744701952    186175488
     5817984          128        1270.555   1489403904    372350976
     6399744            1         504.341     12799488      3199872
     6399744            2          65.233     25598976      6399744
     6399744            4          76.695     51197952     12799488
     6399744            8         127.320    102395904     25598976
     6399744           16         229.432    204791808     51197952
     6399744           32         391.728    409583616    102395904
     6399744           64         737.861    819167232    204791808
     6399744          128        1382.035   1638334464    409583616
     7039680            1         525.501     14079360      3519840
     7039680            2          64.031     28158720      7039680
     7039680            4          78.528     56317440     14079360
     7039680            8         131.869    112634880     28158720
     7039680           16         220.145    225269760     56317440
     7039680           32         391.868    450539520    112634880
     7039680           64         768.919    901079040    225269760
     7039680          128        1512.400   1802158080    450539520
     7743648            1         606.072     15487296      3871824
     7743648            2          75.993     30974592      7743648
     7743648            4          76.835     61949184     15487296
     7743648            8         127.350    123898368     30974592
     7743648           16         229.192    247796736     61949184
     7743648           32         441.091    495593472    123898368
     7743648           64         832.950    991186944    247796736
     7743648          128        1661.431   1982373888    495593472
     8517984            1         652.099     17035968      4258992
     8517984            2          92.364     34071936      8517984
     8517984            4         108.955     68143872     17035968
     8517984            8         181.292    136287744     34071936
     8517984           16         325.734    272575488     68143872
     8517984           32         547.522    545150976    136287744
     8517984           64         932.678   1090301952    272575488
     9369696            1         680.973     18739392      4684848
     9369696            2         101.701     37478784      9369696
     9369696            4         136.908     74957568     18739392
     9369696            8         215.005    149915136     37478784
     9369696           16         361.180    299830272     74957568
     9369696           32         542.402    599660544    149915136
     9369696           64        1055.389   1199321088    299830272
    10306656            1         801.119     20613312      5153328
    10306656            2         189.617     41226624     10306656
    10306656            4         188.385     82453248     20613312
    10306656            8         257.004    164906496     41226624
    10306656           16         436.683    329812992     82453248
    10306656           32         824.303    659625984    164906496
    10306656           64        1603.522   1319251968    329812992
    11337312            1         850.082     22674624      5668656
    11337312            2         563.472     45349248     11337312
    11337312            4         266.683     90698496     22674624
    11337312            8         504.150    181396992     45349248
    11337312           16         741.698    362793984     90698496
    11337312           32        1357.969    725587968    181396992
    11337312           64        2795.928   1451175936    362793984
    12470976            1         948.778     24941952      6235488
    12470976            2        1478.315     49883904     12470976
    12470976            4         998.812     99767808     24941952
    12470976            8         872.684    199535616     49883904
    12470976           16        1070.607    399071232     99767808
    12470976           32        1871.586    798142464    199535616
    12470976           64        3470.579   1596284928    399071232
    13718016            1        1025.883     27436032      6859008
    13718016            2        1883.639     54872064     13718016
    13718016            4        2548.461    109744128     27436032
    13718016            8        2789.597    219488256     54872064
    13718016           16        1748.445    438976512    109744128
    13718016           32        2711.639    877953024    219488256
    13718016           64        4595.549   1755906048    438976512
    15089760            1        1118.768     30179520      7544880
    15089760            2        2153.437     60359040     15089760
    15089760            4        3250.895    120718080     30179520
    15089760            8        5230.916    241436160     60359040
    15089760           16        9358.684    482872320    120718080
    15089760           32       12526.292    965744640    241436160
    15089760           64       14564.281   1931489280    482872320
    16598688            1        1236.730     33197376      8299344
    16598688            2        2445.869     66394752     16598688
    16598688            4        3719.268    132789504     33197376
    16598688            8        6154.115    265579008     66394752
    16598688           16        9524.877    531158016    132789504
    16598688           32        8272.417   1062316032    265579008
    16598688           64       21132.367   2124632064    531158016
    18258528            1        1365.333     36517056      9129264
    18258528            2        2765.932     73034112     18258528
    18258528            4        4086.991    146068224     36517056
    18258528            8        6787.930    292136448     73034112
    18258528           16       12131.899    584272896    146068224
    18258528           32       22770.344   1168545792    292136448
    20084352            1        1501.650     40168704     10042176
    20084352            2        3014.560     80337408     20084352
    20084352            4        4498.075    160674816     40168704
    20084352            8        7215.476    321349632     80337408
    20084352           16       13088.341    642699264    160674816
    20084352           32       25132.695   1285398528    321349632
    22092768            1        1663.264     44185536     11046384
    22092768            2        3330.825     88371072     22092768
    22092768            4        4865.476    176742144     44185536
    22092768            8        8216.950    353484288     88371072
    22092768           16       14642.726    706968576    176742144
    22092768           32       27525.556   1413937152    353484288
    24302016            1        1850.647     48604032     12151008
    24302016            2        3645.709     97208064     24302016
    24302016            4        5450.469    194416128     48604032
    24302016            8        9006.839    388832256     97208064
    24302016           16       16051.750    777664512    194416128
    24302016           32       30265.647   1555329024    388832256
    26732160            1        2011.079     53464320     13366080
    26732160            2        3992.361    106928640     26732160
    26732160            4        5936.795    213857280     53464320
    26732160            8        9874.192    427714560    106928640
    26732160           16       17808.389    855429120    213857280
    26732160           32       33352.673   1710858240    427714560
    29405376            1        2161.082     58810752     14702688
    29405376            2        4416.591    117621504     29405376
    29405376            4        6604.783    235243008     58810752
    29405376            8       10927.015    470486016    117621504
    29405376           16       19585.697    940972032    235243008
    29405376           32       36738.773   1881944064    470486016
    32345856            1        2424.888     64691712     16172928
    32345856            2        4907.085    129383424     32345856
    32345856            4        7114.543    258766848     64691712
    32345856            8       11940.164    517533696    129383424
    32345856           16       21325.485   1035067392    258766848
    32345856           32       40496.922   2070134784    517533696
    35580384            1        2670.902     71160768     17790192
    35580384            2        5303.922    142321536     35580384
    35580384            4        7919.539    284643072     71160768
    35580384            8       13221.107    569286144    142321536
    35580384           16       23650.045   1138572288    284643072
    39138336            1        2987.127     78276672     19569168
    39138336            2        5849.620    156553344     39138336
    39138336            4        8745.736    313106688     78276672
    39138336            8       14460.823    626213376    156553344
    39138336           16       25980.244   1252426752    313106688
    43052160            1        3179.328     86104320     21526080
    43052160            2        6445.150    172208640     43052160
    43052160            4        9621.944    344417280     86104320
    43052160            8       15885.382    688834560    172208640
    43052160           16       28850.373   1377669120    344417280
    47357376            1        3616.722     94714752     23678688
    47357376            2        7145.499    189429504     47357376
    47357376            4       10668.926    378859008     94714752
    47357376            8       17531.193    757718016    189429504
    47357376           16       31406.157   1515436032    378859008
    52093056            1        3931.135    104186112     26046528
    52093056            2        7717.297    208372224     52093056
    52093056            4       11627.973    416744448    104186112
    52093056            8       19249.959    833488896    208372224
    52093056           16       34517.688   1666977792    416744448
    57302304            1        4355.013    114604608     28651152
    57302304            2        8712.190    229209216     57302304
    57302304            4       12808.947    458418432    114604608
    57302304            8       21308.767    916836864    229209216
    57302304           16       38689.796   1833673728    458418432
    63032448            1        4701.075    126064896     31516224
    63032448            2        9407.531    252129792     63032448
    63032448            4       14109.246    504259584    126064896
    63032448            8       23295.049   1008519168    252129792
    63032448           16       41736.014   2017038336    504259584
    69335616            1        5108.803    138671232     34667808
    69335616            2       10381.966    277342464     69335616
    69335616            4       15448.690    554684928    138671232
    69335616            8       25690.942   1109369856    277342464
    76269120            1        5716.716    152538240     38134560
    76269120            2       11396.373    305076480     76269120
    76269120            4       17103.572    610152960    152538240
    76269120            8       28239.344   1220305920    305076480
    83896032            1        6333.337    167792064     41948016
    83896032            2       12585.834    335584128     83896032
    83896032            4       18763.729    671168256    167792064
    83896032            8       31077.580   1342336512    335584128
    92285568            1        6950.590    184571136     46142784
    92285568            2       13830.397    369142272     92285568
    92285568            4       20706.437    738284544    184571136
    92285568            8       34119.609   1476569088    369142272
   101514048            1        7611.085    203028096     50757024
   101514048            2       15201.890    406056192    101514048
   101514048            4       22668.842    812112384    203028096
   101514048            8       37611.906   1624224768    406056192
   111665376            1        8374.773    223330752     55832688
   111665376            2       16706.173    446661504    111665376
   111665376            4       24849.750    893323008    223330752
   111665376            8       41359.844   1786646016    446661504
   122831904            1        9350.349    245663808     61415952
   122831904            2       18553.001    491327616    122831904
   122831904            4       27562.459    982655232    245663808
   122831904            8       45603.557   1965310464    491327616
   135115008            1       10231.566    270230016     67557504
   135115008            2       20417.157    540460032    135115008
   135115008            4       30399.173   1080920064    270230016
   148626432            1       11224.837    297252864     74313216
   148626432            2       22490.351    594505728    148626432
   148626432            4       33292.611   1189011456    297252864
   163489056            1       12377.628    326978112     81744528
   163489056            2       24726.962    653956224    163489056
   163489056            4       36693.615   1307912448    326978112
   179837952            1       13612.202    359675904     89918976
   179837952            2       27221.239    719351808    179837952
   179837952            4       39563.890   1438703616    359675904
   197821728            1       14969.678    395643456     98910864
   197821728            2       29909.080    791286912    197821728
   197821728            4       44486.530   1582573824    395643456
   217603872            1       16465.755    435207744    108801936
   217603872            2       32933.816    870415488    217603872
   217603872            4       48765.107   1740830976    435207744
   239364192            1       18110.911    478728384    119682096
   239364192            2       36331.042    957456768    239364192
   239364192            4       53806.725   1914913536    478728384
   263300544            1       19950.091    526601088    131650272
   263300544            2       39805.053   1053202176    263300544
   263300544            4       59308.724   2106404352    526601088
   289630560            1       21942.853    579261120    144815280
   289630560            2       43780.949   1158522240    289630560
   318593568            1       24187.118    637187136    159296784
   318593568            2       48659.294   1274374272    318593568
   350452896            1       26342.617    700905792    175226448
   350452896            2       52555.169   1401811584    350452896
   385498176            1       29045.185    770996352    192749088
   385498176            2       57951.659   1541992704    385498176
   424047936            1       31840.970    848095872    212023968
   424047936            2       64477.287   1696191744    424047936
   466452672            1       35282.008    932905344    233226336
   466452672            2       70620.962   1865810688    466452672
   513097920            1       38859.412   1026195840    256548960
   513097920            2       77655.624   2052391680    513097920
   564407712            1       42932.119   1128815424    282203856
   620848416            1       47021.166   1241696832    310424208
   682933248            1       51595.927   1365866496    341466624
   751226496            1       56491.690   1502452992    375613248
   826349088            1       62580.669   1652698176    413174544
   908983968            1       68366.779   1817967936    454491984
   999882336            1       75163.713   1999764672    499941168

META_DATA
FLOPS          4
OPENMP_THREADS 12
ERT_VERSION  1.1.0
HOSTNAME  ('cachyos-laptop', [], ['127.0.1.1'])
UNAME  uname_result(system='Linux', node='cachyos-laptop', release='6.18.0-2-cachyos', version='#1 SMP PREEMPT_DYNAMIC Sat, 06 Dec 2025 07:42:36 +0000', machine='x86_64')
TIMESTAMP_DATA  1765908323.7017043
CONFIG  {'ERT_MPI': ['False'], 'ERT_OPENMP': ['True'], 'ERT_OPENMP_CFLAGS': ['-fopenmp'], 'ERT_OPENMP_LDFLAGS': ['-fopenmp'], 'ERT_PRECISION': ['FP64'], 'ERT_TRIALS_MIN': ['1'], 'ERT_TRIALS': ['3', '#', 'Run', 'each', 'test', '3', 'times', 'to', 'filter', 'out', 'background', 'noise'], 'ERT_RESULTS': ['Results/5500U'], 'ERT_GNUPLOT': ['gnuplot'], 'ERT_DRIVER': ['driver1'], 'ERT_KERNEL': ['kernel1'], 'ERT_CC': ['g++'], 'ERT_LD': ['g++'], 'ERT_CFLAGS': ['-O3', '-march=native', '-fopenmp', '-fstrict-aliasing', '-funroll-loops', '-Wno-all'], 'ERT_LDFLAGS': ['-O3', '-march=native', '-fopenmp'], 'ERT_LDLIBS': ['-lm'], 'ERT_RUN': ['export', 'OMP_NUM_THREADS=ERT_OPENMP_THREADS;', './ERT_CODE'], 'ERT_WORKING_SET_MIN': ['128'], 'ERT_MEMORY_MAX': ['1073741824'], 'ERT_ALIGN': ['64'], 'ERT_MIN_PROCS': ['1'], 'ERT_MAX_PROCS': ['1'], 'ERT_OPENMP_THREADS': ['1,2,4,8,12', '#', 'Logical', 'Threads'], 'ERT_NUM_EXPERIMENTS': ['5'], 'ERT_FLOPS': ['1,2,4,8'], 'ERT_GPU': [False], 'ERT_HIP': [False], 'ERT_OCL': [False], 'ERT_SYCL': [False], 'ERT_WSS_MULT': [1.1]}
