fp64
       12288            1           1.250        24576        12288
       12288            2           0.670        49152        24576
       12288            4           0.810        98304        49152
       12288            8           1.090       196608        98304
       12288           16           1.800       393216       196608
       12288           32           3.410       786432       393216
       12288           64           6.640      1572864       786432
       12288          128          13.530      3145728      1572864
       12288          256          20.570      6291456      3145728
       12288          512          40.490     12582912      6291456
       12288         1024          80.280     25165824     12582912
       12288         2048         160.190     50331648     25165824
       12288         4096         319.951    100663296     50331648
       12288         8192         649.540    201326592    100663296
       12288        16384        1281.621    402653184    201326592
       12288        32768        2564.702    805306368    402653184
       12288        65536        5124.515   1610612736    805306368
       13440            1          22.030        26880        13440
       13440            2           0.750        53760        26880
       13440            4           0.890       107520        53760
       13440            8           1.200       215040       107520
       13440           16           1.880       430080       215040
       13440           32           3.220       860160       430080
       13440           64           5.950      1720320       860160
       13440          128          11.440      3440640      1720320
       13440          256          22.340      6881280      3440640
       13440          512          44.270     13762560      6881280
       13440         1024          88.280     27525120     13762560
       13440         2048         190.700     55050240     27525120
       13440         4096         350.590    110100480     55050240
       13440         8192         706.061    220200960    110100480
       13440        16384        1405.451    440401920    220200960
       13440        32768        2812.463    880803840    440401920
       13440        65536        5629.314   1761607680    880803840
       14784            1          26.520        29568        14784
       14784            2           0.740        59136        29568
       14784            4           0.830       118272        59136
       14784            8           1.230       236544       118272
       14784           16           1.980       473088       236544
       14784           32           3.460       946176       473088
       14784           64           6.490      1892352       946176
       14784          128          12.520      3784704      1892352
       14784          256          24.510      7569408      3784704
       14784          512          48.550     15138816      7569408
       14784         1024          96.710     30277632     15138816
       14784         2048         193.040     60555264     30277632
       14784         4096         395.410    121110528     60555264
       14784         8192         776.871    242221056    121110528
       14784        16384        1547.241    484442112    242221056
       14784        32768        3094.533    968884224    484442112
       14784        65536        6182.805   1937768448    968884224
       16224            1         511.650        32448        16224
       16224            2         474.751        64896        32448
       16224            4           0.870       129792        64896
       16224            8           1.380       259584       129792
       16224           16           2.130       519168       259584
       16224           32           3.790      1038336       519168
       16224           64           7.140      2076672      1038336
       16224          128          13.770      4153344      2076672
       16224          256          27.030      8306688      4153344
       16224          512          53.760     16613376      8306688
       16224         1024         106.960     33226752     16613376
       16224         2048         213.030     66453504     33226752
       16224         4096         425.371    132907008     66453504
       16224         8192         854.610    265814016    132907008
       16224        16384        1708.142    531628032    265814016
       16224        32768        3409.133   1063256064    531628032
       16224        65536        6817.565   2126512128   1063256064
       17760            1         152.790        35520        17760
       17760            2           0.730        71040        35520
       17760            4           1.060       142080        71040
       17760            8           1.420       284160       142080
       17760           16           2.320       568320       284160
       17760           32           4.100      1136640       568320
       17760           64           7.780      2273280      1136640
       17760          128          14.990      4546560      2273280
       17760          256          29.501      9093120      4546560
       17760          512          58.760     18186240      9093120
       17760         1024         116.810     36372480     18186240
       17760         2048         232.790     72744960     36372480
       17760         4096         465.350    145489920     72744960
       17760         8192         935.711    290979840    145489920
       17760        16384        1866.992    581959680    290979840
       17760        32768        3731.313   1163919360    581959680
       19488            1          22.440        38976        19488
       19488            2           0.730        77952        38976
       19488            4           1.040       155904        77952
       19488            8           1.570       311808       155904
       19488           16           2.520       623616       311808
       19488           32           4.680      1247232       623616
       19488           64           8.470      2494464      1247232
       19488          128          16.400      4988928      2494464
       19488          256          32.310      9977856      4988928
       19488          512          64.140     19955712      9977856
       19488         1024         128.120     39911424     19955712
       19488         2048         267.650     79822848     39911424
       19488         4096         510.391    159645696     79822848
       19488         8192        1024.251    319291392    159645696
       19488        16384        2048.381    638582784    319291392
       19488        32768        4093.904   1277165568    638582784
       21408            1          23.380        42816        21408
       21408            2           0.820        85632        42816
       21408            4           1.090       171264        85632
       21408            8           1.560       342528       171264
       21408           16           2.650       685056       342528
       21408           32           4.740      1370112       685056
       21408           64           9.320      2740224      1370112
       21408          128          18.050      5480448      2740224
       21408          256          35.520     10960896      5480448
       21408          512          70.730     21921792     10960896
       21408         1024         141.100     43843584     21921792
       21408         2048         281.630     87687168     43843584
       21408         4096         567.581    175374336     87687168
       21408         8192        1127.581    350748672    175374336
       21408        16384        2254.312    701497344    350748672
       21408        32768        4511.923   1402994688    701497344
       23520            1         514.011        47040        23520
       23520            2         991.311        94080        47040
       23520            4         993.161       188160        94080
       23520            8        1003.770       376320       188160
       23520           16         998.151       752640       376320
       23520           32          14.040      1505280       752640
       23520           64         539.871      3010560      1505280
       23520          128         554.370      6021120      3010560
       23520          256         566.320     12042240      6021120
       23520          512         622.410     24084480     12042240
       23520         1024        1245.761     48168960     24084480
       23520         2048         676.430     96337920     48168960
       23520         4096         616.491    192675840     96337920
       23520         8192        1240.191    385351680    192675840
       23520        16384        2471.032    770703360    385351680
       23520        32768        4942.374   1541406720    770703360
       25824            1           1.710        51648        25824
       25824            2           1.140       103296        51648
       25824            4           1.300       206592       103296
       25824            8           2.000       413184       206592
       25824           16           3.140       826368       413184
       25824           32           5.790      1652736       826368
       25824           64          11.000      3305472      1652736
       25824          128          21.590      6610944      3305472
       25824          256          42.720     13221888      6610944
       25824          512          84.950     26443776     13221888
       25824         1024         169.150     52887552     26443776
       25824         2048         358.521    105775104     52887552
       25824         4096         675.520    211550208    105775104
       25824         8192        1358.261    423100416    211550208
       25824        16384        2716.503    846200832    423100416
       25824        32768        5425.674   1692401664    846200832
       28320            1           3.150        56640        28320
       28320            2           0.800       113280        56640
       28320            4           1.180       226560       113280
       28320            8           1.950       453120       226560
       28320           16           3.460       906240       453120
       28320           32           6.290      1812480       906240
       28320           64          12.050      3624960      1812480
       28320          128          23.640      7249920      3624960
       28320          256          46.780     14499840      7249920
       28320          512          93.131     28999680     14499840
       28320         1024         202.990     57999360     28999680
       28320         2048         370.950    115998720     57999360
       28320         4096         745.231    231997440    115998720
       28320         8192        1487.081    463994880    231997440
       28320        16384        2974.302    927989760    463994880
       28320        32768        6050.536   1855979520    927989760
       31104            1           1.850        62208        31104
       31104            2           0.990       124416        62208
       31104            4           1.220       248832       124416
       31104            8           2.110       497664       248832
       31104           16           3.670       995328       497664
       31104           32           6.810      1990656       995328
       31104           64          13.120      3981312      1990656
       31104          128          25.810      7962624      3981312
       31104          256          51.380     15925248      7962624
       31104          512         101.480     31850496     15925248
       31104         1024         215.350     63700992     31850496
       31104         2048         405.550    127401984     63700992
       31104         4096         815.651    254803968    127401984
       31104         8192        1627.471    509607936    254803968
       31104        16384        3253.193   1019215872    509607936
       31104        32768        6501.166   2038431744   1019215872
       34176            1           1.320        68352        34176
       34176            2           0.890       136704        68352
       34176            4           1.370       273408       136704
       34176            8           2.390       546816       273408
       34176           16           3.960      1093632       546816
       34176           32           7.460      2187264      1093632
       34176           64          14.370      4374528      2187264
       34176          128          44.360      8749056      4374528
       34176          256          56.170     17498112      8749056
       34176          512         111.730     34996224     17498112
       34176         1024         222.910     69992448     34996224
       34176         2048         445.550    139984896     69992448
       34176         4096         895.171    279969792    139984896
       34176         8192        1792.221    559939584    279969792
       34176        16384        3572.903   1119879168    559939584
       37536            1           1.460        75072        37536
       37536            2           0.890       150144        75072
       37536            4           1.490       300288       150144
       37536            8           2.420       600576       300288
       37536           16           4.300      1201152       600576
       37536           32           8.130      2402304      1201152
       37536           64          15.900      4804608      2402304
       37536          128          31.230      9609216      4804608
       37536          256          61.710     19218432      9609216
       37536          512         123.100     38436864     19218432
       37536         1024         245.890     76873728     38436864
       37536         2048         503.220    153747456     76873728
       37536         4096        1018.651    307494912    153747456
       37536         8192        1977.132    614989824    307494912
       37536        16384        3943.253   1229979648    614989824
       41280            1           1.450        82560        41280
       41280            2           1.030       165120        82560
       41280            4           1.740       330240       165120
       41280            8           2.620       660480       330240
       41280           16           4.720      1320960       660480
       41280           32           8.890      2641920      1320960
       41280           64          17.250      5283840      2641920
       41280          128          34.030     10567680      5283840
       41280          256          67.710     21135360     10567680
       41280          512         134.780     42270720     21135360
       41280         1024         269.321     84541440     42270720
       41280         2048         563.860    169082880     84541440
       41280         4096        1079.381    338165760    169082880
       41280         8192        2159.592    676331520    338165760
       41280        16384        4317.784   1352663040    676331520
       45408            1         513.150        90816        45408
       45408            2         509.521       181632        90816
       45408            4         485.601       363264       181632
       45408            8         505.991       726528       363264
       45408           16         511.490      1453056       726528
       45408           32         536.980      2906112      1453056
       45408           64         539.820      5812224      2906112
       45408          128         565.100     11624448      5812224
       45408          256         636.461     23248896     11624448
       45408          512         741.121     46497792     23248896
       45408         1024         974.501     92995584     46497792
       45408         2048         904.950    185991168     92995584
       45408         4096        1557.661    371982336    185991168
       45408         8192        2867.393    743964672    371982336
       45408        16384        4942.204   1487929344    743964672
       49920            1           1.780        99840        49920
       49920            2           1.170       199680        99840
       49920            4           1.770       399360       199680
       49920            8           3.050       798720       399360
       49920           16           5.600      1597440       798720
       49920           32          10.660      3194880      1597440
       49920           64          20.810      6389760      3194880
       49920          128          41.020     12779520      6389760
       49920          256          81.610     25559040     12779520
       49920          512         162.860     51118080     25559040
       49920         1024         346.541    102236160     51118080
       49920         2048         649.580    204472320    102236160
       49920         4096        1314.171    408944640    204472320
       49920         8192        2603.872    817889280    408944640
       49920        16384        5209.105   1635778560    817889280
       54912            1         314.601       109824        54912
       54912            2         248.490       219648       109824
       54912            4         253.090       439296       219648
       54912            8         250.390       878592       439296
       54912           16         257.220      1757184       878592
       54912           32         259.601      3514368      1757184
       54912           64         277.110      7028736      3514368
       54912          128         296.521     14057472      7028736
       54912          256         234.960     28114944     14057472
       54912          512         179.080     56229888     28114944
       54912         1024         357.430    112459776     56229888
       54912         2048         719.361    224919552    112459776
       54912         4096        1433.041    449839104    224919552
       54912         8192        2867.993    899678208    449839104
       54912        16384        5737.874   1799356416    899678208
       60384            1           3.160       120768        60384
       60384            2           1.280       241536       120768
       60384            4           2.070       483072       241536
       60384            8           3.610       966144       483072
       60384           16           6.680      1932288       966144
       60384           32          12.820      3864576      1932288
       60384           64          25.111      7729152      3864576
       60384          128          49.720     15458304      7729152
       60384          256          98.840     30916608     15458304
       60384          512         197.230     61833216     30916608
       60384         1024         403.510    123666432     61833216
       60384         2048         791.241    247332864    123666432
       60384         4096        1578.921    494665728    247332864
       60384         8192        3158.413    989331456    494665728
       60384        16384        6337.985   1978662912    989331456
       66336            1         259.381       132672        66336
       66336            2         249.200       265344       132672
       66336            4         249.140       530688       265344
       66336            8           3.920      1061376       530688
       66336           16           7.310      2122752      1061376
       66336           32          14.010      4245504      2122752
       66336           64          27.520      8491008      4245504
       66336          128          54.390     16982016      8491008
       66336          256         108.310     33964032     16982016
       66336          512         216.400     67928064     33964032
       66336         1024         432.280    135856128     67928064
       66336         2048         868.801    271712256    135856128
       66336         4096        1735.552    543424512    271712256
       66336         8192        3477.002   1086849024    543424512
       72960            1           2.360       145920        72960
       72960            2           1.230       291840       145920
       72960            4           2.800       583680       291840
       72960            8           4.290      1167360       583680
       72960           16           7.900      2334720      1167360
       72960           32          15.140      4669440      2334720
       72960           64          30.131      9338880      4669440
       72960          128          59.770     18677760      9338880
       72960          256         119.160     37355520     18677760
       72960          512         237.750     74711040     37355520
       72960         1024         491.540    149422080     74711040
       72960         2048         953.091    298844160    149422080
       72960         4096        1903.082    597688320    298844160
       72960         8192        3806.313   1195376640    597688320
       80256            1          10.250       160512        80256
       80256            2           1.250       321024       160512
       80256            4           2.400       642048       321024
       80256            8           4.680      1284096       642048
       80256           16           8.700      2568192      1284096
       80256           32          16.840      5136384      2568192
       80256           64          33.270     10272768      5136384
       80256          128          65.710     20545536     10272768
       80256          256         130.920     41091072     20545536
       80256          512         261.450     82182144     41091072
       80256         1024         527.061    164364288     82182144
       80256         2048        1047.821    328728576    164364288
       80256         4096        2096.062    657457152    328728576
       80256         8192        4187.613   1314914304    657457152
       88224            1           2.390       176448        88224
       88224            2           1.510       352896       176448
       88224            4           2.790       705792       352896
       88224            8           4.960      1411584       705792
       88224           16           9.510      2823168      1411584
       88224           32          18.480      5646336      2823168
       88224           64          36.420     11292672      5646336
       88224          128          72.420     22585344     11292672
       88224          256         144.150     45170688     22585344
       88224          512         310.650     90341376     45170688
       88224         1024         574.911    180682752     90341376
       88224         2048        1153.731    361365504    180682752
       88224         4096        2316.172    722731008    361365504
       88224         8192        4610.064   1445462016    722731008
       96960            1         256.890       193920        96960
       96960            2         251.460       387840       193920
       96960            4          10.130       775680       387840
       96960            8           5.320      1551360       775680
       96960           16          10.350      3102720      1551360
       96960           32          20.200      6205440      3102720
       96960           64          39.920     12410880      6205440
       96960          128          79.160     24821760     12410880
       96960          256         158.080     49643520     24821760
       96960          512         315.380     99287040     49643520
       96960         1024         635.441    198574080     99287040
       96960         2048        1265.411    397148160    198574080
       96960         4096        2531.912    794296320    397148160
       96960         8192        5062.444   1588592640    794296320
      106656            1           2.140       213312       106656
      106656            2           1.850       426624       213312
      106656            4           3.210       853248       426624
      106656            8           5.900      1706496       853248
      106656           16          11.600      3412992      1706496
      106656           32          22.160      6825984      3412992
      106656           64          44.000     13651968      6825984
      106656          128          87.300     27303936     13651968
      106656          256         174.131     54607872     27303936
      106656          512         358.900    109215744     54607872
      106656         1024         694.841    218431488    109215744
      106656         2048        1397.071    436862976    218431488
      106656         4096        2784.072    873725952    436862976
      106656         8192        5586.935   1747451904    873725952
      117312            1           2.630       234624       117312
      117312            2           2.010       469248       234624
      117312            4           3.590       938496       469248
      117312            8           6.490      1876992       938496
      117312           16          12.410      3753984      1876992
      117312           32          24.350      7507968      3753984
      117312           64          48.260     15015936      7507968
      117312          128          95.810     30031872     15015936
      117312          256         204.830     60063744     30031872
      117312          512         381.780    120127488     60063744
      117312         1024         767.671    240254976    120127488
      117312         2048        1529.761    480509952    240254976
      117312         4096        3064.273    961019904    480509952
      117312         8192        6122.655   1922039808    961019904
      129024            1           2.680       258048       129024
      129024            2           2.150       516096       258048
      129024            4           3.960      1032192       516096
      129024            8           7.060      2064384      1032192
      129024           16          13.590      4128768      2064384
      129024           32          26.700      8257536      4128768
      129024           64          52.970     16515072      8257536
      129024          128         105.260     33030144     16515072
      129024          256         210.090     66060288     33030144
      129024          512         428.631    132120576     66060288
      129024         1024         838.631    264241152    132120576
      129024         2048        1685.601    528482304    264241152
      129024         4096        3369.643   1056964608    528482304
      129024         8192        6917.226   2113929216   1056964608
      141888            1         249.440       283776       141888
      141888            2         252.700       567552       283776
      141888            4           4.090      1135104       567552
      141888            8           7.910      2270208      1135104
      141888           16          15.110      4540416      2270208
      141888           32          29.881      9080832      4540416
      141888           64          58.210     18161664      9080832
      141888          128         115.900     36323328     18161664
      141888          256         231.280     72646656     36323328
      141888          512         461.650    145293312     72646656
      141888         1024         937.511    290586624    145293312
      141888         2048        1854.532    581173248    290586624
      141888         4096        3712.173   1162346496    581173248
      156000            1           3.070       312000       156000
      156000            2           2.470       624000       312000
      156000            4           4.650      1248000       624000
      156000            8           8.490      2496000      1248000
      156000           16          16.380      4992000      2496000
      156000           32          32.210      9984000      4992000
      156000           64          63.860     19968000      9984000
      156000          128         127.690     39936000     19968000
      156000          256         267.430     79872000     39936000
      156000          512         507.481    159744000     79872000
      156000         1024        1019.810    319488000    159744000
      156000         2048        2038.142    638976000    319488000
      156000         4096        4074.484   1277952000    638976000
      171552            1          25.340       343104       171552
      171552            2           2.540       686208       343104
      171552            4           4.920      1372416       686208
      171552            8           9.310      2744832      1372416
      171552           16          17.990      5489664      2744832
      171552           32          35.400     10979328      5489664
      171552           64          70.370     21958656     10979328
      171552          128         140.120     43917312     21958656
      171552          256         279.520     87834624     43917312
      171552          512         563.561    175669248     87834624
      171552         1024        1128.221    351338496    175669248
      171552         2048        2249.121    702676992    351338496
      171552         4096        4483.494   1405353984    702676992
      188640            1           7.020       377280       188640
      188640            2           3.280       754560       377280
      188640            4           5.490      1509120       754560
      188640            8          10.110      3018240      1509120
      188640           16          19.730      6036480      3018240
      188640           32          38.870     12072960      6036480
      188640           64          77.210     24145920     12072960
      188640          128         153.601     48291840     24145920
      188640          256         307.320     96583680     48291840
      188640          512         632.920    193167360     96583680
      188640         1024        1232.841    386334720    193167360
      188640         2048        2480.932    772669440    386334720
      188640         4096        4927.215   1545338880    772669440
      207456            1          26.550       414912       207456
      207456            2           3.350       829824       414912
      207456            4           5.690      1659648       829824
      207456            8          11.140      3319296      1659648
      207456           16          21.630      6638592      3319296
      207456           32          42.940     13277184      6638592
      207456           64          84.940     26554368     13277184
      207456          128         169.340     53108736     26554368
      207456          256         337.890    106217472     53108736
      207456          512         685.891    212434944    106217472
      207456         1024        1353.341    424869888    212434944
      207456         2048        2709.912    849739776    424869888
      207456         4096        5415.365   1699479552    849739776
      228192            1          30.480       456384       228192
      228192            2           3.290       912768       456384
      228192            4           6.690      1825536       912768
      228192            8          12.270      3651072      1825536
      228192           16          24.190      7302144      3651072
      228192           32          46.910     14604288      7302144
      228192           64          93.370     29208576     14604288
      228192          128         186.180     58417152     29208576
      228192          256         371.990    116834304     58417152
      228192          512         749.801    233668608    116834304
      228192         1024        1494.621    467337216    233668608
      228192         2048        2978.333    934674432    467337216
      228192         4096        5978.775   1869348864    934674432
      250944            1         269.010       501888       250944
      250944            2         251.410      1003776       501888
      250944            4         255.630      2007552      1003776
      250944            8         264.650      4015104      2007552
      250944           16         275.651      8030208      4015104
      250944           32         307.440     16060416      8030208
      250944           64         359.881     32120832     16060416
      250944          128         230.510     64241664     32120832
      250944          256         408.390    128483328     64241664
      250944          512         821.161    256966656    128483328
      250944         1024        1639.732    513933312    256966656
      250944         2048        3275.632   1027866624    513933312
      250944         4096        6548.346   2055733248   1027866624
      276000            1          18.780       552000       276000
      276000            2           5.070      1104000       552000
      276000            4           7.930      2208000      1104000
      276000            8          14.720      4416000      2208000
      276000           16          28.700      8832000      4416000
      276000           32          56.690     17664000      8832000
      276000           64         112.820     35328000     17664000
      276000          128         224.910     70656000     35328000
      276000          256         449.350    141312000     70656000
      276000          512         902.751    282624000    141312000
      276000         1024        1803.752    565248000    282624000
      276000         2048        3606.613   1130496000    565248000
      303552            1          28.770       607104       303552
      303552            2           4.920      1214208       607104
      303552            4           8.900      2428416      1214208
      303552            8          15.980      4856832      2428416
      303552           16          31.390      9713664      4856832
      303552           32          62.190     19427328      9713664
      303552           64         123.900     38854656     19427328
      303552          128         260.900     77709312     38854656
      303552          256         494.121    155418624     77709312
      303552          512         991.991    310837248    155418624
      303552         1024        1986.491    621674496    310837248
      303552         2048        3960.854   1243348992    621674496
      333888            1           6.260       667776       333888
      333888            2           5.390      1335552       667776
      333888            4           9.110      2671104      1335552
      333888            8          17.510      5342208      2671104
      333888           16          34.630     10684416      5342208
      333888           32          68.290     21368832     10684416
      333888           64         136.310     42737664     21368832
      333888          128         287.440     85475328     42737664
      333888          256         543.161    170950656     85475328
      333888          512        1091.900    341901312    170950656
      333888         1024        2183.632    683802624    341901312
      333888         2048        4355.474   1367605248    683802624
      367200            1         260.160       734400       367200
      367200            2           6.050      1468800       734400
      367200            4           9.930      2937600      1468800
      367200            8          19.230      5875200      2937600
      367200           16          37.841     11750400      5875200
      367200           32          75.190     23500800     11750400
      367200           64         149.640     47001600     23500800
      367200          128         298.840     94003200     47001600
      367200          256         602.060    188006400     94003200
      367200          512        1199.181    376012800    188006400
      367200         1024        2396.722    752025600    376012800
      367200         2048        4792.175   1504051200    752025600
      403872            1           7.790       807744       403872
      403872            2           6.700      1615488       807744
      403872            4          10.800      3230976      1615488
      403872            8          21.410      6461952      3230976
      403872           16          41.910     12923904      6461952
      403872           32          82.700     25847808     12923904
      403872           64         180.370     51695616     25847808
      403872          128         328.720    103391232     51695616
      403872          256         660.981    206782464    103391232
      403872          512        1318.561    413564928    206782464
      403872         1024        2636.642    827129856    413564928
      403872         2048        5268.904   1654259712    827129856
      444192            1           8.310       888384       444192
      444192            2           7.420      1776768       888384
      444192            4          12.070      3553536      1776768
      444192            8          24.320      7107072      3553536
      444192           16          45.730     14214144      7107072
      444192           32          90.941     28428288     14214144
      444192           64         181.240     56856576     28428288
      444192          128         374.980    113713152     56856576
      444192          256         722.691    227426304    113713152
      444192          512        1463.511    454852608    227426304
      444192         1024        2898.582    909705216    454852608
      444192         2048        5804.945   1819410432    909705216
      488544            1          47.930       977088       488544
      488544            2           6.730      1954176       977088
      488544            4          13.040      3908352      1954176
      488544            8          26.130      7816704      3908352
      488544           16          50.220     15633408      7816704
      488544           32          99.970     31266816     15633408
      488544           64         199.131     62533632     31266816
      488544          128         422.410    125067264     62533632
      488544          256         794.781    250134528    125067264
      488544          512        1597.951    500269056    250134528
      488544         1024        3187.853   1000538112    500269056
      488544         2048        6379.925   2001076224   1000538112
      537312            1         521.350      1074624       537312
      537312            2         518.100      2149248      1074624
      537312            4         533.480      4298496      2149248
      537312            8         546.590      8596992      4298496
      537312           16         604.010     17193984      8596992
      537312           32         687.991     34387968     17193984
      537312           64         851.620     68775936     34387968
      537312          128         730.250    137551872     68775936
      537312          256        1214.511    275103744    137551872
      537312          512        2181.712    550207488    275103744
      537312         1024        3816.813   1100414976    550207488
      590976            1          13.780      1181952       590976
      590976            2           8.460      2363904      1181952
      590976            4          15.530      4727808      2363904
      590976            8          30.780      9455616      4727808
      590976           16          60.780     18911232      9455616
      590976           32         134.200     37822464     18911232
      590976           64         240.690     75644928     37822464
      590976          128         480.801    151289856     75644928
      590976          256         965.200    302579712    151289856
      590976          512        1928.832    605159424    302579712
      590976         1024        3854.353   1210318848    605159424
      650016            1          11.570      1300032       650016
      650016            2           9.880      2600064      1300032
      650016            4          17.200      5200128      2600064
      650016            8          33.540     10400256      5200128
      650016           16          66.531     20800512     10400256
      650016           32         145.350     41601024     20800512
      650016           64         265.040     83202048     41601024
      650016          128         530.660    166404096     83202048
      650016          256        1060.681    332808192    166404096
      650016          512        2121.132    665616384    332808192
      650016         1024        4240.294   1331232768    665616384
      715008            1          13.460      1430016       715008
      715008            2           9.820      2860032      1430016
      715008            4          18.750      5720064      2860032
      715008            8          36.970     11440128      5720064
      715008           16          73.320     22880256     11440128
      715008           32         145.780     45760512     22880256
      715008           64         306.800     91521024     45760512
      715008          128         581.081    183042048     91521024
      715008          256        1166.311    366084096    183042048
      715008          512        2343.822    732168192    366084096
      715008         1024        8736.977   1464336384    732168192
      786432            1         517.940      1572864       786432
      786432            2         495.680      3145728      1572864
      786432            4         546.790      6291456      3145728
      786432            8         590.770     12582912      6291456
      786432           16         639.150     25165824     12582912
      786432           32         757.950     50331648     25165824
      786432           64        1009.380    100663296     50331648
      786432          128         963.201    201326592    100663296
      786432          256        1295.761    402653184    201326592
      786432          512        2563.162    805306368    402653184
      786432         1024        5126.955   1610612736    805306368
      865056            1          56.000      1730112       865056
      865056            2          12.900      3460224      1730112
      865056            4          22.840      6920448      3460224
      865056            8          45.700     13840896      6920448
      865056           16          88.450     27681792     13840896
      865056           32         176.380     55363584     27681792
      865056           64         352.100    110727168     55363584
      865056          128         711.461    221454336    110727168
      865056          256        1410.991    442908672    221454336
      865056          512        2822.492    885817344    442908672
      865056         1024        5644.205   1771634688    885817344
      951552            1          63.760      1903104       951552
      951552            2          14.760      3806208      1903104
      951552            4          25.050      7612416      3806208
      951552            8          49.600     15224832      7612416
      951552           16          97.150     30449664     15224832
      951552           32         193.890     60899328     30449664
      951552           64         406.491    121798656     60899328
      951552          128         790.430    243597312    121798656
      951552          256        1551.152    487194624    243597312
      951552          512        3102.692    974389248    487194624
      951552         1024        6205.775   1948778496    974389248
     1046688            1          63.201      2093376      1046688
     1046688            2          17.500      4186752      2093376
     1046688            4          27.330      8373504      4186752
     1046688            8          53.800     16747008      8373504
     1046688           16         107.150     33494016     16747008
     1046688           32         213.240     66988032     33494016
     1046688           64         436.120    133976064     66988032
     1046688          128         851.931    267952128    133976064
     1046688          256        1708.821    535904256    267952128
     1046688          512        3416.173   1071808512    535904256
     1046688         1024        6822.776   2143617024   1071808512
     1151328            1         332.500      2302656      1151328
     1151328            2         267.061      4605312      2302656
     1151328            4          32.970      9210624      4605312
     1151328            8          59.190     18421248      9210624
     1151328           16         117.510     36842496     18421248
     1151328           32         234.720     73684992     36842496
     1151328           64         468.291    147369984     73684992
     1151328          128         941.190    294739968    147369984
     1151328          256        1880.632    589479936    294739968
     1151328          512        3757.213   1178959872    589479936
     1266432            1          27.750      2532864      1266432
     1266432            2          18.810      5065728      2532864
     1266432            4          32.950     10131456      5065728
     1266432            8          65.070     20262912     10131456
     1266432           16         129.520     40525824     20262912
     1266432           32         274.261     81051648     40525824
     1266432           64         515.280    162103296     81051648
     1266432          128        1034.141    324206592    162103296
     1266432          256        2065.292    648413184    324206592
     1266432          512        4168.823   1296826368    648413184
     1393056            1          34.940      2786112      1393056
     1393056            2          19.600      5572224      2786112
     1393056            4          36.190     11144448      5572224
     1393056            8          71.490     22288896     11144448
     1393056           16         143.680     44577792     22288896
     1393056           32         283.791     89155584     44577792
     1393056           64         572.290    178311168     89155584
     1393056          128        1136.571    356622336    178311168
     1393056          256        2272.692    713244672    356622336
     1393056          512        4547.974   1426489344    713244672
     1532352            1          34.510      3064704      1532352
     1532352            2          20.980      6129408      3064704
     1532352            4          39.860     12258816      6129408
     1532352            8          78.660     24517632     12258816
     1532352           16         156.550     49035264     24517632
     1532352           32         312.020     98070528     49035264
     1532352           64         632.551    196141056     98070528
     1532352          128        1249.441    392282112    196141056
     1532352          256        2502.562    784564224    392282112
     1532352          512        4997.954   1569128448    784564224
     1685568            1         534.971      3371136      1685568
     1685568            2          23.440      6742272      3371136
     1685568            4          57.771     13484544      6742272
     1685568            8          86.520     26969088     13484544
     1685568           16         172.200     53938176     26969088
     1685568           32         343.460    107876352     53938176
     1685568           64         690.311    215752704    107876352
     1685568          128        1374.431    431505408    215752704
     1685568          256        2750.992    863010816    431505408
     1685568          512        5495.855   1726021632    863010816
     1854048            1         199.341      3708096      1854048
     1854048            2          27.470      7416192      3708096
     1854048            4          48.220     14832384      7416192
     1854048            8          95.900     29664768     14832384
     1854048           16         189.750     59329536     29664768
     1854048           32         377.780    118659072     59329536
     1854048           64         759.351    237318144    118659072
     1854048          128        1517.461    474636288    237318144
     1854048          256        3030.443    949272576    474636288
     1854048          512        6056.155   1898545152    949272576
     2039424            1          89.810      4078848      2039424
     2039424            2          28.740      8157696      4078848
     2039424            4          52.810     16315392      8157696
     2039424            8         104.500     32630784     16315392
     2039424           16         208.210     65261568     32630784
     2039424           32         426.501    130523136     65261568
     2039424           64         835.190    261046272    130523136
     2039424          128        1663.522    522092544    261046272
     2039424          256        3332.093   1044185088    522092544
     2039424          512        6656.525   2088370176   1044185088
     2243328            1         131.000      4486656      2243328
     2243328            2          31.150      8973312      4486656
     2243328            4          58.210     17946624      8973312
     2243328            8         127.260     35893248     17946624
     2243328           16         229.480     71786496     35893248
     2243328           32         462.201    143572992     71786496
     2243328           64         920.871    287145984    143572992
     2243328          128        1834.581    574291968    287145984
     2243328          256        3671.903   1148583936    574291968
     2467584            1         112.390      4935168      2467584
     2467584            2          33.940      9870336      4935168
     2467584            4          63.690     19740672      9870336
     2467584            8         126.211     39481344     19740672
     2467584           16         251.800     78962688     39481344
     2467584           32         511.270    157925376     78962688
     2467584           64        1007.571    315850752    157925376
     2467584          128        2016.182    631701504    315850752
     2467584          256        4029.783   1263403008    631701504
     2714304            1         592.470      5428608      2714304
     2714304            2          40.090     10857216      5428608
     2714304            4          70.190     21714432     10857216
     2714304            8         139.450     43428864     21714432
     2714304           16         277.700     86857728     43428864
     2714304           32         557.370    173715456     86857728
     2714304           64        1108.231    347430912    173715456
     2714304          128        2216.592    694861824    347430912
     2714304          256        4430.934   1389723648    694861824
     2985696            1         264.380      5971392      2985696
     2985696            2          42.390     11942784      5971392
     2985696            4          77.270     23885568     11942784
     2985696            8         152.780     47771136     23885568
     2985696           16         304.461     95542272     47771136
     2985696           32         613.320    191084544     95542272
     2985696           64        1219.641    382169088    191084544
     2985696          128        2449.382    764338176    382169088
     2985696          256        4875.794   1528676352    764338176
     3284256            1         648.651      6568512      3284256
     3284256            2          55.510     13137024      6568512
     3284256            4          84.860     26274048     13137024
     3284256            8         168.530     52548096     26274048
     3284256           16         342.350    105096192     52548096
     3284256           32         669.180    210192384    105096192
     3284256           64        1345.992    420384768    210192384
     3284256          128        2680.302    840769536    420384768
     3284256          256        5369.604   1681539072    840769536
     3612672            1         203.280      7225344      3612672
     3612672            2          59.070     14450688      7225344
     3612672            4          94.700     28901376     14450688
     3612672            8         185.081     57802752     28901376
     3612672           16         368.890    115605504     57802752
     3612672           32         739.750    231211008    115605504
     3612672           64        1487.532    462422016    231211008
     3612672          128        2949.862    924844032    462422016
     3612672          256        5894.055   1849688064    924844032
     3973920            1         503.420      7947840      3973920
     3973920            2         321.240     15895680      7947840
     3973920            4         104.440     31791360     15895680
     3973920            8         204.450     63582720     31791360
     3973920           16         405.991    127165440     63582720
     3973920           32         819.130    254330880    127165440
     3973920           64        1634.272    508661760    254330880
     3973920          128        3246.913   1017323520    508661760
     3973920          256        6495.455   2034647040   1017323520
     4371264            1         274.130      8742528      4371264
     4371264            2          76.400     17485056      8742528
     4371264            4         114.210     34970112     17485056
     4371264            8         224.110     69940224     34970112
     4371264           16         450.391    139880448     69940224
     4371264           32         895.620    279760896    139880448
     4371264           64        1789.862    559521792    279760896
     4371264          128        3574.363   1119043584    559521792
     4808352            1         476.980      9616704      4808352
     4808352            2         335.190     19233408      9616704
     4808352            4         131.611     38466816     19233408
     4808352            8         247.960     76933632     38466816
     4808352           16         491.530    153867264     76933632
     4808352           32         984.501    307734528    153867264
     4808352           64        1969.372    615469056    307734528
     4808352          128        3934.393   1230938112    615469056
     5289120            1         308.110     10578240      5289120
     5289120            2          92.770     21156480     10578240
     5289120            4         145.980     42312960     21156480
     5289120            8         271.890     84625920     42312960
     5289120           16         540.391    169251840     84625920
     5289120           32        1082.751    338503680    169251840
     5289120           64        2168.151    677007360    338503680
     5289120          128        4321.154   1354014720    677007360
     5817984            1         844.361     11635968      5817984
     5817984            2         667.151     23271936     11635968
     5817984            4         756.411     46543872     23271936
     5817984            8         829.291     93087744     46543872
     5817984           16        1221.432    186175488     93087744
     5817984           32        2468.462    372350976    186175488
     5817984           64        3181.183    744701952    372350976
     5817984          128        6456.696   1489403904    744701952
     6399744            1         733.860     12799488      6399744
     6399744            2         549.970     25598976     12799488
     6399744            4         695.861     51197952     25598976
     6399744            8         329.220    102395904     51197952
     6399744           16         660.021    204791808    102395904
     6399744           32        2063.342    409583616    204791808
     6399744           64        3655.423    819167232    409583616
     6399744          128        6307.675   1638334464    819167232
     7039680            1        1050.461     14079360      7039680
     7039680            2         669.990     28158720     14079360
     7039680            4         805.921     56317440     28158720
     7039680            8        1585.841    112634880     56317440
     7039680           16        1634.292    225269760    112634880
     7039680           32        2747.232    450539520    225269760
     7039680           64        4980.834    901079040    450539520
     7039680          128        7912.256   1802158080    901079040
     7743648            1         396.210     15487296      7743648
     7743648            2         133.370     30974592     15487296
     7743648            4         205.871     61949184     30974592
     7743648            8         398.960    123898368     61949184
     7743648           16         798.521    247796736    123898368
     7743648           32        1582.361    495593472    247796736
     7743648           64        3172.243    991186944    495593472
     7743648          128        6333.055   1982373888    991186944
     8517984            1         492.561     17035968      8517984
     8517984            2         139.440     34071936     17035968
     8517984            4         219.140     68143872     34071936
     8517984            8         441.931    136287744     68143872
     8517984           16         876.380    272575488    136287744
     8517984           32        1742.222    545150976    272575488
     8517984           64        3484.263   1090301952    545150976
     9369696            1          84.960     18739392      9369696
     9369696            2         155.100     37478784     18739392
     9369696            4         247.610     74957568     37478784
     9369696            8         482.021    149915136     74957568
     9369696           16         960.800    299830272    149915136
     9369696           32        1921.652    599660544    299830272
     9369696           64        3839.933   1199321088    599660544
    10306656            1         717.040     20613312     10306656
    10306656            2         293.470     41226624     20613312
    10306656            4         265.630     82453248     41226624
    10306656            8         528.300    164906496     82453248
    10306656           16        1056.481    329812992    164906496
    10306656           32        2327.482    659625984    329812992
    10306656           64        4215.934   1319251968    659625984
    11337312            1         661.171     22674624     11337312
    11337312            2         177.590     45349248     22674624
    11337312            4         298.100     90698496     45349248
    11337312            8         579.891    181396992     90698496
    11337312           16        1162.521    362793984    181396992
    11337312           32        2324.712    725587968    362793984
    11337312           64        4638.154   1451175936    725587968
    12470976            1         753.371     24941952     12470976
    12470976            2         199.540     49883904     24941952
    12470976            4         322.710     99767808     49883904
    12470976            8         646.421    199535616     99767808
    12470976           16        1279.351    399071232    199535616
    12470976           32        2556.632    798142464    399071232
    12470976           64        5116.944   1596284928    798142464
    13718016            1         767.880     27436032     13718016
    13718016            2         239.070     54872064     27436032
    13718016            4         363.731    109744128     54872064
    13718016            8         707.610    219488256    109744128
    13718016           16        1424.212    438976512    219488256
    13718016           32        2825.182    877953024    438976512
    13718016           64        5632.495   1755906048    877953024
    15089760            1         892.901     30179520     15089760
    15089760            2         288.290     60359040     30179520
    15089760            4         398.320    120718080     60359040
    15089760            8         796.421    241436160    120718080
    15089760           16        1573.571    482872320    241436160
    15089760           32        3153.723    965744640    482872320
    15089760           64        6270.855   1931489280    965744640
    16598688            1         983.180     33197376     16598688
    16598688            2         405.141     66394752     33197376
    16598688            4         494.280    132789504     66394752
    16598688            8         943.401    265579008    132789504
    16598688           16        1816.872    531158016    265579008
    16598688           32        3558.733   1062316032    531158016
    16598688           64        7097.316   2124632064   1062316032
    18258528            1        1103.671     36517056     18258528
    18258528            2         670.890     73034112     36517056
    18258528            4         715.051    146068224     73034112
    18258528            8        1290.861    292136448    146068224
    18258528           16        2370.692    584272896    292136448
    18258528           32        4503.674   1168545792    584272896
    20084352            1        1132.291     40168704     20084352
    20084352            2        1226.121     80337408     40168704
    20084352            4        1563.821    160674816     80337408
    20084352            8        2498.963    321349632    160674816
    20084352           16        4474.263    642699264    321349632
    20084352           32        8275.177   1285398528    642699264
    22092768            1        1313.341     44185536     22092768
    22092768            2        1947.401     88371072     44185536
    22092768            4        2604.413    176742144     88371072
    22092768            8        4293.193    353484288    176742144
    22092768           16        7607.257    706968576    353484288
    22092768           32       14257.182   1413937152    706968576
    24302016            1        1452.771     48604032     24302016
    24302016            2        2518.213     97208064     48604032
    24302016            4        3563.663    194416128     97208064
    24302016            8        5902.224    388832256    194416128
    24302016           16       10661.279    777664512    388832256
    24302016           32       19932.846   1555329024    777664512
    26732160            1        1580.781     53464320     26732160
    26732160            2        3013.643    106928640     53464320
    26732160            4        4432.513    213857280    106928640
    26732160            8        7346.917    427714560    213857280
    26732160           16       13188.961    855429120    427714560
    26732160           32       24834.131   1710858240    855429120
    29405376            1        1961.282     58810752     29405376
    29405376            2        3445.133    117621504     58810752
    29405376            4        4413.404    235243008    117621504
    29405376            8        8329.517    470486016    235243008
    29405376           16       15270.743    940972032    470486016
    29405376           32       27331.303   1881944064    940972032
    32345856            1        1897.521     64691712     32345856
    32345856            2        3814.563    129383424     64691712
    32345856            4        5745.755    258766848    129383424
    32345856            8        9532.698    517533696    258766848
    32345856           16       17185.605   1035067392    517533696
    32345856           32       32420.957   2070134784   1035067392
    35580384            1        2092.682     71160768     35580384
    35580384            2        4242.143    142321536     71160768
    35580384            4        6366.665    284643072    142321536
    35580384            8       10611.319    569286144    284643072
    35580384           16       19099.376   1138572288    569286144
    39138336            1        2305.092     78276672     39138336
    39138336            2        4685.674    156553344     78276672
    39138336            4        7019.306    313106688    156553344
    39138336            8       11713.580    626213376    313106688
    39138336           16       21076.177   1252426752    626213376
    43052160            1        2539.593     86104320     43052160
    43052160            2        5177.904    172208640     86104320
    43052160            4        7730.246    344417280    172208640
    43052160            8       12876.991    688834560    344417280
    43052160           16       23261.840   1377669120    688834560
    47357376            1        2798.862     94714752     47357376
    47357376            2        5682.335    189429504     94714752
    47357376            4        8472.997    378859008    189429504
    47357376            8       14307.172    757718016    378859008
    47357376           16       25530.742   1515436032    757718016
    52093056            1        3079.572    104186112     52093056
    52093056            2        6230.666    208372224    104186112
    52093056            4        9384.108    416744448    208372224
    52093056            8       15632.323    833488896    416744448
    52093056           16       28159.513   1666977792    833488896
    57302304            1        3360.102    114604608     57302304
    57302304            2        6869.246    229209216    114604608
    57302304            4       10312.909    458418432    229209216
    57302304            8       17172.924    916836864    458418432
    57302304           16       30756.626   1833673728    916836864
    63032448            1        3822.284    126064896     63032448
    63032448            2        7606.096    252129792    126064896
    63032448            4       11325.199    504259584    252129792
    63032448            8       18873.176   1008519168    504259584
    63032448           16       34097.739   2017038336   1008519168
    69335616            1        4129.633    138671232     69335616
    69335616            2        8341.177    277342464    138671232
    69335616            4       12490.841    554684928    277342464
    69335616            8       20838.887   1109369856    554684928
    76269120            1        4451.883    152538240     76269120
    76269120            2        9153.458    305076480    152538240
    76269120            4       13755.502    610152960    305076480
    76269120            8       22920.989   1220305920    610152960
    83896032            1        4989.684    167792064     83896032
    83896032            2       10100.469    335584128    167792064
    83896032            4       15131.082    671168256    335584128
    83896032            8       25218.972   1342336512    671168256
    92285568            1        5559.854    184571136     92285568
    92285568            2       11080.310    369142272    184571136
    92285568            4       16652.114    738284544    369142272
    92285568            8       27760.803   1476569088    738284544
   101514048            1        6043.545    203028096    101514048
   101514048            2       12223.601    406056192    203028096
   101514048            4       18283.165    812112384    406056192
   101514048            8       30586.766   1624224768    812112384
   111665376            1        6679.925    223330752    111665376
   111665376            2       13432.012    446661504    223330752
   111665376            4       20123.167    893323008    446661504
   111665376            8       33664.828   1786646016    893323008
   122831904            1        7380.216    245663808    122831904
   122831904            2       14791.873    491327616    245663808
   122831904            4       22171.249    982655232    491327616
   122831904            8       36882.681   1965310464    982655232
   135115008            1        8089.007    270230016    135115008
   135115008            2       16257.354    540460032    270230016
   135115008            4       24315.061   1080920064    540460032
   148626432            1        8909.337    297252864    148626432
   148626432            2       17869.515    594505728    297252864
   148626432            4       26829.533   1189011456    594505728
   163489056            1        9794.378    326978112    163489056
   163489056            2       19678.717    653956224    326978112
   163489056            4       29505.065   1307912448    653956224
   179837952            1       10772.839    359675904    179837952
   179837952            2       21578.368    719351808    359675904
   179837952            4       32422.987   1438703616    719351808
   197821728            1       11872.390    395643456    197821728
   197821728            2       23800.220    791286912    395643456
   197821728            4       36986.111   1582573824    791286912
   217603872            1       13128.671    435207744    217603872
   217603872            2       26106.482    870415488    435207744
   217603872            4       40153.434   1740830976    870415488
   239364192            1       14756.272    478728384    239364192
   239364192            2       29355.825    957456768    478728384
   239364192            4       43772.807   1914913536    957456768
   263300544            1       15725.383    526601088    263300544
   263300544            2       31599.267   1053202176    526601088
   263300544            4       47469.970   2106404352   1053202176
   289630560            1       17386.814    579261120    289630560
   289630560            2       35432.300   1158522240    579261120
   318593568            1       19132.006    637187136    318593568
   318593568            2       38231.722   1274374272    637187136
   350452896            1       21309.378    700905792    350452896
   350452896            2       41899.975   1401811584    700905792
   385498176            1       23093.169    770996352    385498176
   385498176            2       46299.218   1541992704    770996352
   424047936            1       25335.341    848095872    424047936
   424047936            2       50903.223   1696191744    848095872
   466452672            1       27943.913    932905344    466452672
   466452672            2       56008.677   1865810688    932905344
   513097920            1       30712.355   1026195840    513097920
   513097920            2       61524.112   2052391680   1026195840
   564407712            1       33822.499   1128815424    564407712
   620848416            1       37134.121   1241696832    620848416
   682933248            1       40908.484   1365866496    682933248
   751226496            1       45009.808   1502452992    751226496
   826349088            1       49400.491   1652698176    826349088
   908983968            1       54428.316   1817967936    908983968
   999882336            1       59847.410   1999764672    999882336

META_DATA
FLOPS          8
OPENMP_THREADS 12
ERT_VERSION  1.1.0
HOSTNAME  ('pve.fritz.box', ['pve'], ['192.168.188.21'])
UNAME  uname_result(system='Linux', node='pve', release='6.14.8-2-pve', version='#1 SMP PREEMPT_DYNAMIC PMX 6.14.8-2 (2025-07-22T10:04Z)', machine='x86_64')
TIMESTAMP_DATA  1765907549.0193217
CONFIG  {'ERT_MPI': ['False'], 'ERT_OPENMP': ['True'], 'ERT_OPENMP_CFLAGS': ['-fopenmp'], 'ERT_OPENMP_LDFLAGS': ['-fopenmp'], 'ERT_PRECISION': ['FP64'], 'ERT_TRIALS_MIN': ['1'], 'ERT_TRIALS': ['3', '#', 'Run', 'each', 'test', '3', 'times', 'to', 'filter', 'out', 'background', 'noise'], 'ERT_RESULTS': ['Results/1600X'], 'ERT_GNUPLOT': ['gnuplot'], 'ERT_DRIVER': ['driver1'], 'ERT_KERNEL': ['kernel1'], 'ERT_CC': ['g++'], 'ERT_LD': ['g++'], 'ERT_CFLAGS': ['-O3', '-march=native', '-fopenmp', '-fstrict-aliasing', '-funroll-loops', '-Wno-all'], 'ERT_LDFLAGS': ['-O3', '-march=native', '-fopenmp'], 'ERT_LDLIBS': ['-lm'], 'ERT_RUN': ['export', 'OMP_NUM_THREADS=ERT_OPENMP_THREADS;', './ERT_CODE'], 'ERT_WORKING_SET_MIN': ['128'], 'ERT_MEMORY_MAX': ['1073741824'], 'ERT_ALIGN': ['64'], 'ERT_MIN_PROCS': ['1'], 'ERT_MAX_PROCS': ['1'], 'ERT_OPENMP_THREADS': ['1,2,4,8,12', '#', 'Logical', 'Threads'], 'ERT_NUM_EXPERIMENTS': ['5'], 'ERT_FLOPS': ['1,2,4,8'], 'ERT_GPU': [False], 'ERT_HIP': [False], 'ERT_OCL': [False], 'ERT_SYCL': [False], 'ERT_WSS_MULT': [1.1]}
