fp64
       12288            1           1.130        24576        12288
       12288            2           0.690        49152        24576
       12288            4           0.810        98304        49152
       12288            8           1.160       196608        98304
       12288           16           1.720       393216       196608
       12288           32           2.980       786432       393216
       12288           64           5.460      1572864       786432
       12288          128          10.750      3145728      1572864
       12288          256          20.430      6291456      3145728
       12288          512          40.390     12582912      6291456
       12288         1024          80.371     25165824     12582912
       12288         2048         160.010     50331648     25165824
       12288         4096         319.750    100663296     50331648
       12288         8192         646.861    201326592    100663296
       12288        16384        1281.191    402653184    201326592
       12288        32768        2565.302    805306368    402653184
       12288        65536        5134.984   1610612736    805306368
       13440            1          20.640        26880        13440
       13440            2           0.620        53760        26880
       13440            4           1.330       107520        53760
       13440            8           1.210       215040       107520
       13440           16           1.860       430080       215040
       13440           32           3.230       860160       430080
       13440           64           5.960      1720320       860160
       13440          128          15.290      3440640      1720320
       13440          256          22.350      6881280      3440640
       13440          512          44.250     13762560      6881280
       13440         1024          87.860     27525120     13762560
       13440         2048         188.980     55050240     27525120
       13440         4096         350.581    110100480     55050240
       13440         8192         705.610    220200960    110100480
       13440        16384        1406.011    440401920    220200960
       13440        32768        2812.593    880803840    440401920
       13440        65536        5624.784   1761607680    880803840
       14784            1           1.960        29568        14784
       14784            2           0.790        59136        29568
       14784            4           0.920       118272        59136
       14784            8           1.210       236544       118272
       14784           16           1.910       473088       236544
       14784           32           3.430       946176       473088
       14784           64           6.460      1892352       946176
       14784          128          12.490      3784704      1892352
       14784          256          24.490      7569408      3784704
       14784          512          48.610     15138816      7569408
       14784         1024          96.640     30277632     15138816
       14784         2048         192.970     60555264     30277632
       14784         4096         385.320    121110528     60555264
       14784         8192         779.741    242221056    121110528
       14784        16384        1546.901    484442112    242221056
       14784        32768        4286.504    968884224    484442112
       14784        65536        6648.746   1937768448    968884224
       16224            1         278.031        32448        16224
       16224            2         248.160        64896        32448
       16224            4           0.990       129792        64896
       16224            8           1.070       259584       129792
       16224           16           2.120       519168       259584
       16224           32           3.810      1038336       519168
       16224           64           7.160      2076672      1038336
       16224          128          13.910      4153344      2076672
       16224          256          27.070      8306688      4153344
       16224          512          53.600     16613376      8306688
       16224         1024         106.760     33226752     16613376
       16224         2048         212.830     66453504     33226752
       16224         4096         425.271    132907008     66453504
       16224         8192         855.000    265814016    132907008
       16224        16384        1707.572    531628032    265814016
       16224        32768        3419.343   1063256064    531628032
       16224        65536        6819.216   2126512128   1063256064
       17760            1          20.600        35520        17760
       17760            2           0.810        71040        35520
       17760            4           0.960       142080        71040
       17760            8           1.450       284160       142080
       17760           16           2.320       568320       284160
       17760           32           4.120      1136640       568320
       17760           64           7.750      2273280      1136640
       17760          128          15.020      4546560      2273280
       17760          256          29.490      9093120      4546560
       17760          512          58.590     18186240      9093120
       17760         1024         116.620     36372480     18186240
       17760         2048         232.860     72744960     36372480
       17760         4096         464.960    145489920     72744960
       17760         8192         933.551    290979840    145489920
       17760        16384        1866.562    581959680    290979840
       17760        32768        3755.123   1163919360    581959680
       19488            1          19.970        38976        19488
       19488            2           0.740        77952        38976
       19488            4           1.010       155904        77952
       19488            8           1.500       311808       155904
       19488           16           2.530       623616       311808
       19488           32           4.500      1247232       623616
       19488           64           8.390      2494464      1247232
       19488          128          16.400      4988928      2494464
       19488          256          32.510      9977856      4988928
       19488          512          64.220     19955712      9977856
       19488         1024         127.980     39911424     19955712
       19488         2048         276.630     79822848     39911424
       19488         4096         510.201    159645696     79822848
       19488         8192        1024.731    319291392    159645696
       19488        16384        2055.171    638582784    319291392
       19488        32768        4093.164   1277165568    638582784
       21408            1          13.110        42816        21408
       21408            2         489.590        85632        42816
       21408            4         508.480       171264        85632
       21408            8         523.031       342528       171264
       21408           16         517.031       685056       342528
       21408           32         515.290      1370112       685056
       21408           64         533.660      2740224      1370112
       21408          128         555.390      5480448      2740224
       21408          256         563.860     10960896      5480448
       21408          512         614.070     21921792     10960896
       21408         1024         733.551     43843584     21921792
       21408         2048         167.210     87687168     43843584
       21408         4096         870.240    175374336     87687168
       21408         8192        1489.391    350748672    175374336
       21408        16384        2646.262    701497344    350748672
       21408        32768        4507.774   1402994688    701497344
       23520            1          19.120        47040        23520
       23520            2           0.950        94080        47040
       23520            4           1.140       188160        94080
       23520            8           1.730       376320       188160
       23520           16           2.920       752640       376320
       23520           32           5.330      1505280       752640
       23520           64          10.150      3010560      1505280
       23520          128          19.680      6021120      3010560
       23520          256          39.030     12042240      6021120
       23520          512          77.380     24084480     12042240
       23520         1024         154.260     48168960     24084480
       23520         2048         308.281     96337920     48168960
       23520         4096         622.350    192675840     96337920
       23520         8192        1234.881    385351680    192675840
       23520        16384        2472.852    770703360    385351680
       23520        32768        4942.255   1541406720    770703360
       25824            1          20.620        51648        25824
       25824            2           0.990       103296        51648
       25824            4           1.130       206592       103296
       25824            8           1.830       413184       206592
       25824           16           3.150       826368       413184
       25824           32           5.770      1652736       826368
       25824           64          11.040      3305472      1652736
       25824          128          21.560      6610944      3305472
       25824          256          42.750     13221888      6610944
       25824          512          85.000     26443776     13221888
       25824         1024         169.310     52887552     26443776
       25824         2048         337.950    105775104     52887552
       25824         4096         688.781    211550208    105775104
       25824         8192        1353.711    423100416    211550208
       25824        16384        2714.262    846200832    423100416
       25824        32768        5419.245   1692401664    846200832
       28320            1          21.340        56640        28320
       28320            2           0.840       113280        56640
       28320            4           1.240       226560       113280
       28320            8           2.050       453120       226560
       28320           16           3.670       906240       453120
       28320           32           6.720      1812480       906240
       28320           64          12.120      3624960      1812480
       28320          128          23.620      7249920      3624960
       28320          256          46.730     14499840      7249920
       28320          512          93.140     28999680     14499840
       28320         1024         185.680     57999360     28999680
       28320         2048         380.410    115998720     57999360
       28320         4096         742.481    231997440    115998720
       28320         8192        1489.601    463994880    231997440
       28320        16384        2983.863    927989760    463994880
       28320        32768        5951.725   1855979520    927989760
       31104            1        1030.551        62208        31104
       31104            2         990.801       124416        62208
       31104            4          12.320       248832       124416
       31104            8           8.200       497664       248832
       31104           16          14.920       995328       497664
       31104           32         519.371      1990656       995328
       31104           64         537.331      3981312      1990656
       31104          128         554.200      7962624      3981312
       31104          256         593.290     15925248      7962624
       31104          512         671.340     31850496     15925248
       31104         1024         826.600     63700992     31850496
       31104         2048        1044.641    127401984     63700992
       31104         4096         816.270    254803968    127401984
       31104         8192        1624.502    509607936    254803968
       31104        16384        3250.592   1019215872    509607936
       31104        32768        6502.236   2038431744   1019215872
       34176            1           1.350        68352        34176
       34176            2           0.920       136704        68352
       34176            4           1.400       273408       136704
       34176            8           2.250       546816       273408
       34176           16           3.980      1093632       546816
       34176           32           7.430      2187264      1093632
       34176           64          14.340      4374528      2187264
       34176          128          28.420      8749056      4374528
       34176          256          56.150     17498112      8749056
       34176          512         111.810     34996224     17498112
       34176         1024         239.160     69992448     34996224
       34176         2048         445.321    139984896     69992448
       34176         4096         894.770    279969792    139984896
       34176         8192        1788.942    559939584    279969792
       34176        16384        3570.573   1119879168    559939584
       37536            1           1.240        75072        37536
       37536            2           0.990       150144        75072
       37536            4           1.440       300288       150144
       37536            8           2.450       600576       300288
       37536           16           4.320      1201152       600576
       37536           32           8.130      2402304      1201152
       37536           64          29.660      4804608      2402304
       37536          128          31.140      9609216      4804608
       37536          256          61.840     19218432      9609216
       37536          512         123.160     38436864     19218432
       37536         1024         245.931     76873728     38436864
       37536         2048         491.420    153747456     76873728
       37536         4096         985.461    307494912    153747456
       37536         8192        1970.891    614989824    307494912
       37536        16384        3941.944   1229979648    614989824
       41280            1           1.670        82560        41280
       41280            2           1.080       165120        82560
       41280            4           1.840       330240       165120
       41280            8           2.600       660480       330240
       41280           16           4.690      1320960       660480
       41280           32           8.900      2641920      1320960
       41280           64          17.340      5283840      2641920
       41280          128          34.120     10567680      5283840
       41280          256          67.780     21135360     10567680
       41280          512         135.030     42270720     21135360
       41280         1024         269.430     84541440     42270720
       41280         2048         543.641    169082880     84541440
       41280         4096        1079.351    338165760    169082880
       41280         8192        2157.891    676331520    338165760
       41280        16384        4315.104   1352663040    676331520
       45408            1         262.030        90816        45408
       45408            2         248.560       181632        90816
       45408            4           1.680       363264       181632
       45408            8           2.700       726528       363264
       45408           16           5.190      1453056       726528
       45408           32           9.770      2906112      1453056
       45408           64          19.030      5812224      2906112
       45408          128          37.470     11624448      5812224
       45408          256          74.630     23248896     11624448
       45408          512         148.410     46497792     23248896
       45408         1024         296.491     92995584     46497792
       45408         2048         598.800    185991168     92995584
       45408         4096        1190.121    371982336    185991168
       45408         8192        2376.992    743964672    371982336
       45408        16384        4765.784   1487929344    743964672
       49920            1          31.750        99840        49920
       49920            2           1.090       199680        99840
       49920            4           1.790       399360       199680
       49920            8           2.930       798720       399360
       49920           16           5.530      1597440       798720
       49920           32          10.840      3194880      1597440
       49920           64          20.810      6389760      3194880
       49920          128          41.040     12779520      6389760
       49920          256          81.501     25559040     12779520
       49920          512         162.630     51118080     25559040
       49920         1024         324.880    102236160     51118080
       49920         2048         660.130    204472320    102236160
       49920         4096        1304.972    408944640    204472320
       49920         8192        2620.022    817889280    408944640
       49920        16384        5212.634   1635778560    817889280
       54912            1           1.570       109824        54912
       54912            2           1.180       219648       109824
       54912            4           1.880       439296       219648
       54912            8           3.330       878592       439296
       54912           16           6.050      1757184       878592
       54912           32          11.930      3514368      1757184
       54912           64          22.860      7028736      3514368
       54912          128          45.100     14057472      7028736
       54912          256          89.780     28114944     14057472
       54912          512         202.391     56229888     28114944
       54912         1024         357.450    112459776     56229888
       54912         2048         718.930    224919552    112459776
       54912         4096        1434.842    449839104    224919552
       54912         8192        2866.902    899678208    449839104
       54912        16384        5735.645   1799356416    899678208
       60384            1           1.890       120768        60384
       60384            2           1.180       241536       120768
       60384            4           2.040       483072       241536
       60384            8           3.590       966144       483072
       60384           16           6.690      1932288       966144
       60384           32          12.970      3864576      1932288
       60384           64          25.150      7729152      3864576
       60384          128          49.710     15458304      7729152
       60384          256          98.940     30916608     15458304
       60384          512         197.460     61833216     30916608
       60384         1024         407.851    123666432     61833216
       60384         2048        1474.281    247332864    123666432
       60384         4096        1614.731    494665728    247332864
       60384         8192        4079.824    989331456    494665728
       60384        16384        6662.316   1978662912    989331456
       66336            1           2.000       132672        66336
       66336            2           1.300       265344       132672
       66336            4           2.300       530688       265344
       66336            8           4.100      1061376       530688
       66336           16           7.220      2122752      1061376
       66336           32          13.930      4245504      2122752
       66336           64          27.630      8491008      4245504
       66336          128          54.511     16982016      8491008
       66336          256         108.500     33964032     16982016
       66336          512         216.280     67928064     33964032
       66336         1024         444.830    135856128     67928064
       66336         2048         867.161    271712256    135856128
       66336         4096        1731.121    543424512    271712256
       66336         8192        3468.103   1086849024    543424512
       72960            1           1.960       145920        72960
       72960            2           1.430       291840       145920
       72960            4           2.340       583680       291840
       72960            8           4.170      1167360       583680
       72960           16           7.960      2334720      1167360
       72960           32          15.590      4669440      2334720
       72960           64          30.140      9338880      4669440
       72960          128          59.850     18677760      9338880
       72960          256         119.021     37355520     18677760
       72960          512         251.340     74711040     37355520
       72960         1024         474.450    149422080     74711040
       72960         2048         952.211    298844160    149422080
       72960         4096        1904.532    597688320    298844160
       72960         8192        3812.253   1195376640    597688320
       80256            1           2.450       160512        80256
       80256            2           1.180       321024       160512
       80256            4           2.520       642048       321024
       80256            8           4.610      1284096       642048
       80256           16           8.650      2568192      1284096
       80256           32          16.930      5136384      2568192
       80256           64          33.090     10272768      5136384
       80256          128          65.800     20545536     10272768
       80256          256         131.000     41091072     20545536
       80256          512         286.760     82182144     41091072
       80256         1024         522.491    164364288     82182144
       80256         2048        1047.481    328728576    164364288
       80256         4096        2100.121    657457152    328728576
       80256         8192        4193.954   1314914304    657457152
       88224            1         509.650       176448        88224
       88224            2         511.770       352896       176448
       88224            4         487.530       705792       352896
       88224            8         502.760      1411584       705792
       88224           16         506.021      2823168      1411584
       88224           32         530.301      5646336      2823168
       88224           64         573.731     11292672      5646336
       88224          128         618.831     22585344     11292672
       88224          256         729.711     45170688     22585344
       88224          512         968.061     90341376     45170688
       88224         1024         887.561    180682752     90341376
       88224         2048        1434.341    361365504    180682752
       88224         4096        2310.072    722731008    361365504
       88224         8192        4611.214   1445462016    722731008
       96960            1           2.740       193920        96960
       96960            2           1.980       387840       193920
       96960            4           2.830       775680       387840
       96960            8           5.350      1551360       775680
       96960           16          10.780      3102720      1551360
       96960           32          20.220      6205440      3102720
       96960           64          39.950     12410880      6205440
       96960          128          79.310     24821760     12410880
       96960          256         174.131     49643520     24821760
       96960          512         315.700     99287040     49643520
       96960         1024         634.290    198574080     99287040
       96960         2048        1270.041    397148160    198574080
       96960         4096        2527.922    794296320    397148160
       96960         8192        5056.855   1588592640    794296320
      106656            1           2.390       213312       106656
      106656            2           1.800       426624       213312
      106656            4           3.240       853248       426624
      106656            8           5.950      1706496       853248
      106656           16          11.290      3412992      1706496
      106656           32          22.150      6825984      3412992
      106656           64          44.080     13651968      6825984
      106656          128          87.190     27303936     13651968
      106656          256         174.310     54607872     27303936
      106656          512         347.840    109215744     54607872
      106656         1024         702.601    218431488    109215744
      106656         2048        1393.061    436862976    218431488
      106656         4096        2789.433    873725952    436862976
      106656         8192        5575.454   1747451904    873725952
      117312            1           2.510       234624       117312
      117312            2           2.030       469248       234624
      117312            4           3.650       938496       469248
      117312            8           6.730      1876992       938496
      117312           16          12.440      3753984      1876992
      117312           32          24.340      7507968      3753984
      117312           64          48.320     15015936      7507968
      117312          128          95.951     30031872     15015936
      117312          256         191.220     60063744     30031872
      117312          512         394.280    120127488     60063744
      117312         1024         766.891    240254976    120127488
      117312         2048        1530.391    480509952    240254976
      117312         4096        3064.152    961019904    480509952
      117312         8192        6121.576   1922039808    961019904
      129024            1         514.940       258048       129024
      129024            2         510.370       516096       258048
      129024            4         505.011      1032192       516096
      129024            8         523.091      2064384      1032192
      129024           16         512.101      4128768      2064384
      129024           32         549.990      8257536      4128768
      129024           64        1115.621     16515072      8257536
      129024          128        1164.891     33030144     16515072
      129024          256         125.801     66060288     33030144
      129024          512        1168.051    132120576     66060288
      129024         1024         515.240    264241152    132120576
      129024         2048        1685.972    528482304    264241152
      129024         4096        3364.363   1056964608    528482304
      129024         8192        6739.805   2113929216   1056964608
      141888            1          28.210       283776       141888
      141888            2           2.530       567552       283776
      141888            4           4.020      1135104       567552
      141888            8           7.730      2270208      1135104
      141888           16          15.020      4540416      2270208
      141888           32          29.450      9080832      4540416
      141888           64          58.190     18161664      9080832
      141888          128         115.870     36323328     18161664
      141888          256         231.260     72646656     36323328
      141888          512         477.451    145293312     72646656
      141888         1024         926.671    290586624    145293312
      141888         2048        1859.991    581173248    290586624
      141888         4096        3699.953   1162346496    581173248
      156000            1          26.270       312000       156000
      156000            2           2.720       624000       312000
      156000            4           4.720      1248000       624000
      156000            8           8.990      2496000      1248000
      156000           16          16.340      4992000      2496000
      156000           32          52.340      9984000      4992000
      156000           64          64.010     19968000      9984000
      156000          128         127.521     39936000     19968000
      156000          256         254.200     79872000     39936000
      156000          512         507.780    159744000     79872000
      156000         1024        1021.811    319488000    159744000
      156000         2048        2037.162    638976000    319488000
      156000         4096        4078.253   1277952000    638976000
      171552            1          26.280       343104       171552
      171552            2           2.410       686208       343104
      171552            4           4.830      1372416       686208
      171552            8           9.270      2744832      1372416
      171552           16          17.970      5489664      2744832
      171552           32          35.460     10979328      5489664
      171552           64          70.350     21958656     10979328
      171552          128         139.841     43917312     21958656
      171552          256         279.520     87834624     43917312
      171552          512         570.680    175669248     87834624
      171552         1024        1119.561    351338496    175669248
      171552         2048        2238.362    702676992    351338496
      171552         4096        4479.454   1405353984    702676992
      188640            1           5.960       377280       188640
      188640            2           2.890       754560       377280
      188640            4           5.320      1509120       754560
      188640            8          10.130      3018240      1509120
      188640           16          19.790      6036480      3018240
      188640           32          38.840     12072960      6036480
      188640           64          77.471     24145920     12072960
      188640          128         154.010     48291840     24145920
      188640          256         307.030     96583680     48291840
      188640          512         618.650    193167360     96583680
      188640         1024        1232.211    386334720    193167360
      188640         2048        2466.602    772669440    386334720
      188640         4096        4924.205   1545338880    772669440
      207456            1          27.490       414912       207456
      207456            2           3.670       829824       414912
      207456            4           5.780      1659648       829824
      207456            8          11.380      3319296      1659648
      207456           16          21.650      6638592      3319296
      207456           32          42.720     13277184      6638592
      207456           64          84.900     26554368     13277184
      207456          128         169.170     53108736     26554368
      207456          256         337.790    106217472     53108736
      207456          512         691.231    212434944    106217472
      207456         1024        1355.371    424869888    212434944
      207456         2048        2710.092    849739776    424869888
      207456         4096        5430.495   1699479552    849739776
      228192            1          30.310       456384       228192
      228192            2           3.340       912768       456384
      228192            4           6.550      1825536       912768
      228192            8          12.290      3651072      1825536
      228192           16          23.680      7302144      3651072
      228192           32          46.920     14604288      7302144
      228192           64          93.380     29208576     14604288
      228192          128         185.980     58417152     29208576
      228192          256         371.741    116834304     58417152
      228192          512         759.710    233668608    116834304
      228192         1024        1493.701    467337216    233668608
      228192         2048        2979.023    934674432    467337216
      228192         4096        5957.345   1869348864    934674432
      250944            1          29.850       501888       250944
      250944            2           4.460      1003776       501888
      250944            4           7.260      2007552      1003776
      250944            8          13.320      4015104      2007552
      250944           16          26.050      8030208      4015104
      250944           32          51.570     16060416      8030208
      250944           64         102.650     32120832     16060416
      250944          128         204.610     64241664     32120832
      250944          256         430.981    128483328     64241664
      250944          512         816.460    256966656    128483328
      250944         1024        1639.452    513933312    256966656
      250944         2048        3274.872   1027866624    513933312
      250944         4096        6558.016   2055733248   1027866624
      276000            1         393.190       552000       276000
      276000            2         528.681      1104000       552000
      276000            4         514.741      2208000      1104000
      276000            8         527.741      4416000      2208000
      276000           16         566.271      8832000      4416000
      276000           32         591.310     17664000      8832000
      276000           64         689.110     35328000     17664000
      276000          128         134.150     70656000     35328000
      276000          256         769.281    141312000     70656000
      276000          512        1248.821    282624000    141312000
      276000         1024        1996.932    565248000    282624000
      276000         2048        3604.853   1130496000    565248000
      303552            1           4.900       607104       303552
      303552            2           4.510      1214208       607104
      303552            4           8.220      2428416      1214208
      303552            8          15.990      4856832      2428416
      303552           16          31.250      9713664      4856832
      303552           32          76.780     19427328      9713664
      303552           64         123.800     38854656     19427328
      303552          128         247.400     77709312     38854656
      303552          256         493.861    155418624     77709312
      303552          512         990.700    310837248    155418624
      303552         1024        1982.592    621674496    310837248
      303552         2048        3961.893   1243348992    621674496
      333888            1           6.380       667776       333888
      333888            2           5.640      1335552       667776
      333888            4           9.750      2671104      1335552
      333888            8          28.480      5342208      2671104
      333888           16          42.460     10684416      5342208
      333888           32          68.380     21368832     10684416
      333888           64         136.160     42737664     21368832
      333888          128         271.961     85475328     42737664
      333888          256         547.480    170950656     85475328
      333888          512        1090.281    341901312    170950656
      333888         1024        2178.512    683802624    341901312
      333888         2048        4354.814   1367605248    683802624
      367200            1           6.510       734400       367200
      367200            2           6.790      1468800       734400
      367200            4           9.980      2937600      1468800
      367200            8          19.530      5875200      2937600
      367200           16          38.240     11750400      5875200
      367200           32          94.950     23500800     11750400
      367200           64         149.890     47001600     23500800
      367200          128         299.330     94003200     47001600
      367200          256         602.561    188006400     94003200
      367200          512        1197.871    376012800    188006400
      367200         1024        2394.652    752025600    376012800
      367200         2048        4792.264   1504051200    752025600
      403872            1         482.470       807744       403872
      403872            2           9.380      1615488       807744
      403872            4         526.071      3230976      1615488
      403872            8         538.381      6461952      3230976
      403872           16         571.471     12923904      6461952
      403872           32         638.251     25847808     12923904
      403872           64         758.301     51695616     25847808
      403872          128        1010.231    103391232     51695616
      403872          256         661.191    206782464    103391232
      403872          512        1326.381    413564928    206782464
      403872         1024        2634.402    827129856    413564928
      403872         2048        5276.674   1654259712    827129856
      444192            1           7.050       888384       444192
      444192            2           6.510      1776768       888384
      444192            4          11.940      3553536      1776768
      444192            8          23.210      7107072      3553536
      444192           16          45.730     14214144      7107072
      444192           32          91.090     28428288     14214144
      444192           64         181.311     56856576     28428288
      444192          128         361.460    113713152     56856576
      444192          256         741.730    227426304    113713152
      444192          512        1453.412    454852608    227426304
      444192         1024        2935.112    909705216    454852608
      444192         2048        6697.346   1819410432    909705216
      488544            1         481.461       977088       488544
      488544            2         432.410      1954176       977088
      488544            4         493.040      3908352      1954176
      488544            8         562.561      7816704      3908352
      488544           16         577.031     15633408      7816704
      488544           32        1155.101     31266816     15633408
      488544           64        1322.782     62533632     31266816
      488544          128        1127.600    125067264     62533632
      488544          256        1444.771    250134528    125067264
      488544          512        2503.882    500269056    250134528
      488544         1024        3975.303   1000538112    500269056
      488544         2048        8140.676   2001076224   1000538112
      537312            1         441.410      1074624       537312
      537312            2         440.841      2149248      1074624
      537312            4         497.661      4298496      2149248
      537312            8         574.681      8596992      4298496
      537312           16        1049.291     17193984      8596992
      537312           32        1127.451     34387968     17193984
      537312           64        1229.721     68775936     34387968
      537312          128        1485.481    137551872     68775936
      537312          256        1879.012    275103744    137551872
      537312          512        2686.292    550207488    275103744
      537312         1024        4922.444   1100414976    550207488
      590976            1         518.521      1181952       590976
      590976            2         524.110      2363904      1181952
      590976            4         542.870      4727808      2363904
      590976            8        1061.631      9455616      4727808
      590976           16         608.680     18911232      9455616
      590976           32         699.190     37822464     18911232
      590976           64         263.530     75644928     37822464
      590976          128         492.870    151289856     75644928
      590976          256         968.491    302579712    151289856
      590976          512        1934.512    605159424    302579712
      590976         1024        3882.693   1210318848    605159424
      650016            1          17.870      1300032       650016
      650016            2          11.180      2600064      1300032
      650016            4          17.850      5200128      2600064
      650016            8          33.610     10400256      5200128
      650016           16          66.650     20800512     10400256
      650016           32         132.710     41601024     20800512
      650016           64         264.550     83202048     41601024
      650016          128         533.341    166404096     83202048
      650016          256        1060.640    332808192    166404096
      650016          512        2148.401    665616384    332808192
      650016         1024        4240.804   1331232768    665616384
      715008            1          11.540      1430016       715008
      715008            2          10.640      2860032      1430016
      715008            4          18.940      5720064      2860032
      715008            8          36.970     11440128      5720064
      715008           16          73.310     22880256     11440128
      715008           32         161.890     45760512     22880256
      715008           64         291.120     91521024     45760512
      715008          128         582.461    183042048     91521024
      715008          256        1170.001    366084096    183042048
      715008          512        2341.802    732168192    366084096
      715008         1024        4662.864   1464336384    732168192
      786432            1          14.990      1572864       786432
      786432            2          11.870      3145728      1572864
      786432            4          20.650      6291456      3145728
      786432            8          40.620     12582912      6291456
      786432           16          80.610     25165824     12582912
      786432           32         160.490     50331648     25165824
      786432           64         320.550    100663296     50331648
      786432          128         649.701    201326592    100663296
      786432          256        1281.871    402653184    201326592
      786432          512        2568.642    805306368    402653184
      786432         1024        5127.974   1610612736    805306368
      865056            1          12.810      1730112       865056
      865056            2          12.370      3460224      1730112
      865056            4          22.490      6920448      3460224
      865056            8          44.720     13840896      6920448
      865056           16          88.410     27681792     13840896
      865056           32         176.090     55363584     27681792
      865056           64         352.371    110727168     55363584
      865056          128         711.180    221454336    110727168
      865056          256        1520.471    442908672    221454336
      865056          512        2820.733    885817344    442908672
      865056         1024        5646.465   1771634688    885817344
      951552            1          62.210      1903104       951552
      951552            2          14.360      3806208      1903104
      951552            4          24.720      7612416      3806208
      951552            8          49.500     15224832      7612416
      951552           16          97.461     30449664     15224832
      951552           32         194.020     60899328     30449664
      951552           64         412.660    121798656     60899328
      951552          128         778.091    243597312    121798656
      951552          256        1551.081    487194624    243597312
      951552          512        3103.423    974389248    487194624
      951552         1024        6291.795   1948778496    974389248
     1046688            1          66.230      2093376      1046688
     1046688            2          14.870      4186752      2093376
     1046688            4          27.230      8373504      4186752
     1046688            8          53.910     16747008      8373504
     1046688           16         107.020     33494016     16747008
     1046688           32         213.870     66988032     33494016
     1046688           64         435.971    133976064     66988032
     1046688          128         850.790    267952128    133976064
     1046688          256        1709.632    535904256    267952128
     1046688          512        3415.313   1071808512    535904256
     1046688         1024        6824.305   2143617024   1071808512
     1151328            1          73.640      2302656      1151328
     1151328            2          16.240      4605312      2302656
     1151328            4          30.090      9210624      4605312
     1151328            8          59.550     18421248      9210624
     1151328           16         117.851     36842496     18421248
     1151328           32         234.610     73684992     36842496
     1151328           64         468.310    147369984     73684992
     1151328          128         941.341    294739968    147369984
     1151328          256        1878.792    589479936    294739968
     1151328          512        3755.233   1178959872    589479936
     1266432            1         349.740      2532864      1266432
     1266432            2         268.300      5065728      2532864
     1266432            4         285.370     10131456      5065728
     1266432            8          65.440     20262912     10131456
     1266432           16         129.350     40525824     20262912
     1266432           32         257.940     81051648     40525824
     1266432           64         519.821    162103296     81051648
     1266432          128        1035.401    324206592    162103296
     1266432          256        2074.001    648413184    324206592
     1266432          512        4129.734   1296826368    648413184
     1393056            1          82.380      2786112      1393056
     1393056            2          20.990      5572224      2786112
     1393056            4          36.140     11144448      5572224
     1393056            8          71.650     22288896     11144448
     1393056           16         142.130     44577792     22288896
     1393056           32         283.750     89155584     44577792
     1393056           64         581.971    178311168     89155584
     1393056          128        1136.291    356622336    178311168
     1393056          256        2271.682    713244672    356622336
     1393056          512        4546.383   1426489344    713244672
     1532352            1          90.620      3064704      1532352
     1532352            2          20.790      6129408      3064704
     1532352            4          39.880     12258816      6129408
     1532352            8          78.781     24517632     12258816
     1532352           16         156.530     49035264     24517632
     1532352           32         327.230     98070528     49035264
     1532352           64         623.330    196141056     98070528
     1532352          128        1253.531    392282112    196141056
     1532352          256        2498.563    784564224    392282112
     1532352          512        5041.774   1569128448    784564224
     1685568            1         103.320      3371136      1685568
     1685568            2          22.240      6742272      3371136
     1685568            4          43.490     13484544      6742272
     1685568            8          86.510     26969088     13484544
     1685568           16         171.820     53938176     26969088
     1685568           32         358.250    107876352     53938176
     1685568           64         685.491    215752704    107876352
     1685568          128        1379.101    431505408    215752704
     1685568          256        2752.022    863010816    431505408
     1685568          512        5494.665   1726021632    863010816
     1854048            1         127.550      3708096      1854048
     1854048            2          25.790      7416192      3708096
     1854048            4          48.380     14832384      7416192
     1854048            8          95.140     29664768     14832384
     1854048           16         212.970     59329536     29664768
     1854048           32         377.331    118659072     59329536
     1854048           64         759.610    237318144    118659072
     1854048          128        1511.612    474636288    237318144
     1854048          256        3025.962    949272576    474636288
     1854048          512        6047.855   1898545152    949272576
     2039424            1         120.440      4078848      2039424
     2039424            2          47.780      8157696      4078848
     2039424            4          52.770     16315392      8157696
     2039424            8         104.400     32630784     16315392
     2039424           16         208.001     65261568     32630784
     2039424           32         416.920    130523136     65261568
     2039424           64         834.131    261046272    130523136
     2039424          128        1666.381    522092544    261046272
     2039424          256        3325.433   1044185088    522092544
     2039424          512        6654.085   2088370176   1044185088
     2243328            1         133.800      4486656      2243328
     2243328            2          29.610      8973312      4486656
     2243328            4          57.871     17946624      8973312
     2243328            8         114.720     35893248     17946624
     2243328           16         243.010     71786496     35893248
     2243328           32         481.050    143572992     71786496
     2243328           64         915.811    287145984    143572992
     2243328          128        1830.972    574291968    287145984
     2243328          256        3659.433   1148583936    574291968
     2467584            1         217.250      4935168      2467584
     2467584            2          38.280      9870336      4935168
     2467584            4          63.970     19740672      9870336
     2467584            8         127.530     39481344     19740672
     2467584           16         251.530     78962688     39481344
     2467584           32         506.951    157925376     78962688
     2467584           64        1007.590    315850752    157925376
     2467584          128        2013.892    631701504    315850752
     2467584          256        4023.673   1263403008    631701504
     2714304            1         639.471      5428608      2714304
     2714304            2         567.751     10857216      5428608
     2714304            4         614.331     21714432     10857216
     2714304            8          89.680     43428864     21714432
     2714304           16         947.881     86857728     43428864
     2714304           32         877.851    173715456     86857728
     2714304           64        1468.492    347430912    173715456
     2714304          128        2227.662    694861824    347430912
     2714304          256        4432.133   1389723648    694861824
     2985696            1         175.381      5971392      2985696
     2985696            2          44.820     11942784      5971392
     2985696            4          78.410     23885568     11942784
     2985696            8         152.880     47771136     23885568
     2985696           16         304.880     95542272     47771136
     2985696           32         612.781    191084544     95542272
     2985696           64        1220.341    382169088    191084544
     2985696          128        2436.752    764338176    382169088
     2985696          256        4936.784   1528676352    764338176
     3284256            1         176.920      6568512      3284256
     3284256            2          50.570     13137024      6568512
     3284256            4          84.570     26274048     13137024
     3284256            8         167.720     52548096     26274048
     3284256           16         334.951    105096192     52548096
     3284256           32         674.380    210192384    105096192
     3284256           64        1340.461    420384768    210192384
     3284256          128        2685.292    840769536    420384768
     3284256          256        5362.265   1681539072    840769536
     3612672            1         138.720      7225344      3612672
     3612672            2          59.030     14450688      7225344
     3612672            4         101.370     28901376     14450688
     3612672            8         186.240     57802752     28901376
     3612672           16         368.821    115605504     57802752
     3612672           32         739.830    231211008    115605504
     3612672           64        1474.051    462422016    231211008
     3612672          128        2955.593    924844032    462422016
     3612672          256        5899.135   1849688064    924844032
     3973920            1         425.570      7947840      3973920
     3973920            2          66.730     15895680      7947840
     3973920            4         103.340     31791360     15895680
     3973920            8         204.580     63582720     31791360
     3973920           16         406.261    127165440     63582720
     3973920           32         818.080    254330880    127165440
     3973920           64        1626.042    508661760    254330880
     3973920          128        3245.132   1017323520    508661760
     3973920          256        6490.436   2034647040   1017323520
     4371264            1         197.120      8742528      4371264
     4371264            2          78.250     17485056      8742528
     4371264            4         115.070     34970112     17485056
     4371264            8         224.750     69940224     34970112
     4371264           16         450.831    139880448     69940224
     4371264           32         892.040    279760896    139880448
     4371264           64        1787.332    559521792    279760896
     4371264          128        3668.743   1119043584    559521792
     4808352            1         207.120      9616704      4808352
     4808352            2          85.650     19233408      9616704
     4808352            4         126.030     38466816     19233408
     4808352            8         247.030     76933632     38466816
     4808352           16         501.271    153867264     76933632
     4808352           32         983.841    307734528    153867264
     4808352           64        1965.631    615469056    307734528
     4808352          128        3930.304   1230938112    615469056
     5289120            1         239.051     10578240      5289120
     5289120            2          96.400     21156480     10578240
     5289120            4         136.570     42312960     21156480
     5289120            8         276.470     84625920     42312960
     5289120           16         539.551    169251840     84625920
     5289120           32        1083.250    338503680    169251840
     5289120           64        2161.742    677007360    338503680
     5289120          128        4325.214   1354014720    677007360
     5817984            1         548.561     11635968      5817984
     5817984            2         367.331     23271936     11635968
     5817984            4         416.140     46543872     23271936
     5817984            8         577.561     93087744     46543872
     5817984           16         906.721    186175488     93087744
     5817984           32        1197.671    372350976    186175488
     5817984           64        2377.822    744701952    372350976
     5817984          128        4766.304   1489403904    744701952
     6399744            1         298.520     12799488      6399744
     6399744            2         114.050     25598976     12799488
     6399744            4         165.430     51197952     25598976
     6399744            8         332.880    102395904     51197952
     6399744           16         653.061    204791808    102395904
     6399744           32        1308.621    409583616    204791808
     6399744           64        2619.962    819167232    409583616
     6399744          128        5230.065   1638334464    819167232
     7039680            1         338.391     14079360      7039680
     7039680            2         129.780     28158720     14079360
     7039680            4         182.420     56317440     28158720
     7039680            8         360.130    112634880     56317440
     7039680           16         722.841    225269760    112634880
     7039680           32        1437.861    450539520    225269760
     7039680           64        2889.473    901079040    450539520
     7039680          128        5936.705   1802158080    901079040
     7743648            1         389.880     15487296      7743648
     7743648            2         130.601     30974592     15487296
     7743648            4         200.520     61949184     30974592
     7743648            8         418.910    123898368     61949184
     7743648           16         795.001    247796736    123898368
     7743648           32        1608.531    495593472    247796736
     7743648           64        3181.393    991186944    495593472
     7743648          128        6351.875   1982373888    991186944
     8517984            1         550.791     17035968      8517984
     8517984            2         136.250     34071936     17035968
     8517984            4         221.500     68143872     34071936
     8517984            8         437.300    136287744     68143872
     8517984           16         876.331    272575488    136287744
     8517984           32        1745.952    545150976    272575488
     8517984           64        3487.172   1090301952    545150976
     9369696            1         507.610     18739392      9369696
     9369696            2         146.380     37478784     18739392
     9369696            4         241.461     74957568     37478784
     9369696            8         481.040    149915136     74957568
     9369696           16         961.231    299830272    149915136
     9369696           32        1919.902    599660544    299830272
     9369696           64        3833.833   1199321088    599660544
    10306656            1         541.781     20613312     10306656
    10306656            2         163.890     41226624     20613312
    10306656            4         272.930     82453248     41226624
    10306656            8         528.231    164906496     82453248
    10306656           16        1056.090    329812992    164906496
    10306656           32        2111.272    659625984    329812992
    10306656           64        4219.574   1319251968    659625984
    11337312            1         615.681     22674624     11337312
    11337312            2         184.640     45349248     22674624
    11337312            4         298.580     90698496     45349248
    11337312            8         584.791    181396992     90698496
    11337312           16        1161.481    362793984    181396992
    11337312           32        2322.572    725587968    362793984
    11337312           64        4649.684   1451175936    725587968
    12470976            1         836.531     24941952     12470976
    12470976            2         483.740     49883904     24941952
    12470976            4         610.811     99767808     49883904
    12470976            8         959.341    199535616     99767808
    12470976           16        1351.381    399071232    199535616
    12470976           32        2554.112    798142464    399071232
    12470976           64        5104.895   1596284928    798142464
    13718016            1         765.001     27436032     13718016
    13718016            2         220.730     54872064     27436032
    13718016            4         356.131    109744128     54872064
    13718016            8         710.100    219488256    109744128
    13718016           16        1414.382    438976512    219488256
    13718016           32        2813.122    877953024    438976512
    13718016           64        5628.175   1755906048    877953024
    15089760            1         818.671     30179520     15089760
    15089760            2         268.330     60359040     30179520
    15089760            4         393.880    120718080     60359040
    15089760            8         790.031    241436160    120718080
    15089760           16        1558.451    482872320    241436160
    15089760           32        3110.723    965744640    482872320
    15089760           64        6230.545   1931489280    965744640
    16598688            1         927.061     33197376     16598688
    16598688            2         349.480     66394752     33197376
    16598688            4         481.721    132789504     66394752
    16598688            8         913.451    265579008    132789504
    16598688           16        1749.491    531158016    265579008
    16598688           32        3507.633   1062316032    531158016
    16598688           64        6967.966   2124632064   1062316032
    18258528            1        1033.111     36517056     18258528
    18258528            2         628.381     73034112     36517056
    18258528            4         708.400    146068224     73034112
    18258528            8        1223.671    292136448    146068224
    18258528           16        2272.912    584272896    292136448
    18258528           32        4508.524   1168545792    584272896
    20084352            1        1127.961     40168704     20084352
    20084352            2        1258.121     80337408     40168704
    20084352            4        1490.272    160674816     80337408
    20084352            8        2394.382    321349632    160674816
    20084352           16        4234.743    642699264    321349632
    20084352           32        7610.667   1285398528    642699264
    22092768            1        1232.761     44185536     22092768
    22092768            2        1984.622     88371072     44185536
    22092768            4        2606.512    176742144     88371072
    22092768            8        4288.204    353484288    176742144
    22092768           16        7712.486    706968576    353484288
    22092768           32       14387.182   1413937152    706968576
    24302016            1        1354.681     48604032     24302016
    24302016            2        2568.282     97208064     48604032
    24302016            4        3619.123    194416128     97208064
    24302016            8        5992.995    388832256    194416128
    24302016           16       10730.899    777664512    388832256
    24302016           32       20501.778   1555329024    777664512
    26732160            1        1528.252     53464320     26732160
    26732160            2        3041.482    106928640     53464320
    26732160            4        4440.934    213857280    106928640
    26732160            8        7372.186    427714560    213857280
    26732160           16       13140.551    855429120    427714560
    26732160           32       24834.891   1710858240    855429120
    29405376            1        1658.541     58810752     29405376
    29405376            2        3449.783    117621504     58810752
    29405376            4        5116.015    235243008    117621504
    29405376            8        8511.537    470486016    235243008
    29405376           16       15297.983    940972032    470486016
    29405376           32       28788.974   1881944064    940972032
    32345856            1        1841.692     64691712     32345856
    32345856            2        3837.453    129383424     64691712
    32345856            4        5715.985    258766848    129383424
    32345856            8        9600.628    517533696    258766848
    32345856           16       17206.474   1035067392    517533696
    32345856           32       32319.588   2070134784   1035067392
    35580384            1        2024.832     71160768     35580384
    35580384            2        4241.004    142321536     71160768
    35580384            4        6351.275    284643072    142321536
    35580384            8       10603.819    569286144    284643072
    35580384           16       19032.386   1138572288    569286144
    39138336            1        2251.342     78276672     39138336
    39138336            2        4698.204    156553344     78276672
    39138336            4        7027.176    313106688    156553344
    39138336            8       11685.300    626213376    313106688
    39138336           16       21141.988   1252426752    626213376
    43052160            1        2491.172     86104320     43052160
    43052160            2        5153.384    172208640     86104320
    43052160            4        7768.647    344417280    172208640
    43052160            8       12908.201    688834560    344417280
    43052160           16       23216.389   1377669120    688834560
    47357376            1        2713.863     94714752     47357376
    47357376            2        5665.034    189429504     94714752
    47357376            4        8514.447    378859008    189429504
    47357376            8       14160.012    757718016    378859008
    47357376           16       28334.794   1515436032    757718016
    52093056            1        3399.683    104186112     52093056
    52093056            2        4993.234    208372224    104186112
    52093056            4        9019.448    416744448    208372224
    52093056            8       15437.673    833488896    416744448
    52093056           16       27883.643   1666977792    833488896
    57302304            1        3376.562    114604608     57302304
    57302304            2        6842.706    229209216    114604608
    57302304            4       10618.609    458418432    229209216
    57302304            8       17464.544    916836864    458418432
    57302304           16       30300.465   1833673728    916836864
    63032448            1         635.550    126064896     63032448
    63032448            2        7418.377    252129792    126064896
    63032448            4       11348.079    504259584    252129792
    63032448            8       18898.616   1008519168    504259584
    63032448           16       34078.749   2017038336   1008519168
    69335616            1        4144.183    138671232     69335616
    69335616            2        8308.328    277342464    138671232
    69335616            4       12502.280    554684928    277342464
    69335616            8       20830.938   1109369856    554684928
    76269120            1        4478.934    152538240     76269120
    76269120            2        9185.277    305076480    152538240
    76269120            4       13739.262    610152960    305076480
    76269120            8       22896.879   1220305920    610152960
    83896032            1        4996.375    167792064     83896032
    83896032            2       10078.768    335584128    167792064
    83896032            4       15172.973    671168256    335584128
    83896032            8       25202.781   1342336512    671168256
    92285568            1        5504.955    184571136     92285568
    92285568            2       11107.309    369142272    184571136
    92285568            4       16638.984    738284544    369142272
    92285568            8       27771.144   1476569088    738284544
   101514048            1        6085.015    203028096    101514048
   101514048            2       12193.120    406056192    203028096
   101514048            4       18293.175    812112384    406056192
   101514048            8       30534.366   1624224768    812112384
   111665376            1        6688.936    223330752    111665376
   111665376            2       13424.481    446661504    223330752
   111665376            4       20125.177    893323008    446661504
   111665376            8       33615.828   1786646016    893323008
   122831904            1        7610.657    245663808    122831904
   122831904            2       14715.692    491327616    245663808
   122831904            4       22142.169    982655232    491327616
   122831904            8       36870.871   1965310464    982655232
   135115008            1        8134.827    270230016    135115008
   135115008            2       16237.574    540460032    270230016
   135115008            4       24359.410   1080920064    540460032
   148626432            1        8910.197    297252864    148626432
   148626432            2       18004.776    594505728    297252864
   148626432            4       26638.212   1189011456    594505728
   163489056            1        9806.969    326978112    163489056
   163489056            2       19683.016    653956224    326978112
   163489056            4       29475.945   1307912448    653956224
   179837952            1       11340.330    359675904    179837952
   179837952            2       21430.508    719351808    359675904
   179837952            4       32391.547   1438703616    719351808
   197821728            1       11830.550    395643456    197821728
   197821728            2       23794.370    791286912    395643456
   197821728            4       35651.790   1582573824    791286912
   217603872            1       13033.441    435207744    217603872
   217603872            2       26191.842    870415488    435207744
   217603872            4       39238.103   1740830976    870415488
   239364192            1       14357.853    478728384    239364192
   239364192            2       28807.764    957456768    478728384
   239364192            4       43142.686   1914913536    957456768
   263300544            1       15776.484    526601088    263300544
   263300544            2       31628.266   1053202176    526601088
   263300544            4       47391.670   2106404352   1053202176
   289630560            1       17392.855    579261120    289630560
   289630560            2       34821.779   1158522240    579261120
   318593568            1       19108.816    637187136    318593568
   318593568            2       38279.653   1274374272    637187136
   350452896            1       20972.838    700905792    350452896
   350452896            2       42142.926   1401811584    700905792
   385498176            1       23112.409    770996352    385498176
   385498176            2       46266.449   1541992704    770996352
   424047936            1       25451.992    848095872    424047936
   424047936            2       50990.293   1696191744    848095872
   466452672            1       27954.623    932905344    466452672
   466452672            2       55914.877   1865810688    932905344
   513097920            1       30825.856   1026195840    513097920
   513097920            2       61490.332   2052391680   1026195840
   564407712            1       33779.838   1128815424    564407712
   620848416            1       37213.191   1241696832    620848416
   682933248            1       41011.145   1365866496    682933248
   751226496            1       44798.518   1502452992    751226496
   826349088            1       49384.322   1652698176    826349088
   908983968            1       54434.416   1817967936    908983968
   999882336            1       59817.530   1999764672    999882336

META_DATA
FLOPS          8
OPENMP_THREADS 12
ERT_VERSION  1.1.0
HOSTNAME  ('pve.fritz.box', ['pve'], ['192.168.188.21'])
UNAME  uname_result(system='Linux', node='pve', release='6.14.8-2-pve', version='#1 SMP PREEMPT_DYNAMIC PMX 6.14.8-2 (2025-07-22T10:04Z)', machine='x86_64')
TIMESTAMP_DATA  1765907560.2012155
CONFIG  {'ERT_MPI': ['False'], 'ERT_OPENMP': ['True'], 'ERT_OPENMP_CFLAGS': ['-fopenmp'], 'ERT_OPENMP_LDFLAGS': ['-fopenmp'], 'ERT_PRECISION': ['FP64'], 'ERT_TRIALS_MIN': ['1'], 'ERT_TRIALS': ['3', '#', 'Run', 'each', 'test', '3', 'times', 'to', 'filter', 'out', 'background', 'noise'], 'ERT_RESULTS': ['Results/1600X'], 'ERT_GNUPLOT': ['gnuplot'], 'ERT_DRIVER': ['driver1'], 'ERT_KERNEL': ['kernel1'], 'ERT_CC': ['g++'], 'ERT_LD': ['g++'], 'ERT_CFLAGS': ['-O3', '-march=native', '-fopenmp', '-fstrict-aliasing', '-funroll-loops', '-Wno-all'], 'ERT_LDFLAGS': ['-O3', '-march=native', '-fopenmp'], 'ERT_LDLIBS': ['-lm'], 'ERT_RUN': ['export', 'OMP_NUM_THREADS=ERT_OPENMP_THREADS;', './ERT_CODE'], 'ERT_WORKING_SET_MIN': ['128'], 'ERT_MEMORY_MAX': ['1073741824'], 'ERT_ALIGN': ['64'], 'ERT_MIN_PROCS': ['1'], 'ERT_MAX_PROCS': ['1'], 'ERT_OPENMP_THREADS': ['1,2,4,8,12', '#', 'Logical', 'Threads'], 'ERT_NUM_EXPERIMENTS': ['5'], 'ERT_FLOPS': ['1,2,4,8'], 'ERT_GPU': [False], 'ERT_HIP': [False], 'ERT_OCL': [False], 'ERT_SYCL': [False], 'ERT_WSS_MULT': [1.1]}
