fp64
 1024 1048576 240612.638 242539.172 243835.015 8.807117583174016 8.854172422094358 8.925065889514913 1.100889697896752 1.1067715527617947 1.1156332361893642
 1120 524288 44187.883 132854.679 133275.161 8.811882958445649 8.839772365111807 26.577537557071924 1.101485369805706 1.104971545638976 3.3221921946339905
 1232 524288 48520.636 92972.386 145929.538 8.852530129986432 13.894938998338711 26.62466402954817 1.106566266248304 1.7368673747923389 3.3280830036935214
 1352 524288 52971.945 97629.045 159229.596 8.903336990191194 14.52103471871511 26.762746808711668 1.1129171237738993 1.8151293398393888 3.3453433510889585
 1480 524288 76934.956 173352.546 173421.333 8.94868268599919 8.952233559927064 20.171487197575054 1.1185853357498987 1.119029194990883 2.5214358996968818
 1624 524288 191097.97 191111.953 192306.21 8.855082859778683 8.910418198698435 8.911070190855508 1.1068853574723354 1.1138022748373044 1.1138837738569385
 1784 524288 69641.827 148064.02 209830.621 8.915093398117522 12.634126670341654 26.861150325651277 1.1143866747646902 1.5792658337927068 3.3576437907064096
 1960 524288 196728.061 228334.48 228440.143 8.996706677775105 9.00086995183557 10.44695377747865 1.1245883347218881 1.1251087439794463 1.3058692221848311
 2152 262144 117349.697 125773.769 125776.412 8.970424247751637 8.97061275153486 9.614577666953839 1.1213030309689547 1.1213265939418575 1.2018222083692298
 2360 262144 45703.718 108631.083 136912.656 9.037292213511657 11.390107194273298 27.072626345191434 1.1296615266889571 1.4237633992841623 3.3840782931489293
 2592 262144 49476.199 149149.81 150119.451 9.052487781879778 9.111339102610993 27.46683301197006 1.1315609727349722 1.138917387826374 3.4333541264962575
 2848 262144 134601.525 163791.564 164691.867 9.066459997080488 9.11629504923709 11.093278653417931 1.133307499635061 1.1395368811546362 1.3866598316772414
 3128 262144 60168.132 172528.054 181041.243 9.058559457636955 9.505543162273192 27.256502894256382 1.1323199322046194 1.188192895284149 3.4070628617820478
 3440 262144 199596.247 199619.711 200468.488 8.996679418263483 9.034933028231867 9.035995150750505 1.1245849272829354 1.1293666285289834 1.1294993938438131
 3784 262144 218230.29 218281.897 218799.23 9.067243024575543 9.088732594256316 9.090881893617976 1.1334053780719429 1.1360915742820394 1.136360236702247
 4160 131072 122346.64 122358.404 122892.438 8.873768457584022 8.912498074100412 8.913355037784447 1.1092210571980028 1.1140622592625515 1.1141693797230559
 4576 131072 134584.668 134765.837 134855.133 8.89525609677757 8.90115010379077 8.913132244751681 1.1119070120971963 1.1126437629738462 1.1141415305939601
 5032 131072 64839.788 146955.437 147068.088 8.96937347822187 8.976249092437458 20.344122778439687 1.1211716847777338 1.1220311365546822 2.543015347304961
 5528 131072 161411.599 161538.39 161580.637 8.968475795772486 8.970821313744677 8.977868015544534 1.1210594744715607 1.1213526642180847 1.1222335019430667
 6080 131072 177410.084 177590.545 177752.906 8.966579258062875 8.974776894794708 8.983906010663972 1.1208224072578594 1.1218471118493385 1.1229882513329965
 6688 131072 64385.437 64390.253 193966.637 9.038766146159455 27.228019619677536 27.230056262567572 1.1298457682699319 3.403502452459692 3.4037570328209465
 7352 131072 71021.886 213527.23 213751.36 9.016469827373264 9.02593401319354 27.136461681685 1.127058728421658 1.1282417516491925 3.392057710210625
 8080 131072 78005.505 234542.848 235099.007 9.009495816373228 9.030859555350842 27.153513332168032 1.1261869770466535 1.1288574444188553 3.394189166521004
 8888 65536 42840.286 128771.509 128868.599 9.039967416732761 9.04678329117041 27.193281015911055 1.1299959270915951 1.1308479113963013 3.399160126988882
 9776 65536 141536.83 141558.14 141971.713 9.025458979987091 9.051827552975757 9.053190409874237 1.1281823724983864 1.1314784441219696 1.1316488012342796
 10752 65536 51793.463 51843.472 155425.658 9.067268314218751 27.18348308153435 27.209730000096727 1.1334085392773439 3.397935385191794 3.401216250012091
 11824 65536 56812.963 56819.135 56836.974 27.267379294330482 27.275940191627345 27.278903372809477 3.4084224117913102 3.409492523953418 3.4098629216011846
 13000 65536 62102.058 187128.001 187918.208 9.067434274383885 9.105724375263327 27.43767364360131 1.1334292842979856 1.1382155469079158 3.429709205450164
 14296 65536 206350.295 206743.388 207078.278 9.048777738049376 9.063435257237828 9.080700912009842 1.131097217256172 1.1329294071547285 1.1350876140012303
 15720 65536 126268.213 226985.918 227634.372 9.051584881038966 9.077443473828186 16.318056548404623 1.1314481101298708 1.1346804342285233 2.039757068550578
 17288 32768 123655.279 123665.249 124082.487 9.130912793519364 9.161719861979982 9.16245854736214 1.1413640991899205 1.1452149827474978 1.1453073184202676
 19016 32768 45456.639 137059.544 137538.08 9.061000240806038 9.092636234073563 27.41585395259865 1.1326250301007548 1.1365795292591954 3.426981744074831
 20912 32768 50167.336 117453.086 150536.171 9.104050029278346 11.668393557577533 27.318349772449547 1.1380062536597932 1.4585491946971916 3.4147937215561934
 23000 32768 55096.283 165165.537 165632.629 9.100429118950954 9.126165345256014 27.35807059797482 1.1375536398688693 1.1407706681570018 3.4197588247468524
 25296 32768 60493.667 92534.448 190393.589 8.707218896955611 17.915475715595125 27.40449931725911 1.0884023621194514 2.2394344644493906 3.4255624146573886
 27824 32768 151370.282 200023.804 200529.139 9.093310194684474 9.116283299961639 12.046444255154391 1.1366637743355592 1.1395354124952048 1.5058055318942989
 30600 32768 78284.224 225352.726 229798.92 8.72676686208969 8.898945380407778 25.616931452242536 1.0908458577612112 1.1123681725509722 3.202116431530317
 33656 16384 43700.41 126553.489 126892.894 8.691107699064693 8.71441646306567 25.23637210726398 1.0863884623830866 1.0893020578832087 3.1545465134079973
 37016 16384 137760.505 138735.475 139153.013 8.716593782989088 8.74282722569696 8.804702683109356 1.089574222873636 1.09285340321212 1.1005878353886696
 40712 16384 151196.65 151631.392 156399.114 8.52978499609659 8.79798568359776 8.823282896810214 1.0662231245120737 1.09974821044972 1.1029103621012768
 44776 16384 79003.414 167207.261 167610.561 8.753744151002515 8.774857977010939 18.57160208291758 1.0942180188753143 1.0968572471263673 2.3214502603646974
 49248 16384 61149.897 184260.114 184726.381 8.735939367534083 8.75804550951271 26.390207394789236 1.0919924209417604 1.0947556886890888 3.2987759243486545
 54168 16384 66422.057 66805.507 200886.705 8.835711770970608 26.569321957245233 26.722704838845925 1.104463971371326 3.321165244655654 3.3403381048557406
 59584 16384 222654.392 223976.885 226229.717 8.630380384553987 8.71718754370568 8.768964737062092 1.0787975480692484 1.08964844296321 1.0961205921327615
 65536 16384 241886.004 243546.302 246051.528 8.727780174565712 8.817558018187443 8.87808146187739 1.090972521820714 1.1021947522734303 1.1097601827346737
 72088 8192 44109.805 131775.578 132660.522 8.903099235505797 8.96288834339243 26.776128164701703 1.1128874044382246 1.1203610429240538 3.347016020587713
 79296 8192 147880.043 148155.787 148598.096 8.74294960010793 8.769051079995949 8.785402260127825 1.0928687000134913 1.0961313849994936 1.098175282515978
 87224 8192 53780.49 160653.924 162158.835 8.812828582543776 8.895381951579347 26.572424609742306 1.101603572817972 1.1119227439474184 3.3215530762177883
 95944 8192 178685.19 178837.83 179087.593 8.777528748180787 8.789787350920106 8.797295937061152 1.0971910935225984 1.0987234188650132 1.099661992132644
 105536 8192 196287.348 196308.737 196564.818 8.79659870770974 8.808073702802133 8.809033499194253 1.0995748384637174 1.1010092128502666 1.1011291873992817
 116088 8192 71276.67 145285.915 176750.333 10.760861152097519 13.091329548359866 26.684548983559417 1.3451076440121899 1.6364161935449832 3.335568622944927
 127696 8192 235922.415 236019.951 236186.503 8.858132185478864 8.864383096156137 8.868047845305416 1.107266523184858 1.1080478870195172 1.108505980663177
 140464 4096 129615.117 129824.221 130198.354 8.837908104429644 8.863377566502015 8.877676575333416 1.1047385130537055 1.1079221958127519 1.109709571916677
 154504 4096 47156.105 47160.968 132557.443 9.548288948210928 26.837802989964075 26.84057065357709 1.193536118526366 3.3547253737455094 3.355071331697136
 169952 4096 157232.556 157381.646 157794.704 8.82315279732075 8.84630971517479 8.854697903658067 1.1028940996650938 1.1057887143968488 1.1068372379572584
 186944 4096 136641.489 173505.941 173796.761 8.811701893569813 8.826471526989385 11.207761706987839 1.1014627366962266 1.1033089408736731 1.4009702133734798
 205632 4096 63431.327 110560.101 191076.273 8.816046689376238 15.236394764147331 26.556867460773763 1.1020058361720297 1.9045493455184164 3.3196084325967203
 226192 4096 205457.807 206170.715 206432.112 8.976146424350878 8.987526982190463 9.018712362679896 1.1220183030438597 1.1234408727738079 1.127339045334987
 248808 4096 204276.87 220282.637 230065.767 8.859358619833259 9.252817942251164 9.977806767844054 1.1074198274791573 1.1566022427813956 1.2472258459805068
 273688 2048 124466.459 124591.707 124595.411 8.997330150465976 8.997597633043105 9.006651727755829 1.124666268808247 1.1246997041303881 1.1258314659694786
 301056 2048 138149.823 138392.872 141047.244 8.742640699877835 8.910324340981955 8.926000404647642 1.0928300874847294 1.1137905426227444 1.1157500505809552
 331160 2048 49973.023 49975.301 145075.68 9.349819073741376 27.14203482236155 27.143272081018594 1.168727384217672 3.3927543527951936 3.3929090101273243
 364272 2048 56560.355 167569.168 167658.003 8.899414792624006 8.904132722076891 26.379928343801943 1.1124268490780007 1.1130165902596114 3.297491042975243
 400696 2048 184824.198 185037.579 186456.212 8.802339157249424 8.869824307418115 8.880064589810907 1.100292394656178 1.1087280384272644 1.1100080737263633
 440760 2048 95850.205 186800.025 205010.883 8.806132306644423 9.66462911340617 18.835149700514464 1.100766538330553 1.2080786391757712 2.354393712564308
 484832 2048 225119.623 228552.297 229934.834 8.636672562627027 8.688916707759013 8.821407239119265 1.0795840703283783 1.0861145884698766 1.1026759048899082
 533312 1024 124796.431 127010.533 128296.072 8.513300204545622 8.59946769926554 8.752036955287608 1.0641625255682028 1.0749334624081925 1.094004619410951
 586640 1024 49579.47 50141.057 138674.316 8.663743616373779 23.96117656634163 24.23258497922628 1.0829679520467224 2.995147070792704 3.029073122403285
 645304 1024 156926.448 159441.542 173699.003 7.608463889686229 8.28882219415565 8.421668933716004 0.9510579862107786 1.0361027742694562 1.0527086167145006
 709832 1024 179094.517 186280.162 215386.886 6.749417120966222 7.804029803237985 8.117143731429813 0.8436771401207778 0.9755037254047482 1.0146429664287266
 780808 1024 97613.331 98541.075 146540.485 10.912307162078793 16.22769777983445 16.381930291877858 1.3640383952598492 2.0284622224793063 2.047741286484732
 858888 1024 180505.865 241471.622 247767.23 7.0994159477829255 7.284510740562301 9.744850251818688 0.8874269934728657 0.9105638425702877 1.218106281477336
 944776 1024 289273.881 295129.021 323063.451 5.98922979993797 6.556119901200771 6.688821131417669 0.7486537249922463 0.8195149876500963 0.8361026414272086
 1039248 1024 276535.045 363707.132 373762.273 5.694474958418289 5.851905879041162 7.696601000426547 0.7118093698022862 0.7314882348801452 0.9620751250533184
 1143168 512 191776.911 253555.258 258334.873 4.531343439644713 4.616761021773013 6.103988357597438 0.5664179299555892 0.5770951277216266 0.7629985446996798
 1257480 512 281936.485 288793.387 294362.776 4.374396577915137 4.458756945151241 4.567197182727167 0.5467995722393921 0.5573446181439051 0.5708996478408959
 1383224 512 338623.608 344143.874 345055.247 4.1049118606795165 4.115782621776379 4.18287840108301 0.5131139825849396 0.5144728277220474 0.5228598001353763
 1521544 512 357140.034 404241.596 410011.548 3.8000418856495233 3.854281873555635 4.362605442323501 0.4750052357061904 0.48178523419445435 0.5453256802904376
 1673696 512 382772.306 464026.269 470286.853 3.644296439645528 3.6934648283888425 4.477504451432282 0.455537054955691 0.4616831035486053 0.5596880564290353
 1841064 512 422176.132 502858.937 519952.604 3.6258103555915646 3.7490624055469457 4.465552154900126 0.4532262944489456 0.4686328006933682 0.5581940193625158
 2025168 512 500329.343 566357.096 578239.808 3.5863529340408196 3.661598038845795 4.144813933089669 0.44829411675510245 0.4576997548557244 0.5181017416362086
 2227680 256 280371.244 295372.122 299262.132 3.8112812749726723 3.8614753223054685 4.068078251277439 0.47641015937158404 0.48268441528818357 0.5085097814096798
 2450448 256 306308.973 309583.249 321543.344 3.9018981403639317 4.052639734393381 4.09596024469058 0.48773726754549146 0.5065799667991726 0.5119950305863225
 2695488 256 348294.694 348604.848 353327.397 3.9059803109465636 3.9588946164053342 3.96241998449738 0.48824753886832045 0.4948618270506668 0.4953024980621725
 2965032 256 373367.23 384957.209 456962.192 3.3221487698045706 3.9435457980993416 4.065960432574653 0.41526859622557133 0.4929432247624177 0.5082450540718316
 3261528 256 420316.962 421156.502 421614.156 3.9607359293695064 3.9650399033848944 3.9729596637120728 0.4950919911711883 0.4956299879231118 0.4966199579640091
 3587680 256 439992.976 460869.999 479019.112 3.8346949296670236 3.985705652322142 4.174821554424087 0.47933686620837795 0.49821320654026774 0.5218526943030108
 3946448 256 504542.529 511177.956 514868.695 3.9244595673077387 3.952794427621992 4.004779101584913 0.49055744591346734 0.494099303452749 0.5005973876981141
 4341088 128 263156.936 277959.418 300495.032 3.698292516197073 3.998132302896101 4.223025791727564 0.4622865645246341 0.49976653786201264 0.5278782239659455
 4775192 128 315590.559 326989.911 329770.692 3.706967240133032 3.7384919561019725 3.8735289036323803 0.463370905016629 0.46731149451274656 0.48419111295404754
 5252704 128 340938.439 343432.132 348831.356 3.8548490577779364 3.9154525704077106 3.9440909858802984 0.48185613222224205 0.4894315713009638 0.4930113732350373
 5777968 128 380146.743 384977.055 468818.257 3.1550814967515226 3.842202512562729 3.891023230468661 0.3943851870939403 0.48027531407034113 0.48637790380858265
 6355760 128 408221.641 415043.361 418275.644 3.889957694978769 3.9202519854305056 3.985762626435574 0.48624471187234614 0.4900314981788132 0.49822032830444674
 6991336 128 453676.606 459321.662 461332.127 3.879595439491254 3.896576547700465 3.9450612888776546 0.4849494299364068 0.4870720684625581 0.4931326611097068
 7690464 128 491258.06 498579.896 589379.429 3.3403927709869228 3.9487327904613303 4.007585715743779 0.41754909637336535 0.4935915988076663 0.5009482144679723
 8459504 64 278596.354 280586.516 283585.411 3.818308241533624 3.859118133816523 3.886685868114412 0.477288530191703 0.48238976672706535 0.4858357335143015
 9305448 64 291932.656 313669.836 324266.983 3.6731995745616812 3.7972964158402522 4.080041473674668 0.45914994682021015 0.47466205198003153 0.5100051842093335
 10235992 64 334403.969 339779.48 342758.676 3.8225348262227503 3.856050918672311 3.9180365589500523 0.4778168532778438 0.48200636483403886 0.48975456986875654
 11259584 64 367982.099 374782.681 381676.754 3.776040161984819 3.8454998724981104 3.9165675610758446 0.47200502024810237 0.4806874840622638 0.4895709451344806
 12385536 64 411126.751 414107.569 414757.381 3.8223517666584943 3.8283497493860104 3.8561066730488673 0.4777939708323118 0.4785437186732513 0.4820133341311084
 13624088 64 452944.893 464546.107 465651.99 3.7450355661531693 3.753950873169194 3.850100290235528 0.46812944576914617 0.46924385914614924 0.481262536279441
 14986496 64 498574.98 499043.859 504112.373 3.8052457958614716 3.8438935845115774 3.8475085292085858 0.47565572448268395 0.48048669806394717 0.4809385661510732
 16485144 64 524924.37 541359.525 564746.751 3.7363622336270863 3.897776495204365 4.019814191518675 0.4670452792033858 0.4872220619005456 0.5024767739398344
 18133656 32 301448.653 310150.379 322615.111 3.5973329965935794 3.741907353916211 3.84992260688589 0.4496666245741974 0.46773841923952636 0.48124032586073623
 19947016 32 321686.652 341667.185 344329.193 3.707524804613357 3.736410987200893 3.9684861527919413 0.46344060057666964 0.4670513734001116 0.49606076909899266
 21941712 32 370489.089 376719.578 392218.499 3.5803246699998206 3.7276256664313845 3.790312885570565 0.44754058374997757 0.46595320830392306 0.4737891106963206
 24135880 32 411691.563 418810.002 421641.773 3.6635277121842478 3.6882985425930683 3.7520718392764336 0.45794096402303097 0.46103731782413354 0.4690089799095542
 26549464 32 410794.391 438425.327 444354.999 3.823892382945825 3.8756102609920617 4.136292347769666 0.47798654786822814 0.4844512826240077 0.5170365434712082
 29204408 32 457063.906 499959.115 504790.024 3.7026922544729217 3.738469918685251 4.089323369148296 0.4628365318091152 0.46730873983565635 0.511165421143537
 32124848 32 527411.133 532719.421 564255.312 3.643723378894836 3.859424287818483 3.898268624526741 0.4554654223618545 0.4824280359773104 0.4872835780658426
 35337328 16 290659.028 291681.119 319182.043 3.5427885772383503 3.8768176009363158 3.8904502770166838 0.4428485721547938 0.48460220011703947 0.48630628462708547
 38871056 16 315803.807 319189.941 355767.925 3.4963067342285004 3.896970525145716 3.9387548991770074 0.43703834177856254 0.4871213156432145 0.4923443623971259
 42758160 16 321765.784 359032.752 402118.613 3.402630656144236 3.810964633109573 4.252351207112811 0.4253288320180295 0.4763705791386966 0.5315439008891014
 47033976 16 383978.552 426574.095 519427.368 2.8975893930948975 3.5283137200349683 3.9197169325228347 0.3621986741368622 0.44103921500437104 0.48996461656535434
 51737368 16 424654.27 442056.123 467395.597 3.5421723837933374 3.745216251647757 3.8986909892605106 0.4427715479741672 0.4681520314559696 0.4873363736575638
 56911104 16 452746.309 470428.147 517858.163 3.5167068091577036 3.871272030837899 4.022463114105697 0.43958835114471295 0.4839090038547374 0.5028078892632121
 62602208 16 490587.573 520642.01 552771.742 3.6240467878330875 3.8476930741720214 4.083410926513624 0.45300584847913594 0.4809616342715027 0.510426365814203
 68862424 8 305737.341 327066.606 342800.737 3.214108562432875 3.3687290716558205 3.6037429395972933 0.40176357030410936 0.42109113395697756 0.45046786744966166
 75748664 8 343426.055 345913.05 351386.712 3.4491304952931743 3.5037088771296716 3.5290817524022744 0.4311413119116468 0.43796360964120895 0.4411352190502843
 83323528 8 355238.261 382429.062 382469.733 3.485704443964458 3.4860751456174635 3.7529078209286695 0.4357130554955573 0.43575939320218293 0.4691134776160837
 91655880 8 413415.62 414539.678 416888.988 3.517708843870925 3.53764466425817 3.547263356909446 0.4397136054838656 0.44220558303227125 0.44340791961368076
 100821464 8 440282.547 457134.421 581856.123 2.772409467279938 3.528816360997677 3.663882284209644 0.34655118340999225 0.44110204512470963 0.4579852855262055
 110903608 8 502627.974 505809.737 510627.841 3.475050879570039 3.508152568442944 3.530360067066223 0.4343813599462549 0.438519071055368 0.4412950083832779
 121993968 8 531103.546 551852.641 574651.754 3.396671939854551 3.537001262625107 3.6751844394576874 0.4245839924818189 0.4421251578281384 0.4593980549322109
 134193360 8 599775.212 612819.134 624456.021 3.4383426339002345 3.503633683866014 3.5798307716658355 0.4297928292375293 0.4379542104832517 0.44747884645822944
 147612696 4 400387.258 420353.021 420667.999 2.8072056129945837 2.8093091021225227 2.949398474613795 0.35090070162432296 0.35116363776531534 0.36867480932672436
 162373960 4 437443.781 439067.872 445381.177 2.9165841465275935 2.958521365006639 2.969505423143734 0.3645730183159492 0.36981517062582986 0.37118817789296676
 178611352 4 483278.597 484648.855 490246.151 2.9146395399236904 2.948301231414237 2.956660660889975 0.3643299424904613 0.3685376539267796 0.3695825826112469
 196472480 4 521537.285 532021.661 535412.736 2.935641486122586 2.954353093529401 3.0137439550462823 0.36695518576532327 0.3692941366911751 0.3767179943807853
 216119728 4 555812.554 583634.244 588314.12 2.9388344852236425 2.9623995537862924 3.110685088987753 0.3673543106529553 0.37029994422328655 0.3888356361234691
 237731696 4 641968.348 657185.673 683773.88 2.781407163432449 2.893936441611989 2.9625347946282234 0.34767589542905614 0.3617420552014986 0.37031684932852793
 261504864 4 667143.685 701752.004 742723.014 2.8167148083013354 2.98116556857029 3.1358146064142085 0.3520893510376669 0.3726456960712862 0.39197682580177606
 287655344 2 516469.254 518027.36 522327.137 2.2028749695231706 2.2211594692604653 2.2278603558460808 0.27535937119039633 0.27764493365755816 0.2784825444807601
 316420872 2 514719.099 564048.241 575096.118 2.2008207817532166 2.2439277281604 2.4589790634522384 0.2751025977191521 0.28049096602005 0.3073723829315298
 348062952 2 625070.49 625773.592 634179.769 2.1953582817619024 2.224849092065873 2.2273516831677656 0.2744197852202378 0.2781061365082341 0.2784189603959707
 382869240 2 692546.752 709090.292 719057.883 2.1298382177669555 2.159777079559848 2.2113697820071505 0.26622977722086943 0.269972134944981 0.2764212227508938
 421156160 2 716147.367 744727.713 764822.155 2.20263577484886 2.2620678814459536 2.352343550541882 0.2753294718561075 0.2827584851807442 0.29404294381773527
 463271776 2 812580.445 834031.29 835515.328 2.217897196973986 2.2218436241163086 2.280496799304591 0.2772371496217482 0.2777304530145386 0.28506209991307385
 509598952 2 906216.807 919731.371 927941.346 2.196686047870099 2.2162947489588243 2.2493467261416615 0.2745857559837624 0.27703684361985303 0.2811683407677077
 560558840 1 501522.247 507084.636 509557.745 2.200177881704065 2.2109083975480575 2.23542960797111 0.2750222352130081 0.2763635496935072 0.2794287009963887
 616614720 1 551062.501 556009.918 565029.657 2.182592408596351 2.2179989961977618 2.237912102097471 0.2728240510745439 0.2772498745247202 0.2797390127621839
 678276192 1 601274.259 615099.545 627677.538 2.1612249951184332 2.2054192610400967 2.256129151871775 0.27015312438980416 0.2756774076300121 0.2820161439839719
 746103808 1 587717.993 627071.038 676468.957 2.205877447233694 2.3796468431380497 2.538985761492587 0.27573468090421177 0.2974558553922562 0.3173732201865734
 820714184 1 719467.705 735053.593 757035.223 2.1682324918717817 2.2330730488654313 2.2814482937771334 0.2710290614839727 0.2791341311081789 0.2851810367221417
 902785600 1 807961.707 811164.292 813219.425 2.220275542483506 2.2259007426821 2.2347237305393732 0.27753444281043826 0.2782375928352625 0.27934046631742165
 993064160 1 885135.589 897375.9 899290.527 2.2085502519699065 2.213262379789785 2.2438690124796237 0.2760687814962383 0.2766577974737231 0.28048362655995296
 
META_DATA
 FLOPS          2
 OPENMP_THREADS 1
 ERT_VERSION  1.1.0
 HOSTNAME  ('raspi', [], ['127.0.1.1'])
 UNAME  uname_result(system='Linux', node='raspi', release='6.1.21-v8+', version='#1642 SMP PREEMPT Mon Apr  3 17:24:16 BST 2023', machine='aarch64')
 TIMESTAMP_DATA  1765910276.428244
 CONFIG  {'ERT_MPI': ['False'], 'ERT_OPENMP': ['True'], 'ERT_OPENMP_CFLAGS': ['-fopenmp'], 'ERT_OPENMP_LDFLAGS': ['-fopenmp'], 'ERT_PRECISION': ['FP64'], 'ERT_TRIALS_MIN': ['1'], 'ERT_TRIALS': ['3', '#', 'Run', 'each', 'test', '3', 'times', 'to', 'filter', 'out', 'background', 'noise'], 'ERT_RESULTS': ['Results/Raspi'], 'ERT_GNUPLOT': ['gnuplot'], 'ERT_DRIVER': ['driver1'], 'ERT_KERNEL': ['kernel1'], 'ERT_CC': ['g++'], 'ERT_LD': ['g++'], 'ERT_CFLAGS': ['-O3', '-march=native', '-fopenmp', '-fstrict-aliasing', '-funroll-loops', '-Wno-all'], 'ERT_LDFLAGS': ['-O3', '-march=native', '-fopenmp'], 'ERT_LDLIBS': ['-lm'], 'ERT_RUN': ['export', 'OMP_NUM_THREADS=ERT_OPENMP_THREADS;', './ERT_CODE'], 'ERT_WORKING_SET_MIN': ['128'], 'ERT_MEMORY_MAX': ['1073741824'], 'ERT_ALIGN': ['64'], 'ERT_MIN_PROCS': ['1'], 'ERT_MAX_PROCS': ['1'], 'ERT_OPENMP_THREADS': ['1,2,4', '#', 'Logical', 'Threads'], 'ERT_NUM_EXPERIMENTS': ['3'], 'ERT_FLOPS': ['1,2,4'], 'ERT_GPU': [False], 'ERT_HIP': [False], 'ERT_OCL': [False], 'ERT_SYCL': [False], 'ERT_WSS_MULT': [1.1]}
 TIMESTAMP_DATA  1765910476.9793518
 TIMESTAMP_DATA  1765910676.5246243
 