fp64
        4096            1           0.733         8192         1024
        4096            2           5.591        16384         2048
        4096            4           0.367        32768         4096
        4096            8           0.366        65536         8192
        4096           16           0.367       131072        16384
        4096           32           0.459       262144        32768
        4096           64           0.825       524288        65536
        4096          128           1.467      1048576       131072
        4096          256           3.025      2097152       262144
        4096          512           5.866      4194304       524288
        4096         1024          12.100      8388608      1048576
        4096         2048          24.842     16777216      2097152
        4096         4096          47.208     33554432      4194304
        4096         8192          94.600     67108864      8388608
        4096        16384         194.884    134217728     16777216
        4096        32768         401.591    268435456     33554432
        4096        65536         755.700    536870912     67108864
        4096       131072        1475.466   1073741824    134217728
        4096       262144        2918.483   2147483648    268435456
        4480            1          24.108         8960         1120
        4480            2           0.366        17920         2240
        4480            4           0.275        35840         4480
        4480            8           0.366        71680         8960
        4480           16           0.367       143360        17920
        4480           32           0.642       286720        35840
        4480           64           1.100       573440        71680
        4480          128           1.925      1146880       143360
        4480          256           3.575      2293760       286720
        4480          512           6.966      4587520       573440
        4480         1024          13.658      9175040      1146880
        4480         2048          27.316     18350080      2293760
        4480         4096          54.266     36700160      4587520
        4480         8192         113.758     73400320      9175040
        4480        16384         221.650    146800640     18350080
        4480        32768         433.767    293601280     36700160
        4480        65536         881.375    587202560     73400320
        4480       131072        1447.325   1174405120    146800640
        4928            1          33.275         9856         1232
        4928            2           0.366        19712         2464
        4928            4           0.275        39424         4928
        4928            8           0.367        78848         9856
        4928           16           0.459       157696        19712
        4928           32           0.734       315392        39424
        4928           64           1.100       630784        78848
        4928          128           2.200      1261568       157696
        4928          256           4.125      2523136       315392
        4928          512           8.067      5046272       630784
        4928         1024          22.000     10092544      1261568
        4928         2048          31.533     20185088      2523136
        4928         4096          63.342     40370176      5046272
        4928         8192         124.392     80740352     10092544
        4928        16384         273.166    161480704     20185088
        4928        32768         502.241    322961408     40370176
        4928        65536         903.191    645922816     80740352
        4928       131072        1644.500   1291845632    161480704
        5408            1           0.916        10816         1352
        5408            2           0.275        21632         2704
        5408            4           0.366        43264         5408
        5408            8           0.367        86528        10816
        5408           16           0.459       173056        21632
        5408           32           0.550       346112        43264
        5408           64           1.100       692224        86528
        5408          128           2.384      1384448       173056
        5408          256           4.216      2768896       346112
        5408          512           8.434      5537792       692224
        5408         1024          16.592     11075584      1384448
        5408         2048          33.642     22151168      2768896
        5408         4096          71.591     44302336      5537792
        5408         8192         154.275     88604672     11075584
        5408        16384         290.767    177209344     22151168
        5408        32768         580.434    354418688     44302336
        5408        65536        1059.300    708837376     88604672
        5408       131072        1891.266   1417674752    177209344
        5920            1           0.733        11840         1480
        5920            2           0.366        23680         2960
        5920            4           0.366        47360         5920
        5920            8           0.458        94720        11840
        5920           16           0.458       189440        23680
        5920           32           0.733       378880        47360
        5920           64           1.192       757760        94720
        5920          128           2.200      1515520       189440
        5920          256           4.216      3031040       378880
        5920          512           8.434      6062080       757760
        5920         1024          16.225     12124160      1515520
        5920         2048          32.450     24248320      3031040
        5920         4096          63.617     48496640      6062080
        5920         8192         127.050     96993280     12124160
        5920        16384         270.050    193986560     24248320
        5920        32768         504.350    387973120     48496640
        5920        65536        1095.050    775946240     96993280
        5920       131072        2163.791   1551892480    193986560
        6496            1           0.733        12992         1624
        6496            2           0.367        25984         3248
        6496            4           0.275        51968         6496
        6496            8           0.367       103936        12992
        6496           16           0.458       207872        25984
        6496           32           0.733       415744        51968
        6496           64           1.284       831488       103936
        6496          128           2.292      1662976       207872
        6496          256           4.492      3325952       415744
        6496          512           8.983      6651904       831488
        6496         1024          17.417     13303808      1662976
        6496         2048          39.966     26607616      3325952
        6496         4096          72.600     53215232      6651904
        6496         8192         138.234    106430464     13303808
        6496        16384         277.017    212860928     26607616
        6496        32768         654.500    425721856     53215232
        6496        65536        1300.933    851443712    106430464
        6496       131072        2276.175   1702887424    212860928
        7136            1          42.259        14272         1784
        7136            2           0.366        28544         3568
        7136            4           0.367        57088         7136
        7136            8           0.458       114176        14272
        7136           16           0.459       228352        28544
        7136           32           0.825       456704        57088
        7136           64           1.467       913408       114176
        7136          128           2.750      1826816       228352
        7136          256           5.316      3653632       456704
        7136          512          10.542      7307264       913408
        7136         1024          20.900     14614528      1826816
        7136         2048          41.159     29229056      3653632
        7136         4096          85.067     58458112      7307264
        7136         8192         169.583    116916224     14614528
        7136        16384         335.225    233832448     29229056
        7136        32768         670.175    467664896     58458112
        7136        65536        1226.225    935329792    116916224
        7136       131072        2234.467   1870659584    233832448
        7840            1           8.250        15680         1960
        7840            2           0.366        31360         3920
        7840            4           0.366        62720         7840
        7840            8           0.458       125440        15680
        7840           16           0.642       250880        31360
        7840           32           1.009       501760        62720
        7840           64           1.925      1003520       125440
        7840          128           3.575      2007040       250880
        7840          256           7.058      4014080       501760
        7840          512          14.116      8028160      1003520
        7840         1024          32.359     16056320      2007040
        7840         2048          54.084     32112640      4014080
        7840         4096         110.275     64225280      8028160
        7840         8192         227.700    128450560     16056320
        7840        16384         420.842    256901120     32112640
        7840        32768         767.159    513802240     64225280
        7840        65536        1453.925   1027604480    128450560
        7840       131072        2701.600   2055208960    256901120
        8608            1           0.733        17216         2152
        8608            2           0.275        34432         4304
        8608            4           0.275        68864         8608
        8608            8           0.367       137728        17216
        8608           16           0.458       275456        34432
        8608           32           0.550       550912        68864
        8608           64           1.008      1101824       137728
        8608          128           1.650      2203648       275456
        8608          256           3.942      4407296       550912
        8608          512           8.708      8814592      1101824
        8608         1024          12.283     17629184      2203648
        8608         2048          24.841     35258368      4407296
        8608         4096          49.042     70516736      8814592
        8608         8192         105.508    141033472     17629184
        8608        16384         203.958    282066944     35258368
        8608        32768         402.416    564133888     70516736
        8608        65536         782.834   1128267776    141033472
        9440            1          13.566        18880         2360
        9440            2           0.275        37760         4720
        9440            4           0.367        75520         9440
        9440            8           6.050       151040        18880
        9440           16           0.550       302080        37760
        9440           32           0.734       604160        75520
        9440           64           1.100      1208320       151040
        9440          128           1.925      2416640       302080
        9440          256           4.125      4833280       604160
        9440          512           7.242      9666560      1208320
        9440         1024          14.300     19333120      2416640
        9440         2048          28.142     38666240      4833280
        9440         4096          56.191     77332480      9666560
        9440         8192         117.425    154664960     19333120
        9440        16384         231.367    309329920     38666240
        9440        32768         456.500    618659840     77332480
        9440        65536         880.000   1237319680    154664960
       10368            1           5.684        20736         2592
       10368            2           0.275        41472         5184
       10368            4           0.366        82944        10368
       10368            8           0.366       165888        20736
       10368           16           0.367       331776        41472
       10368           32           0.550       663552        82944
       10368           64           0.917      1327104       165888
       10368          128           1.741      2654208       331776
       10368          256           3.117      5308416       663552
       10368          512           6.050     10616832      1327104
       10368         1024          11.916     21233664      2654208
       10368         2048          30.250     42467328      5308416
       10368         4096          49.500     84934656     10616832
       10368         8192          93.408    169869312     21233664
       10368        16384         186.633    339738624     42467328
       10368        32768         530.108    679477248     84934656
       10368        65536         934.358   1358954496    169869312
       11392            1           2.659        22784         2848
       11392            2           0.825        45568         5696
       11392            4           0.825        91136        11392
       11392            8           0.733       182272        22784
       11392           16           0.550       364544        45568
       11392           32           1.192       729088        91136
       11392           64           2.292      1458176       182272
       11392          128           4.584      2916352       364544
       11392          256           9.075      5832704       729088
       11392          512          17.784     11665408      1458176
       11392         1024          33.642     23330816      2916352
       11392         2048          67.192     46661632      5832704
       11392         4096         133.925     93323264     11665408
       11392         8192         281.141    186646528     23330816
       11392        16384         532.492    373293056     46661632
       11392        32768         893.658    746586112     93323264
       11392        65536        1768.434   1493172224    186646528
       12512            1           0.733        25024         3128
       12512            2           1.192        50048         6256
       12512            4           0.367       100096        12512
       12512            8           0.458       200192        25024
       12512           16           0.642       400384        50048
       12512           32           1.466       800768       100096
       12512           64           2.383      1601536       200192
       12512          128           4.767      3203072       400384
       12512          256          16.042      6406144       800768
       12512          512          22.275     12812288      1601536
       12512         1024          37.125     25624576      3203072
       12512         2048          77.184     51249152      6406144
       12512         4096         154.550    102498304     12812288
       12512         8192         308.458    204996608     25624576
       12512        16384         605.550    409993216     51249152
       12512        32768        1044.358    819986432    102498304
       12512        65536        2030.234   1639972864    204996608
       13760            1          17.417        27520         3440
       13760            2           0.367        55040         6880
       13760            4           0.366       110080        13760
       13760            8           0.458       220160        27520
       13760           16           0.916       440320        55040
       13760           32           1.375       880640       110080
       13760           64           2.934      1761280       220160
       13760          128           5.409      3522560       440320
       13760          256          10.817      7045120       880640
       13760          512          21.633     14090240      1761280
       13760         1024          42.991     28180480      3522560
       13760         2048          84.609     56360960      7045120
       13760         4096         172.517    112721920     14090240
       13760         8192         371.342    225443840     28180480
       13760        16384         744.059    450887680     56360960
       13760        32768        1216.142    901775360    112721920
       13760        65536        2352.350   1803550720    225443840
       15136            1           3.575        30272         3784
       15136            2           0.366        60544         7568
       15136            4           0.367       121088        15136
       15136            8           0.458       242176        30272
       15136           16           0.641       484352        60544
       15136           32           1.467       968704       121088
       15136           64           2.475      1937408       242176
       15136          128           4.950      3874816       484352
       15136          256           9.717      7749632       968704
       15136          512          27.408     15499264      1937408
       15136         1024          47.025     30998528      3874816
       15136         2048         101.567     61997056      7749632
       15136         4096         194.608    123994112     15499264
       15136         8192         374.641    247988224     30998528
       15136        16384         719.308    495976448     61997056
       15136        32768        1383.617    991952896    123994112
       15136        65536        2615.617   1983905792    247988224
       16640            1          11.275        33280         4160
       16640            2           0.367        66560         8320
       16640            4           0.459       133120        16640
       16640            8           1.008       266240        33280
       16640           16           0.916       532480        66560
       16640           32           1.742      1064960       133120
       16640           64           3.392      2129920       266240
       16640          128          14.575      4259840       532480
       16640          256          20.258      8519680      1064960
       16640          512          27.042     17039360      2129920
       16640         1024          51.241     34078720      4259840
       16640         2048         106.150     68157440      8519680
       16640         4096         222.567    136314880     17039360
       16640         8192         428.634    272629760     34078720
       16640        16384         769.817    545259520     68157440
       16640        32768        1444.575   1090519040    136314880
       18304            1           0.641        36608         4576
       18304            2           0.367        73216         9152
       18304            4           0.459       146432        18304
       18304            8           0.550       292864        36608
       18304           16           0.917       585728        73216
       18304           32           1.650      1171456       146432
       18304           64           2.933      2342912       292864
       18304          128           6.691      4685824       585728
       18304          256          11.275      9371648      1171456
       18304          512          22.092     18743296      2342912
       18304         1024          44.000     37486592      4685824
       18304         2048          87.725     74973184      9371648
       18304         4096         178.200    149946368     18743296
       18304         8192         459.250    299892736     37486592
       18304        16384         873.766    599785472     74973184
       18304        32768        1483.258   1199570944    149946368
       20128            1          14.209        40256         5032
       20128            2           0.459        80512        10064
       20128            4           0.550       161024        20128
       20128            8           0.641       322048        40256
       20128           16           1.191       644096        80512
       20128           32           2.200      1288192       161024
       20128           64           4.033      2576384       322048
       20128          128           7.975      5152768       644096
       20128          256          15.400     10305536      1288192
       20128          512          30.800     20611072      2576384
       20128         1024          68.200     41222144      5152768
       20128         2048         121.916     82444288     10305536
       20128         4096         246.216    164888576     20611072
       20128         8192         512.234    329777152     41222144
       20128        16384         972.033    659554304     82444288
       20128        32768        1686.208   1319108608    164888576
       22112            1          46.291        44224         5528
       22112            2           0.458        88448        11056
       22112            4           0.367       176896        22112
       22112            8           0.642       353792        44224
       22112           16           1.192       707584        88448
       22112           32           2.291      1415168       176896
       22112           64           4.584      2830336       353792
       22112          128           8.891      5660672       707584
       22112          256          17.325     11321344      1415168
       22112          512          36.300     22642688      2830336
       22112         1024          71.775     45285376      5660672
       22112         2048         141.991     90570752     11321344
       22112         4096         276.467    181141504     22642688
       22112         8192         581.534    362283008     45285376
       22112        16384        1032.717    724566016     90570752
       22112        32768        1908.133   1449132032    181141504
       24320            1           8.800        48640         6080
       24320            2           0.550        97280        12160
       24320            4           0.550       194560        24320
       24320            8           0.734       389120        48640
       24320           16           1.375       778240        97280
       24320           32           2.475      1556480       194560
       24320           64           4.492      3112960       389120
       24320          128           8.892      6225920       778240
       24320          256          17.417     12451840      1556480
       24320          512          34.559     24903680      3112960
       24320         1024          74.617     49807360      6225920
       24320         2048         145.750     99614720     12451840
       24320         4096         271.516    199229440     24903680
       24320         8192         560.908    398458880     49807360
       24320        16384        1124.658    796917760     99614720
       24320        32768        2063.784   1593835520    199229440
       26752            1          26.583        53504         6688
       26752            2           6.783       107008        13376
       26752            4           0.550       214016        26752
       26752            8           0.642       428032        53504
       26752           16           0.825       856064       107008
       26752           32           1.283      1712128       214016
       26752           64           2.567      3424256       428032
       26752          128          12.834      6848512       856064
       26752          256           9.258     13697024      1712128
       26752          512          18.792     27394048      3424256
       26752         1024          38.225     54788096      6848512
       26752         2048          76.267    109576192     13697024
       26752         4096         150.608    219152384     27394048
       26752         8192         377.116    438304768     54788096
       26752        16384         649.550    876609536    109576192
       26752        32768        1489.216   1753219072    219152384
       29408            1           1.100        58816         7352
       29408            2           0.458       117632        14704
       29408            4           0.642       235264        29408
       29408            8           1.009       470528        58816
       29408           16           1.191       941056       117632
       29408           32           2.475      1882112       235264
       29408           64           4.491      3764224       470528
       29408          128           8.983      7528448       941056
       29408          256          17.783     15056896      1882112
       29408          512          51.150     30113792      3764224
       29408         1024          71.134     60227584      7528448
       29408         2048         166.467    120455168     15056896
       29408         4096         333.850    240910336     30113792
       29408         8192         684.017    481820672     60227584
       29408        16384        1275.450    963641344    120455168
       29408        32768        2343.825   1927282688    240910336
       32320            1          56.283        64640         8080
       32320            2           0.550       129280        16160
       32320            4           0.458       258560        32320
       32320            8           1.008       517120        64640
       32320           16           1.100      1034240       129280
       32320           32           3.116      2068480       258560
       32320           64           4.309      4136960       517120
       32320          128           9.259      8273920      1034240
       32320          256          16.317     16547840      2068480
       32320          512          31.808     33095680      4136960
       32320         1024          53.900     66191360      8273920
       32320         2048         150.059    132382720     16547840
       32320         4096         215.692    264765440     33095680
       32320         8192         363.825    529530880     66191360
       32320        16384         660.092   1059061760    132382720
       32320        32768        1298.459   2118123520    264765440
       35552            1          14.116        71104         8888
       35552            2           0.550       142208        17776
       35552            4           0.550       284416        35552
       35552            8           1.192       568832        71104
       35552           16           1.650      1137664       142208
       35552           32           3.208      2275328       284416
       35552           64           6.600      4550656       568832
       35552          128          12.650      9101312      1137664
       35552          256          26.400     18202624      2275328
       35552          512          50.600     36405248      4550656
       35552         1024         100.558     72810496      9101312
       35552         2048         212.850    145620992     18202624
       35552         4096         409.567    291241984     36405248
       35552         8192         815.192    582483968     72810496
       35552        16384        1512.500   1164967936    145620992
       39104            1           1.375        78208         9776
       39104            2           1.191       156416        19552
       39104            4           0.550       312832        39104
       39104            8           1.008       625664        78208
       39104           16           1.833      1251328       156416
       39104           32           3.483      2502656       312832
       39104           64           7.059      5005312       625664
       39104          128          13.933     10010624      1251328
       39104          256          27.958     20021248      2502656
       39104          512          55.459     40042496      5005312
       39104         1024         116.234     80084992     10010624
       39104         2048         222.109    160169984     20021248
       39104         4096         459.617    320339968     40042496
       39104         8192         853.783    640679936     80084992
       39104        16384        1618.558   1281359872    160169984
       43008            1          17.050        86016        10752
       43008            2           0.459       172032        21504
       43008            4           0.825       344064        43008
       43008            8           1.466       688128        86016
       43008           16           2.200      1376256       172032
       43008           32           4.583      2752512       344064
       43008           64           8.341      5505024       688128
       43008          128          16.683     11010048      1376256
       43008          256          32.542     22020096      2752512
       43008          512          64.533     44040192      5505024
       43008         1024         130.075     88080384     11010048
       43008         2048         258.317    176160768     22020096
       43008         4096         497.292    352321536     44040192
       43008         8192         943.892    704643072     88080384
       43008        16384        1824.625   1409286144    176160768
       47296            1           1.467        94592        11824
       47296            2           5.133       189184        23648
       47296            4           5.684       378368        47296
       47296            8           1.650       756736        94592
       47296           16           2.384      1513472       189184
       47296           32           4.584      3026944       378368
       47296           64           9.350      6053888       756736
       47296          128          25.850     12107776      1513472
       47296          256          35.566     24215552      3026944
       47296          512          71.775     48431104      6053888
       47296         1024         138.692     96862208     12107776
       47296         2048         265.558    193724416     24215552
       47296         4096         515.808    387448832     48431104
       47296         8192         991.558    774897664     96862208
       47296        16384        1777.966   1549795328    193724416
       52000            1          15.491       104000        13000
       52000            2           0.550       208000        26000
       52000            4           0.916       416000        52000
       52000            8           1.834       832000       104000
       52000           16           9.441      1664000       208000
       52000           32           5.042      3328000       416000
       52000           64          10.359      6656000       832000
       52000          128          20.533     13312000      1664000
       52000          256          41.617     26624000      3328000
       52000          512          88.458     53248000      6656000
       52000         1024         169.308    106496000     13312000
       52000         2048         335.317    212992000     26624000
       52000         4096         640.567    425984000     53248000
       52000         8192        1192.583    851968000    106496000
       52000        16384        2320.633   1703936000    212992000
       57184            1          13.108       114368        14296
       57184            2           0.458       228736        28592
       57184            4           1.008       457472        57184
       57184            8           1.558       914944       114368
       57184           16           2.933      1829888       228736
       57184           32           5.500      3659776       457472
       57184           64          10.725      7319552       914944
       57184          128          21.267     14639104      1829888
       57184          256          48.584     29278208      3659776
       57184          512          83.233     58556416      7319552
       57184         1024         168.208    117112832     14639104
       57184         2048         372.625    234225664     29278208
       57184         4096         725.450    468451328     58556416
       57184         8192        1376.191    936902656    117112832
       57184        16384        2626.891   1873805312    234225664
       62880            1          12.650       125760        15720
       62880            2           0.550       251520        31440
       62880            4           1.284       503040        62880
       62880            8           1.741      1006080       125760
       62880           16           3.117      2012160       251520
       62880           32           6.050      4024320       503040
       62880           64          25.300      8048640      1006080
       62880          128          38.775     16097280      2012160
       62880          256          53.900     32194560      4024320
       62880          512          91.116     64389120      8048640
       62880         1024         177.283    128778240     16097280
       62880         2048         365.292    257556480     32194560
       62880         4096         709.042    515112960     64389120
       62880         8192        1325.041   1030225920    128778240
       62880        16384        2460.333   2060451840    257556480
       69152            1           7.242       138304        17288
       69152            2           0.550       276608        34576
       69152            4           1.283       553216        69152
       69152            8           2.200      1106432       138304
       69152           16           3.850      2212864       276608
       69152           32           7.241      4425728       553216
       69152           64          14.208      8851456      1106432
       69152          128          32.359     17702912      2212864
       69152          256          56.834     35405824      4425728
       69152          512         121.825     70811648      8851456
       69152         1024         244.200    141623296     17702912
       69152         2048         515.533    283246592     35405824
       69152         4096         888.708    566493184     70811648
       69152         8192        1701.242   1132986368    141623296
       76064            1          11.825       152128        19016
       76064            2           2.017       304256        38032
       76064            4           1.283       608512        76064
       76064            8           2.842      1217024       152128
       76064           16           4.950      2434048       304256
       76064           32           9.625      4868096       608512
       76064           64          19.250      9736192      1217024
       76064          128          36.942     19472384      2434048
       76064          256          80.300     38944768      4868096
       76064          512         150.609     77889536      9736192
       76064         1024         309.925    155779072     19472384
       76064         2048         596.200    311558144     38944768
       76064         4096        1124.933    623116288     77889536
       76064         8192        2124.009   1246232576    155779072
       83648            1           6.692       167296        20912
       83648            2           1.100       334592        41824
       83648            4           1.833       669184        83648
       83648            8           3.025      1338368       167296
       83648           16           5.408      2676736       334592
       83648           32          10.267      5353472       669184
       83648           64          20.350     10706944      1338368
       83648          128          39.600     21413888      2676736
       83648          256          92.492     42827776      5353472
       83648          512         146.758     85655552     10706944
       83648         1024         377.483    171311104     21413888
       83648         2048         619.575    342622208     42827776
       83648         4096        1316.883    685244416     85655552
       83648         8192        2534.950   1370488832    171311104
       92000            1          15.766       184000        23000
       92000            2           0.825       368000        46000
       92000            4           1.283       736000        92000
       92000            8           2.292      1472000       184000
       92000           16           7.333      2944000       368000
       92000           32          14.392      5888000       736000
       92000           64          19.617     11776000      1472000
       92000          128          25.666     23552000      2944000
       92000          256          51.425     47104000      5888000
       92000          512          97.625     94208000     11776000
       92000         1024         237.966    188416000     23552000
       92000         2048         409.567    376832000     47104000
       92000         4096         638.091    753664000     94208000
       92000         8192         918.225   1507328000    188416000
      101184            1           2.658       202368        25296
      101184            2           0.733       404736        50592
      101184            4           0.916       809472       101184
      101184            8           1.375      1618944       202368
      101184           16           2.292      3237888       404736
      101184           32           3.941      6475776       809472
      101184           64           7.608     12951552      1618944
      101184          128          14.666     25903104      3237888
      101184          256          32.909     51806208      6475776
      101184          512          64.534    103612416     12951552
      101184         1024         115.775    207224832     25903104
      101184         2048         236.041    414449664     51806208
      101184         4096         584.100    828899328    103612416
      101184         8192        1072.959   1657798656    207224832
      111296            1          40.517       222592        27824
      111296            2           0.825       445184        55648
      111296            4           1.100       890368       111296
      111296            8           1.558      1780736       222592
      111296           16           2.566      3561472       445184
      111296           32           4.766      7122944       890368
      111296           64           9.167     14245888      1780736
      111296          128          18.333     28491776      3561472
      111296          256          36.484     56983552      7122944
      111296          512          77.183    113967104     14245888
      111296         1024         143.550    227934208     28491776
      111296         2048         291.959    455868416     56983552
      111296         4096         563.017    911736832    113967104
      111296         8192        1143.633   1823473664    227934208
      122400            1           4.675       244800        30600
      122400            2           2.108       489600        61200
      122400            4           8.434       979200       122400
      122400            8           5.591      1958400       244800
      122400           16          10.175      3916800       489600
      122400           32          19.433      7833600       979200
      122400           64          36.392     15667200      1958400
      122400          128          74.617     31334400      3916800
      122400          256         141.442     62668800      7833600
      122400          512         286.367    125337600     15667200
      122400         1024         409.200    250675200     31334400
      122400         2048        1021.258    501350400     62668800
      122400         4096        1911.891   1002700800    125337600
      122400         8192        2679.967   2005401600    250675200
      134624            1          33.000       269248        33656
      134624            2           2.108       538496        67312
      134624            4           3.484      1076992       134624
      134624            8           5.959      2153984       269248
      134624           16          10.816      4307968       538496
      134624           32          25.025      8615936      1076992
      134624           64          39.967     17231872      2153984
      134624          128          78.650     34463744      4307968
      134624          256         156.109     68927488      8615936
      134624          512         349.708    137854976     17231872
      134624         1024         603.258    275709952     34463744
      134624         2048        1127.225    551419904     68927488
      134624         4096        2174.425   1102839808    137854976
      148064            1          13.108       296128        37016
      148064            2           2.292       592256        74032
      148064            4           3.392      1184512       148064
      148064            8           5.866      2369024       296128
      148064           16          10.725      4738048       592256
      148064           32          20.442      9476096      1184512
      148064           64          39.966     18952192      2369024
      148064          128          78.650     37904384      4738048
      148064          256         156.200     75808768      9476096
      148064          512         323.217    151617536     18952192
      148064         1024         694.742    303235072     37904384
      148064         2048        1143.817    606470144     75808768
      148064         4096        2183.500   1212940288    151617536
      162848            1           2.017       325696        40712
      162848            2           2.750       651392        81424
      162848            4           4.217      1302784       162848
      162848            8           7.058      2605568       325696
      162848           16          12.833      5211136       651392
      162848           32          24.475     10422272      1302784
      162848           64          47.667     20844544      2605568
      162848          128          94.142     41689088      5211136
      162848          256         194.975     83378176     10422272
      162848          512         359.334    166756352     20844544
      162848         1024         721.600    333512704     41689088
      162848         2048        1429.266    667025408     83378176
      162848         4096        2800.967   1334050816    166756352
      179104            1          27.592       358208        44776
      179104            2           2.108       716416        89552
      179104            4           3.484      1432832       179104
      179104            8           5.867      2865664       358208
      179104           16          10.541      5731328       716416
      179104           32          19.983     11462656      1432832
      179104           64          39.234     22925312      2865664
      179104          128          77.000     45850624      5731328
      179104          256         160.966     91701248     11462656
      179104          512         307.908    183402496     22925312
      179104         1024         672.833    366804992     45850624
      179104         2048        1428.717    733609984     91701248
      179104         4096        2421.192   1467219968    183402496
      196992            1          19.250       393984        49248
      196992            2           3.116       787968        98496
      196992            4           4.858      1575936       196992
      196992            8           7.975      3151872       393984
      196992           16          14.392      6303744       787968
      196992           32          27.500     12607488      1575936
      196992           64          53.717     25214976      3151872
      196992          128         106.059     50429952      6303744
      196992          256         212.483    100859904     12607488
      196992          512         439.542    201719808     25214976
      196992         1024         808.317    403439616     50429952
      196992         2048        1480.692    806879232    100859904
      196992         4096        2663.100   1613758464    201719808
      216672            1          30.891       433344        54168
      216672            2           2.566       866688       108336
      216672            4           4.492      1733376       216672
      216672            8           7.609      3466752       433344
      216672           16          13.841      6933504       866688
      216672           32          26.400     13867008      1733376
      216672           64          61.141     27734016      3466752
      216672          128         109.816     55468032      6933504
      216672          256         207.258    110936064     13867008
      216672          512         420.291    221872128     27734016
      216672         1024         845.625    443744256     55468032
      216672         2048        1677.775    887488512    110936064
      216672         4096        3019.225   1774977024    221872128
      238336            1           6.325       476672        59584
      238336            2           3.483       953344       119168
      238336            4           5.500      1906688       238336
      238336            8           8.983      3813376       476672
      238336           16          16.409      7626752       953344
      238336           32          31.441     15253504      1906688
      238336           64          60.775     30507008      3813376
      238336          128         124.117     61014016      7626752
      238336          256         258.225    122028032     15253504
      238336          512         484.917    244056064     30507008
      238336         1024         992.750    488112128     61014016
      238336         2048        1879.992    976224256    122028032
      238336         4096        3428.700   1952448512    244056064
      262144            1          42.808       524288        65536
      262144            2           2.017      1048576       131072
      262144            4           2.842      2097152       262144
      262144            8           4.583      4194304       524288
      262144           16           8.158      8388608      1048576
      262144           32          15.308     16777216      2097152
      262144           64          37.309     33554432      4194304
      262144          128          66.275     67108864      8388608
      262144          256         119.809    134217728     16777216
      262144          512         241.542    268435456     33554432
      262144         1024         501.875    536870912     67108864
      262144         2048         981.933   1073741824    134217728
      262144         4096        1901.442   2147483648    268435456
      288352            1           6.234       576704        72088
      288352            2           3.392      1153408       144176
      288352            4           5.409      2306816       288352
      288352            8           9.259      4613632       576704
      288352           16          16.958      9227264      1153408
      288352           32          32.542     18454528      2306816
      288352           64          78.191     36909056      4613632
      288352          128         132.458     73818112      9227264
      288352          256         287.375    147636224     18454528
      288352          512         565.125    295272448     36909056
      288352         1024        1138.317    590544896     73818112
      288352         2048        2055.442   1181089792    147636224
      317184            1          43.908       634368        79296
      317184            2           4.034      1268736       158592
      317184            4           6.508      2537472       317184
      317184            8          11.000      5074944       634368
      317184           16          20.075     10149888      1268736
      317184           32          38.133     20299776      2537472
      317184           64          74.342     40599552      5074944
      317184          128         158.491     81199104     10149888
      317184          256         298.834    162398208     20299776
      317184          512         615.175    324796416     40599552
      317184         1024        1207.616    649592832     81199104
      317184         2048        2319.625   1299185664    162398208
      348896            1          10.542       697792        87224
      348896            2           3.575      1395584       174448
      348896            4           6.692      2791168       348896
      348896            8          19.433      5582336       697792
      348896           16          19.983     11164672      1395584
      348896           32          38.225     22329344      2791168
      348896           64          74.983     44658688      5582336
      348896          128         150.608     89317376     11164672
      348896          256         299.750    178634752     22329344
      348896          512         626.634    357269504     44658688
      348896         1024        1415.975    714539008     89317376
      348896         2048        2591.234   1429078016    178634752
      383776            1           2.750       767552        95944
      383776            2           5.408      1535104       191888
      383776            4           8.617      3070208       383776
      383776            8          14.208      6140416       767552
      383776           16          26.034     12280832      1535104
      383776           32          49.225     24561664      3070208
      383776           64          95.334     49123328      6140416
      383776          128         199.833     98246656     12280832
      383776          256         399.208    196493312     24561664
      383776          512         799.334    392986624     49123328
      383776         1024        1475.833    785973248     98246656
      383776         2048        2805.183   1571946496    196493312
      422144            1          10.908       844288       105536
      422144            2           5.316      1688576       211072
      422144            4           8.891      3377152       422144
      422144            8          14.667      6754304       844288
      422144           16          26.950     13508608      1688576
      422144           32          57.108     27017216      3377152
      422144           64         108.717     54034432      6754304
      422144          128         201.025    108068864     13508608
      422144          256         405.625    216137728     27017216
      422144          512         779.533    432275456     54034432
      422144         1024        1505.166    864550912    108068864
      422144         2048        3253.433   1729101824    216137728
      464352            1          15.309       928704       116088
      464352            2           5.775      1857408       232176
      464352            4           9.808      3714816       464352
      464352            8          16.225      7429632       928704
      464352           16          37.309     14859264      1857408
      464352           32          56.925     29718528      3714816
      464352           64         111.925     59437056      7429632
      464352          128         220.275    118874112     14859264
      464352          256         455.033    237748224     29718528
      464352          512         892.008    475496448     59437056
      464352         1024        1692.075    950992896    118874112
      464352         2048        3191.375   1901985792    237748224
      510784            1          15.308      1021568       127696
      510784            2           6.417      2043136       255392
      510784            4          10.633      4086272       510784
      510784            8          17.233      8172544      1021568
      510784           16          31.259     16345088      2043136
      510784           32          66.917     32690176      4086272
      510784           64         129.983     65380352      8172544
      510784          128         238.150    130760704     16345088
      510784          256         462.458    261521408     32690176
      510784          512         893.383    523042816     65380352
      510784         1024        1740.750   1046085632    130760704
      510784         2048        3473.526   2092171264    261521408
      561856            1           4.125      1123712       140464
      561856            2           6.875      2247424       280928
      561856            4          10.542      4494848       561856
      561856            8          18.150      8989696      1123712
      561856           16          32.816     17979392      2247424
      561856           32          68.200     35958784      4494848
      561856           64         122.833     71917568      8989696
      561856          128         248.783    143835136     17979392
      561856          256         482.350    287670272     35958784
      561856          512         990.000    575340544     71917568
      561856         1024        1867.158   1150681088    143835136
      618016            1          38.775      1236032       154504
      618016            2           8.250      2472064       309008
      618016            4          11.092      4944128       618016
      618016            8          20.259      9888256      1236032
      618016           16          36.941     19776512      2472064
      618016           32          77.459     39553024      4944128
      618016           64         140.158     79106048      9888256
      618016          128         312.675    158212096     19776512
      618016          256         599.408    316424192     39553024
      618016          512        1138.317    632848384     79106048
      618016         1024        2157.742   1265696768    158212096
      679808            1          13.108      1359616       169952
      679808            2           8.525      2719232       339904
      679808            4          13.291      5438464       679808
      679808            8          26.675     10876928      1359616
      679808           16          40.517     21753856      2719232
      679808           32          84.608     43507712      5438464
      679808           64         152.808     87015424     10876928
      679808          128         305.159    174030848     21753856
      679808          256         606.008    348061696     43507712
      679808          512        1203.492    696123392     87015424
      679808         1024        2272.875   1392246784    174030848
      747776            1          19.983      1495552       186944
      747776            2           9.258      2991104       373888
      747776            4          14.575      5982208       747776
      747776            8          25.025     11964416      1495552
      747776           16          45.283     23928832      2991104
      747776           32          87.084     47857664      5982208
      747776           64         171.233     95715328     11964416
      747776          128         348.700    191430656     23928832
      747776          256         639.192    382861312     47857664
      747776          512        1361.433    765722624     95715328
      747776         1024        2574.733   1531445248    191430656
      822528            1          37.400      1645056       205632
      822528            2           9.900      3290112       411264
      822528            4          15.125      6580224       822528
      822528            8          25.942     13160448      1645056
      822528           16          47.575     26320896      3290112
      822528           32         112.016     52641792      6580224
      822528           64         180.767    105283584     13160448
      822528          128         378.950    210567168     26320896
      822528          256         720.867    421134336     52641792
      822528          512        1427.983    842268672    105283584
      822528         1024        2750.184   1684537344    210567168
      904768            1          44.733      1809536       226192
      904768            2          11.275      3619072       452384
      904768            4          17.050      7238144       904768
      904768            8          29.242     14476288      1809536
      904768           16          53.167     28952576      3619072
      904768           32          99.275     57905152      7238144
      904768           64         204.509    115810304     14476288
      904768          128         402.325    231620608     28952576
      904768          256         783.017    463241216     57905152
      904768          512        1548.983    926482432    115810304
      904768         1024        2974.308   1852964864    231620608
      995232            1          20.809      1990464       248808
      995232            2           6.325      3980928       497616
      995232            4           9.075      7961856       995232
      995232            8          15.492     15923712      1990464
      995232           16          69.758     31847424      3980928
      995232           32          67.283     63694848      7961856
      995232           64         134.934    127389696     15923712
      995232          128         271.883    254779392     31847424
      995232          256         479.233    509558784     63694848
      995232          512         794.016   1019117568    127389696
      995232         1024        1610.217   2038235136    254779392
     1094752            1          28.875      2189504       273688
     1094752            2          16.866      4379008       547376
     1094752            4          23.925      8758016      1094752
     1094752            8          33.642     17516032      2189504
     1094752           16          63.434     35032064      4379008
     1094752           32         121.733     70064128      8758016
     1094752           64         244.567    140128256     17516032
     1094752          128         487.758    280256512     35032064
     1094752          256         983.033    560513024     70064128
     1094752          512        1863.125   1121026048    140128256
     1204224            1          25.484      2408448       301056
     1204224            2          15.309      4816896       602112
     1204224            4          26.583      9633792      1204224
     1204224            8          39.875     19267584      2408448
     1204224           16          77.733     38535168      4816896
     1204224           32         150.333     77070336      9633792
     1204224           64         285.450    154140672     19267584
     1204224          128         563.567    308281344     38535168
     1204224          256        1109.259    616562688     77070336
     1204224          512        2052.508   1233125376    154140672
     1324640            1          29.516      2649280       331160
     1324640            2          22.825      5298560       662320
     1324640            4          25.392     10597120      1324640
     1324640            8          43.725     21194240      2649280
     1324640           16          81.308     42388480      5298560
     1324640           32         165.366     84776960     10597120
     1324640           64         319.550    169553920     21194240
     1324640          128         619.483    339107840     42388480
     1324640          256        1116.408    678215680     84776960
     1324640          512        2421.283   1356431360    169553920
     1457088            1          29.150      2914176       364272
     1457088            2          37.583      5828352       728544
     1457088            4          37.492     11656704      1457088
     1457088            8          48.767     23313408      2914176
     1457088           16          89.283     46626816      5828352
     1457088           32         207.350     93253632     11656704
     1457088           64         341.000    186507264     23313408
     1457088          128         692.358    373014528     46626816
     1457088          256        1362.350    746029056     93253632
     1457088          512        2545.400   1492058112    186507264
     1602784            1          21.817      3205568       400696
     1602784            2          27.500      6411136       801392
     1602784            4          34.283     12822272      1602784
     1602784            8          58.759     25644544      3205568
     1602784           16         136.125     51289088      6411136
     1602784           32         216.700    102578176     12822272
     1602784           64         389.767    205156352     25644544
     1602784          128         773.392    410312704     51289088
     1602784          256        1530.375    820625408    102578176
     1602784          512        2864.125   1641250816    205156352
     1763040            1          15.217      3526080       440760
     1763040            2          22.825      7052160       881520
     1763040            4          34.925     14104320      1763040
     1763040            8          59.492     28208640      3526080
     1763040           16         115.317     56417280      7052160
     1763040           32         207.900    112834560     14104320
     1763040           64         413.050    225669120     28208640
     1763040          128         836.550    451338240     56417280
     1763040          256        1666.042    902676480    112834560
     1763040          512        3091.641   1805352960    225669120
     1939328            1          38.317      3878656       484832
     1939328            2          25.850      7757312       969664
     1939328            4          38.866     15514624      1939328
     1939328            8          71.683     31029248      3878656
     1939328           16         133.650     62058496      7757312
     1939328           32         240.900    124116992     15514624
     1939328           64         463.283    248233984     31029248
     1939328          128         902.642    496467968     62058496
     1939328          256        1820.042    992935936    124116992
     1939328          512        3320.992   1985871872    248233984
     2133248            1          64.259      4266496       533312
     2133248            2          34.650      8532992      1066624
     2133248            4          45.925     17065984      2133248
     2133248            8          72.783     34131968      4266496
     2133248           16         140.066     68263936      8532992
     2133248           32         258.225    136527872     17065984
     2133248           64         503.067    273055744     34131968
     2133248          128        1020.250    546111488     68263936
     2133248          256        1977.250   1092222976    136527872
     2346560            1          16.317      4693120       586640
     2346560            2          30.984      9386240      1173280
     2346560            4          47.666     18772480      2346560
     2346560            8          80.759     37544960      4693120
     2346560           16         151.525     75089920      9386240
     2346560           32         293.608    150179840     18772480
     2346560           64         573.283    300359680     37544960
     2346560          128        1152.158    600719360     75089920
     2346560          256        2189.550   1201438720    150179840
     2581216            1          63.617      5162432       645304
     2581216            2          33.183     10324864      1290608
     2581216            4          51.333     20649728      2581216
     2581216            8          94.325     41299456      5162432
     2581216           16         166.925     82598912     10324864
     2581216           32         334.767    165197824     20649728
     2581216           64         645.517    330395648     41299456
     2581216          128        1258.767    660791296     82598912
     2581216          256        2329.342   1321582592    165197824
     2839328            1          20.625      5678656       709832
     2839328            2          44.275     11357312      1419664
     2839328            4          71.317     22714624      2839328
     2839328            8          96.158     45429248      5678656
     2839328           16         178.933     90858496     11357312
     2839328           32         351.908    181716992     22714624
     2839328           64         682.734    363433984     45429248
     2839328          128        1345.758    726867968     90858496
     2839328          256        2769.158   1453735936    181716992
     3123232            1          20.442      6246464       780808
     3123232            2          45.834     12492928      1561616
     3123232            4          63.342     24985856      3123232
     3123232            8         116.691     49971712      6246464
     3123232           16         201.208     99943424     12492928
     3123232           32         387.383    199886848     24985856
     3123232           64         771.650    399773696     49971712
     3123232          128        1482.250    799547392     99943424
     3123232          256        2814.992   1599094784    199886848
     3435552            1          64.075      6871104       858888
     3435552            2          43.633     13742208      1717776
     3435552            4          66.642     27484416      3435552
     3435552            8         120.450     54968832      6871104
     3435552           16         212.209    109937664     13742208
     3435552           32         411.492    219875328     27484416
     3435552           64         849.017    439750656     54968832
     3435552          128        1601.600    879501312    109937664
     3435552          256        2922.242   1759002624    219875328
     3779104            1          61.875      7558208       944776
     3779104            2          48.583     15116416      1889552
     3779104            4          77.366     30232832      3779104
     3779104            8         125.491     60465664      7558208
     3779104           16         236.225    120931328     15116416
     3779104           32         459.158    241862656     30232832
     3779104           64         923.267    483725312     60465664
     3779104          128        1543.117    967450624    120931328
     3779104          256        3249.034   1934901248    241862656
     4156992            1          44.733      8313984      1039248
     4156992            2          62.608     16627968      2078496
     4156992            4          79.842     33255936      4156992
     4156992            8         158.033     66511872      8313984
     4156992           16         258.775    133023744     16627968
     4156992           32         483.267    266047488     33255936
     4156992           64         928.216    532094976     66511872
     4156992          128        1875.225   1064189952    133023744
     4156992          256        3324.108   2128379904    266047488
     4572672            1          36.575      9145344      1143168
     4572672            2          58.208     18290688      2286336
     4572672            4          83.600     36581376      4572672
     4572672            8         142.817     73162752      9145344
     4572672           16         267.942    146325504     18290688
     4572672           32         533.317    292651008     36581376
     4572672           64        1047.475    585302016     73162752
     4572672          128        1892.000   1170604032    146325504
     5029920            1          31.900     10059840      1257480
     5029920            2          65.816     20119680      2514960
     5029920            4          91.758     40239360      5029920
     5029920            8         164.175     80478720     10059840
     5029920           16         299.750    160957440     20119680
     5029920           32         589.692    321914880     40239360
     5029920           64        1139.600    643829760     80478720
     5029920          128        1890.716   1287659520    160957440
     5532896            1          53.075     11065792      1383224
     5532896            2          71.775     22131584      2766448
     5532896            4         106.425     44263168      5532896
     5532896            8         185.625     88526336     11065792
     5532896           16         337.792    177052672     22131584
     5532896           32         606.742    354105344     44263168
     5532896           64        1196.708    708210688     88526336
     5532896          128        2353.176   1416421376    177052672
     6086176            1          46.200     12172352      1521544
     6086176            2          80.850     24344704      3043088
     6086176            4         128.241     48689408      6086176
     6086176            8         216.425     97378816     12172352
     6086176           16         395.267    194757632     24344704
     6086176           32         704.917    389515264     48689408
     6086176           64        1381.508    779030528     97378816
     6086176          128        2563.183   1558061056    194757632
     6694784            1          85.708     13389568      1673696
     6694784            2          89.100     26779136      3347392
     6694784            4         129.158     53558272      6694784
     6694784            8         218.625    107116544     13389568
     6694784           16         435.692    214233088     26779136
     6694784           32         752.400    428466176     53558272
     6694784           64        1530.192    856932352    107116544
     6694784          128        2789.875   1713864704    214233088
     7364256            1          98.359     14728512      1841064
     7364256            2          93.867     29457024      3682128
     7364256            4         137.316     58914048      7364256
     7364256            8         236.867    117828096     14728512
     7364256           16         426.708    235656192     29457024
     7364256           32         843.425    471312384     58914048
     7364256           64        1618.833    942624768    117828096
     7364256          128        2994.567   1885249536    235656192
     8100672            1          77.458     16201344      2025168
     8100672            2         102.300     32402688      4050336
     8100672            4         159.042     64805376      8100672
     8100672            8         255.108    129610752     16201344
     8100672           16         477.400    259221504     32402688
     8100672           32         902.916    518443008     64805376
     8100672           64        1750.008   1036886016    129610752
     8100672          128        2730.750   2073772032    259221504
     8910720            1         120.175     17821440      2227680
     8910720            2         116.325     35642880      4455360
     8910720            4         166.650     71285760      8910720
     8910720            8         288.475    142571520     17821440
     8910720           16         715.183    285143040     35642880
     8910720           32         993.209    570286080     71285760
     8910720           64        1928.575   1140572160    142571520
     9801792            1         157.759     19603584      2450448
     9801792            2         175.450     39207168      4900896
     9801792            4         209.550     78414336      9801792
     9801792            8         333.025    156828672     19603584
     9801792           16         569.434    313657344     39207168
     9801792           32        1154.817    627314688     78414336
     9801792           64        2070.750   1254629376    156828672
    10781952            1          66.458     21563904      2695488
    10781952            2         155.467     43127808      5390976
    10781952            4         208.358     86255616     10781952
    10781952            8         377.942    172511232     21563904
    10781952           16         597.484    345022464     43127808
    10781952           32         583.550    690044928     86255616
    10781952           64        1212.292   1380089856    172511232
    11860128            1         106.700     23720256      2965032
    11860128            2         171.234     47440512      5930064
    11860128            4         286.458     94881024     11860128
    11860128            8         408.283    189762048     23720256
    11860128           16         756.708    379524096     47440512
    11860128           32        1423.400    759048192     94881024
    11860128           64        2576.108   1518096384    189762048
    13046112            1         108.534     26092224      3261528
    13046112            2         119.442     52184448      6523056
    13046112            4         150.608    104368896     13046112
    13046112            8         212.300    208737792     26092224
    13046112           16         778.892    417475584     52184448
    13046112           32        1596.925    834951168    104368896
    13046112           64        2780.617   1669902336    208737792
    14350720            1         118.434     28701440      3587680
    14350720            2         196.075     57402880      7175360
    14350720            4         285.084    114805760     14350720
    14350720            8         489.683    229611520     28701440
    14350720           16         932.525    459223040     57402880
    14350720           32        1714.625    918446080    114805760
    14350720           64        3004.375   1836892160    229611520
    15785792            1         154.733     31571584      3946448
    15785792            2         221.650     63143168      7892896
    15785792            4         305.891    126286336     15785792
    15785792            8         554.217    252572672     31571584
    15785792           16         961.950    505145344     63143168
    15785792           32        1728.467   1010290688    126286336
    15785792           64        3274.700   2020581376    252572672
    17364352            1         624.341     34728704      4341088
    17364352            2         745.250     69457408      8682176
    17364352            4         724.625    138914816     17364352
    17364352            8         682.092    277829632     34728704
    17364352           16        1115.675    555659264     69457408
    17364352           32        1995.125   1111318528    138914816
    19100768            1         138.783     38201536      4775192
    19100768            2         259.784     76403072      9550384
    19100768            4         379.316    152806144     19100768
    19100768            8         630.391    305612288     38201536
    19100768           16        1161.233    611224576     76403072
    19100768           32        2139.408   1222449152    152806144
    21010816            1         169.675     42021632      5252704
    21010816            2         286.183     84043264     10505408
    21010816            4         429.459    168086528     21010816
    21010816            8         728.384    336173056     42021632
    21010816           16        1289.659    672346112     84043264
    21010816           32        2086.975   1344692224    168086528
    23111872            1         160.417     46223744      5777968
    23111872            2         365.658     92447488     11555936
    23111872            4         504.167    184894976     23111872
    23111872            8         823.808    369789952     46223744
    23111872           16        1410.291    739579904     92447488
    23111872           32        2563.275   1479159808    184894976
    25423040            1         212.942     50846080      6355760
    25423040            2         383.441    101692160     12711520
    25423040            4         545.692    203384320     25423040
    25423040            8         771.833    406768640     50846080
    25423040           16        1578.500    813537280    101692160
    25423040           32        2775.483   1627074560    203384320
    27965344            1         239.617     55930688      6991336
    27965344            2         434.317    111861376     13982672
    27965344            4         637.175    223722752     27965344
    27965344            8         996.600    447445504     55930688
    27965344           16        1681.442    894891008    111861376
    27965344           32        3007.125   1789782016    223722752
    30761856            1         873.492     61523712      7690464
    30761856            2        1479.316    123047424     15380928
    30761856            4        1614.341    246094848     30761856
    30761856            8        1702.342    492189696     61523712
    30761856           16        2150.042    984379392    123047424
    30761856           32        3549.242   1968758784    246094848
    33838016            1         218.808     67676032      8459504
    33838016            2         329.816    135352064     16919008
    33838016            4         402.142    270704128     33838016
    33838016            8         546.242    541408256     67676032
    33838016           16        1961.300   1082816512    135352064
    37221792            1         326.609     74443584      9305448
    37221792            2         434.867    148887168     18610896
    37221792            4         479.417    297774336     37221792
    37221792            8         721.600    595548672     74443584
    37221792           16        1213.025   1191097344    148887168
    40943968            1         477.492     81887936     10235992
    40943968            2         761.934    163775872     20471984
    40943968            4        1003.567    327551744     40943968
    40943968            8        1592.800    655103488     81887936
    40943968           16        2599.117   1310206976    163775872
    45038336            1         365.109     90076672     11259584
    45038336            2         733.150    180153344     22519168
    45038336            4        1012.641    360306688     45038336
    45038336            8        1627.541    720613376     90076672
    45038336           16        2796.108   1441226752    180153344
    49542144            1         465.941     99084288     12385536
    49542144            2         840.033    198168576     24771072
    49542144            4        1136.758    396337152     49542144
    49542144            8        1784.750    792674304     99084288
    49542144           16        2997.958   1585348608    198168576
    54496352            1        1686.300    108992704     13624088
    54496352            2        2971.375    217985408     27248176
    54496352            4        3510.283    435970816     54496352
    54496352            8        3927.550    871941632    108992704
    54496352           16        4133.984   1743883264    217985408
    59945984            1         689.150    119891968     14986496
    59945984            2        1232.000    239783936     29972992
    59945984            4        1492.059    479567872     59945984
    59945984            8        2167.734    959135744    119891968
    59945984           16        3644.484   1918271488    239783936
    65940576            1        2182.125    131881152     16485144
    65940576            2        3860.450    263762304     32970288
    65940576            4        2762.100    527524608     65940576
    65940576            8        2316.600   1055049216    131881152
    65940576           16        3840.558   2110098432    263762304
    72534624            1        2392.317    145069248     18133656
    72534624            2        3923.700    290138496     36267312
    72534624            4        2483.158    580276992     72534624
    72534624            8        2515.517   1160553984    145069248
    79788064            1        2659.983    159576128     19947016
    79788064            2        4451.975    319152256     39894032
    79788064            4        2009.792    638304512     79788064
    79788064            8        2888.508   1276609024    159576128
    87766848            1        2911.058    175533696     21941712
    87766848            2        3458.950    351067392     43883424
    87766848            4        2376.550    702134784     87766848
    87766848            8        3781.250   1404269568    175533696
    96543520            1        3160.025    193087040     24135880
    96543520            2        5074.942    386174080     48271760
    96543520            4        2774.200    772348160     96543520
    96543520            8        4101.441   1544696320    193087040
   106197856            1        3379.933    212395712     26549464
   106197856            2        5729.167    424791424     53098928
   106197856            4        3769.242    849582848    106197856
   106197856            8        4778.217   1699165696    212395712
   116817632            1        2846.708    233635264     29204408
   116817632            2        4605.425    467270528     58408816
   116817632            4        4836.701    934541056    116817632
   116817632            8        6388.341   1869082112    233635264
   128499392            1        4023.800    256998784     32124848
   128499392            2        6213.350    513997568     64249696
   128499392            4        5891.691   1027995136    128499392
   128499392            8        8123.409   2055990272    256998784
   141349312            1        4646.033    282698624     35337328
   141349312            2        4373.051    565397248     70674656
   141349312            4        6206.933   1130794496    141349312
   155484224            1        5155.150    310968448     38871056
   155484224            2        6254.692    621936896     77742112
   155484224            4        8164.200   1243873792    155484224
   171032640            1        5071.275    342065280     42758160
   171032640            2        8868.567    684130560     85516320
   171032640            4       10885.417   1368261120    171032640
   188135904            1        5216.384    376271808     47033976
   188135904            2        9090.125    752543616     94067952
   188135904            4       11639.375   1505087232    188135904
   206949472            1        5790.217    413898944     51737368
   206949472            2       10232.842    827797888    103474736
   206949472            4       13647.792   1655595776    206949472
   227644416            1        6694.050    455288832     56911104
   227644416            2       10727.842    910577664    113822208
   227644416            4       14965.500   1821155328    227644416
   250408832            1        7953.275    500817664     62602208
   250408832            2       13760.176   1001635328    125204416
   250408832            4       17925.234   2003270656    250408832
   275449696            1        7944.475    550899392     68862424
   275449696            2       14249.217   1101798784    137724848
   302994656            1        9282.533    605989312     75748664
   302994656            2       16066.234   1211978624    151497328
   333294112            1        9796.875    666588224     83323528
   333294112            2       17918.450   1333176448    166647056
   366623520            1       10909.708    733247040     91655880
   366623520            2       20030.908   1466494080    183311760
   403285856            1       12204.317    806571712    100821464
   403285856            2       22549.267   1613143424    201642928
   443614432            1       13897.675    887228864    110903608
   443614432            2       25428.151   1774457728    221807216
   487975872            1       15095.209    975951744    121993968
   487975872            2       28007.467   1951903488    243987936
   536773440            1       17918.909   1073546880    134193360
   536773440            2       32235.226   2147093760    268386720
   590450784            1       18106.276   1180901568    147612696
   649495840            1       20365.859   1298991680    162373960
   714445408            1       22094.875   1428890816    178611352
   785889920            1       24490.859   1571779840    196472480
   864478912            1       27908.651   1728957824    216119728
   950926784            1       30818.609   1901853568    237731696
  1046019456            1       33236.684   2092038912    261504864

META_DATA
FLOPS          2
OPENMP_THREADS 4
ERT_VERSION  1.1.0
HOSTNAME  ('DESKTOP-1DMF7BU.localdomain', ['DESKTOP-1DMF7BU'], ['127.0.1.1'])
UNAME  uname_result(system='Linux', node='DESKTOP-1DMF7BU', release='6.6.87.2-microsoft-standard-WSL2', version='#1 SMP PREEMPT_DYNAMIC Thu Jun  5 18:30:46 UTC 2025', machine='x86_64')
TIMESTAMP_DATA  1765959513.751703
CONFIG  {'ERT_MPI': ['False'], 'ERT_OPENMP': ['True'], 'ERT_OPENMP_CFLAGS': ['-fopenmp'], 'ERT_OPENMP_LDFLAGS': ['-fopenmp'], 'ERT_PRECISION': ['FP64'], 'ERT_TRIALS_MIN': ['1'], 'ERT_TRIALS': ['3', '#', 'Run', 'each', 'test', '3', 'times', 'to', 'filter', 'out', 'background', 'noise'], 'ERT_RESULTS': ['Results/7800X3D'], 'ERT_GNUPLOT': ['gnuplot'], 'ERT_DRIVER': ['driver1'], 'ERT_KERNEL': ['kernel1'], 'ERT_CC': ['g++'], 'ERT_LD': ['g++'], 'ERT_CFLAGS': ['-O3', '-march=native', '-fopenmp', '-fstrict-aliasing', '-funroll-loops', '-Wno-all'], 'ERT_LDFLAGS': ['-O3', '-march=native', '-fopenmp'], 'ERT_LDLIBS': ['-lm'], 'ERT_RUN': ['export', 'OMP_NUM_THREADS=ERT_OPENMP_THREADS;', './ERT_CODE'], 'ERT_WORKING_SET_MIN': ['128'], 'ERT_MEMORY_MAX': ['1073741824'], 'ERT_ALIGN': ['64'], 'ERT_MIN_PROCS': ['1'], 'ERT_MAX_PROCS': ['1'], 'ERT_OPENMP_THREADS': ['1,2,4,8,16', '#', 'Logical', 'Threads'], 'ERT_NUM_EXPERIMENTS': ['5'], 'ERT_FLOPS': ['1,2,4,8,16', '#', '16', 'for', 'AVX-51'], 'ERT_GPU': [False], 'ERT_HIP': [False], 'ERT_OCL': [False], 'ERT_SYCL': [False], 'ERT_WSS_MULT': [1.1]}
