fp64
        8192            1           1.192        16384         1024
        8192            2           0.917        32768         2048
        8192            4           0.459        65536         4096
        8192            8           0.458       131072         8192
        8192           16           7.150       262144        16384
        8192           32           1.100       524288        32768
        8192           64           1.100      1048576        65536
        8192          128           1.925      2097152       131072
        8192          256           3.575      4194304       262144
        8192          512           7.059      8388608       524288
        8192         1024          13.384     16777216      1048576
        8192         2048          32.542     33554432      2097152
        8192         4096          53.350     67108864      4194304
        8192         8192         107.158    134217728      8388608
        8192        16384         222.658    268435456     16777216
        8192        32768         352.917    536870912     33554432
        8192        65536         733.516   1073741824     67108864
        8192       131072        1347.041   2147483648    134217728
        8960            1          32.541        17920         1120
        8960            2           6.784        35840         2240
        8960            4           4.125        71680         4480
        8960            8           0.550       143360         8960
        8960           16           0.550       286720        17920
        8960           32           0.641       573440        35840
        8960           64           0.733      1146880        71680
        8960          128           1.558      2293760       143360
        8960          256           3.117      4587520       286720
        8960          512           5.683      9175040       573440
        8960         1024          11.459     18350080      1146880
        8960         2048          23.191     36700160      2293760
        8960         4096          45.284     73400320      4587520
        8960         8192          91.116    146800640      9175040
        8960        16384         180.950    293601280     18350080
        8960        32768         365.200    587202560     36700160
        8960        65536         753.316   1174405120     73400320
        9856            1           0.916        19712         1232
        9856            2           0.550        39424         2464
        9856            4           1.375        78848         4928
        9856            8           5.958       157696         9856
        9856           16           0.458       315392        19712
        9856           32           0.642       630784        39424
        9856           64           1.191      1261568        78848
        9856          128           2.200      2523136       157696
        9856          256           4.033      5046272       315392
        9856          512           8.066     10092544       630784
        9856         1024          15.950     20185088      1261568
        9856         2048          32.725     40370176      2523136
        9856         4096          63.341     80740352      5046272
        9856         8192         125.583    161480704     10092544
        9856        16384         249.975    322961408     20185088
        9856        32768         497.384    645922816     40370176
        9856        65536         952.508   1291845632     80740352
       10816            1          46.750        21632         1352
       10816            2           1.650        43264         2704
       10816            4           0.459        86528         5408
       10816            8           0.459       173056        10816
       10816           16           0.550       346112        21632
       10816           32           0.550       692224        43264
       10816           64           1.284      1384448        86528
       10816          128           2.292      2768896       173056
       10816          256           4.125      5537792       346112
       10816          512           8.433     11075584       692224
       10816         1024          13.658     22151168      1384448
       10816         2048          31.534     44302336      2768896
       10816         4096          73.609     88604672      5537792
       10816         8192         129.800    177209344     11075584
       10816        16384         265.742    354418688     22151168
       10816        32768         541.200    708837376     44302336
       10816        65536         971.300   1417674752     88604672
       11840            1          38.684        23680         1480
       11840            2           0.367        47360         2960
       11840            4           5.408        94720         5920
       11840            8           0.642       189440        11840
       11840           16           7.242       378880        23680
       11840           32           0.917       757760        47360
       11840           64           1.467      1515520        94720
       11840          128           2.750      3031040       189440
       11840          256           5.225      6062080       378880
       11840          512          10.083     12124160       757760
       11840         1024          22.916     24248320      1515520
       11840         2048          39.600     48496640      3031040
       11840         4096          79.750     96993280      6062080
       11840         8192         223.759    193986560     12124160
       11840        16384         330.092    387973120     24248320
       11840        32768         655.600    775946240     48496640
       11840        65536        1136.025   1551892480     96993280
       12992            1          54.358        25984         1624
       12992            2           1.925        51968         3248
       12992            4           1.008       103936         6496
       12992            8           0.367       207872        12992
       12992           16           5.133       415744        25984
       12992           32           0.825       831488        51968
       12992           64           1.467      1662976       103936
       12992          128           3.025      3325952       207872
       12992          256           5.225      6651904       415744
       12992          512          10.083     13303808       831488
       12992         1024          19.708     26607616      1662976
       12992         2048          36.758     53215232      3325952
       12992         4096          82.958    106430464      6651904
       12992         8192         157.300    212860928     13303808
       12992        16384         314.875    425721856     26607616
       12992        32768         638.550    851443712     53215232
       12992        65536        1183.142   1702887424    106430464
       14272            1          10.817        28544         1784
       14272            2           2.934        57088         3568
       14272            4           0.458       114176         7136
       14272            8           0.367       228352        14272
       14272           16           0.367       456704        28544
       14272           32           0.916       913408        57088
       14272           64           1.466      1826816       114176
       14272          128           2.750      3653632       228352
       14272          256           5.408      7307264       456704
       14272          512          14.392     14614528       913408
       14272         1024          20.716     29229056      1826816
       14272         2048          40.058     58458112      3653632
       14272         4096          80.391    116916224      7307264
       14272         8192         160.233    233832448     14614528
       14272        16384         319.459    467664896     29229056
       14272        32768         643.225    935329792     58458112
       14272        65536        1347.866   1870659584    116916224
       15680            1           0.825        31360         1960
       15680            2           1.742        62720         3920
       15680            4           0.275       125440         7840
       15680            8           0.367       250880        15680
       15680           16           7.608       501760        31360
       15680           32           7.700      1003520        62720
       15680           64           2.017      2007040       125440
       15680          128          13.933      4014080       250880
       15680          256           6.142      8028160       501760
       15680          512          12.283     16056320      1003520
       15680         1024          23.742     32112640      2007040
       15680         2048          48.217     64225280      4014080
       15680         4096          94.875    128450560      8028160
       15680         8192         191.033    256901120     16056320
       15680        16384         404.892    513802240     32112640
       15680        32768         765.142   1027604480     64225280
       15680        65536        1485.092   2055208960    128450560
       17216            1          69.758        34432         2152
       17216            2           0.550        68864         4304
       17216            4           0.459       137728         8608
       17216            8           0.550       275456        17216
       17216           16           0.733       550912        34432
       17216           32           1.100      1101824        68864
       17216           64           2.017      2203648       137728
       17216          128           3.575      4407296       275456
       17216          256           6.783      8814592       550912
       17216          512          13.933     17629184      1101824
       17216         1024          27.408     35258368      2203648
       17216         2048          54.817     70516736      4407296
       17216         4096         109.725    141033472      8814592
       17216         8192         210.650    282066944     17629184
       17216        16384         439.817    564133888     35258368
       17216        32768         818.308   1128267776     70516736
       18880            1           1.100        37760         2360
       18880            2           1.192        75520         4720
       18880            4           0.550       151040         9440
       18880            8           5.775       302080        18880
       18880           16           0.825       604160        37760
       18880           32           1.008      1208320        75520
       18880           64           2.017      2416640       151040
       18880          128           3.575      4833280       302080
       18880          256           7.150      9666560       604160
       18880          512          14.208     19333120      1208320
       18880         1024          28.141     38666240      2416640
       18880         2048          55.000     77332480      4833280
       18880         4096         118.158    154664960      9666560
       18880         8192         214.225    309329920     19333120
       18880        16384         426.892    618659840     38666240
       18880        32768         858.275   1237319680     77332480
       20736            1           1.191        41472         2592
       20736            2          51.516        82944         5184
       20736            4          14.208       165888        10368
       20736            8          16.500       331776        20736
       20736           16          14.209       663552        41472
       20736           32          12.925      1327104        82944
       20736           64           2.292      2654208       165888
       20736          128           3.483      5308416       331776
       20736          256          12.650     10616832       663552
       20736          512          17.509     21233664      1327104
       20736         1024          29.700     42467328      2654208
       20736         2048          59.950     84934656      5308416
       20736         4096         117.975    169869312     10616832
       20736         8192         300.392    339738624     21233664
       20736        16384         482.900    679477248     42467328
       20736        32768        1022.817   1358954496     84934656
       22784            1          10.267        45568         2848
       22784            2           4.125        91136         5696
       22784            4           0.458       182272        11392
       22784            8           0.641       364544        22784
       22784           16           0.825       729088        45568
       22784           32           1.375      1458176        91136
       22784           64           2.383      2916352       182272
       22784          128          11.275      5832704       364544
       22784          256           8.617     11665408       729088
       22784          512          17.050     23330816      1458176
       22784         1024          33.825     46661632      2916352
       22784         2048          67.833     93323264      5832704
       22784         4096         135.117    186646528     11665408
       22784         8192         284.350    373293056     23330816
       22784        16384         563.475    746586112     46661632
       22784        32768        1013.375   1493172224     93323264
       25024            1          46.933        50048         3128
       25024            2           4.950       100096         6256
       25024            4           0.458       200192        12512
       25024            8           0.642       400384        25024
       25024           16           0.917       800768        50048
       25024           32           1.467      1601536       100096
       25024           64           2.750      3203072       200192
       25024          128           5.042      6406144       400384
       25024          256           9.992     12812288       800768
       25024          512          22.458     25624576      1601536
       25024         1024          46.841     51249152      3203072
       25024         2048          76.908    102498304      6406144
       25024         4096         150.975    204996608     12812288
       25024         8192         299.567    409993216     25624576
       25024        16384         601.150    819986432     51249152
       25024        32768        1150.417   1639972864    102498304
       27520            1          78.742        55040         3440
       27520            2           3.116       110080         6880
       27520            4           4.217       220160        13760
       27520            8           0.641       440320        27520
       27520           16           1.009       880640        55040
       27520           32           1.467      1761280       110080
       27520           64          13.017      3522560       220160
       27520          128           5.042      7045120       440320
       27520          256          10.542     14090240       880640
       27520          512          20.534     28180480      1761280
       27520         1024          41.158     56360960      3522560
       27520         2048          81.400    112721920      7045120
       27520         4096         160.967    225443840     14090240
       27520         8192         310.200    450887680     28180480
       27520        16384         627.367    901775360     56360960
       27520        32768        1184.884   1803550720    112721920
       30272            1          20.533        60544         3784
       30272            2           0.459       121088         7568
       30272            4           0.550       242176        15136
       30272            8           5.225       484352        30272
       30272           16           1.008       968704        60544
       30272           32           5.408      1937408       121088
       30272           64           3.025      3874816       242176
       30272          128          10.450      7749632       484352
       30272          256          11.183     15499264       968704
       30272          512          20.533     30998528      1937408
       30272         1024         107.984     61997056      3874816
       30272         2048          82.684    123994112      7749632
       30272         4096         156.567    247988224     15499264
       30272         8192         329.358    495976448     30998528
       30272        16384         745.341    991952896     61997056
       30272        32768        1239.608   1983905792    123994112
       33280            1          52.250        66560         4160
       33280            2           0.458       133120         8320
       33280            4           0.458       266240        16640
       33280            8           0.550       532480        33280
       33280           16           0.825      1064960        66560
       33280           32           1.467      2129920       133120
       33280           64           8.983      4259840       266240
       33280          128           5.591      8519680       532480
       33280          256          13.384     17039360      1064960
       33280          512          17.692     34078720      2129920
       33280         1024          43.450     68157440      4259840
       33280         2048          79.933    136314880      8519680
       33280         4096         159.683    272629760     17039360
       33280         8192         316.800    545259520     34078720
       33280        16384         684.475   1090519040     68157440
       36608            1           8.616        73216         4576
       36608            2           0.550       146432         9152
       36608            4           6.692       292864        18304
       36608            8           0.733       585728        36608
       36608           16           1.100      1171456        73216
       36608           32           2.017      2342912       146432
       36608           64           3.575      4685824       292864
       36608          128           6.783      9371648       585728
       36608          256          13.017     18743296      1171456
       36608          512          26.309     37486592      2342912
       36608         1024          51.792     74973184      4685824
       36608         2048         103.675    149946368      9371648
       36608         4096         216.792    299892736     18743296
       36608         8192         451.916    599785472     37486592
       36608        16384         867.350   1199570944     74973184
       40256            1          64.625        80512         5032
       40256            2           4.217       161024        10064
       40256            4           0.550       322048        20128
       40256            8           8.617       644096        40256
       40256           16           8.158      1288192        80512
       40256           32           1.558      2576384       161024
       40256           64           3.666      5152768       322048
       40256          128           7.517     10305536       644096
       40256          256          14.850     20611072      1288192
       40256          512          29.516     41222144      2576384
       40256         1024          59.217     82444288      5152768
       40256         2048         125.859    164888576     10305536
       40256         4096         274.358    329777152     20611072
       40256         8192         503.250    659554304     41222144
       40256        16384         974.691   1319108608     82444288
       44224            1          18.425        88448         5528
       44224            2           2.567       176896        11056
       44224            4           0.641       353792        22112
       44224            8           0.825       707584        44224
       44224           16           1.375      1415168        88448
       44224           32           5.867      2830336       176896
       44224           64           4.675      5660672       353792
       44224          128           8.984     11321344       707584
       44224          256          24.017     22642688      1415168
       44224          512          34.833     45285376      2830336
       44224         1024          63.708     90570752      5660672
       44224         2048         143.367    181141504     11321344
       44224         4096         279.492    362283008     22642688
       44224         8192         559.625    724566016     45285376
       44224        16384        1020.616   1449132032     90570752
       48640            1          11.000        97280         6080
       48640            2           5.500       194560        12160
       48640            4           0.641       389120        24320
       48640            8           0.917       778240        48640
       48640           16           1.558      1556480        97280
       48640           32           2.567      3112960       194560
       48640           64           4.584      6225920       389120
       48640          128           8.892     12451840       778240
       48640          256          21.725     24903680      1556480
       48640          512          34.925     49807360      3112960
       48640         1024          72.967     99614720      6225920
       48640         2048         142.908    199229440     12451840
       48640         4096         278.392    398458880     24903680
       48640         8192         550.642    796917760     49807360
       48640        16384        1105.134   1593835520     99614720
       53504            1          11.916       107008         6688
       53504            2           2.658       214016        13376
       53504            4           1.650       428032        26752
       53504            8           0.825       856064        53504
       53504           16           1.375      1712128       107008
       53504           32           2.475      3424256       214016
       53504           64           4.675      6848512       428032
       53504          128           9.350     13697024       856064
       53504          256          18.242     27394048      1712128
       53504          512          36.117     54788096      3424256
       53504         1024          72.050    109576192      6848512
       53504         2048         145.200    219152384     13697024
       53504         4096         289.483    438304768     27394048
       53504         8192         591.250    876609536     54788096
       53504        16384        1143.908   1753219072    109576192
       58816            1          66.550       117632         7352
       58816            2           0.641       235264        14704
       58816            4           0.641       470528        29408
       58816            8           1.100       941056        58816
       58816           16           1.650      1882112       117632
       58816           32           3.116      3764224       235264
       58816           64           5.866      7528448       470528
       58816          128          11.825     15056896       941056
       58816          256          23.008     30113792      1882112
       58816          512          51.242     60227584      3764224
       58816         1024          91.025    120455168      7528448
       58816         2048         179.208    240910336     15056896
       58816         4096         363.825    481820672     30113792
       58816         8192         680.167    963641344     60227584
       58816        16384        1335.950   1927282688    120455168
       64640            1          70.675       129280         8080
       64640            2           0.825       258560        16160
       64640            4           1.100       517120        32320
       64640            8           1.284      1034240        64640
       64640           16           4.858      2068480       129280
       64640           32          12.100      4136960       258560
       64640           64          12.833      8273920       517120
       64640          128          12.833     16547840      1034240
       64640          256          20.167     33095680      2068480
       64640          512          40.058     66191360      4136960
       64640         1024          83.142    132382720      8273920
       64640         2048         165.550    264765440     16547840
       64640         4096         317.442    529530880     33095680
       64640         8192         728.659   1059061760     66191360
       64640        16384        1418.175   2118123520    132382720
       71104            1          15.217       142208         8888
       71104            2           1.192       284416        17776
       71104            4           0.825       568832        35552
       71104            8           1.192      1137664        71104
       71104           16           1.925      2275328       142208
       71104           32           3.391      4550656       284416
       71104           64           6.508      9101312       568832
       71104          128          12.375     18202624      1137664
       71104          256          26.125     36405248      2275328
       71104          512          48.400     72810496      4550656
       71104         1024          96.800    145620992      9101312
       71104         2048         197.175    291241984     18202624
       71104         4096         441.100    582483968     36405248
       71104         8192         846.175   1164967936     72810496
       78208            1          68.108       156416         9776
       78208            2           1.192       312832        19552
       78208            4           0.825       625664        39104
       78208            8           1.375      1251328        78208
       78208           16           2.200      2502656       156416
       78208           32           4.034      5005312       312832
       78208           64           7.700     10010624       625664
       78208          128          15.033     20021248      1251328
       78208          256          29.517     40042496      2502656
       78208          512          58.391     80084992      5005312
       78208         1024         116.233    160169984     10010624
       78208         2048         231.825    320339968     20021248
       78208         4096         487.116    640679936     40042496
       78208         8192         917.583   1281359872     80084992
       86016            1          49.867       172032        10752
       86016            2           1.742       344064        21504
       86016            4           5.959       688128        43008
       86016            8           5.591      1376256        86016
       86016           16           2.750      2752512       172032
       86016           32          13.842      5505024       344064
       86016           64           9.900     11010048       688128
       86016          128          14.667     22020096      1376256
       86016          256          29.608     44040192      2752512
       86016          512          59.400     88080384      5505024
       86016         1024         119.900    176160768     11010048
       86016         2048         238.150    352321536     22020096
       86016         4096         480.884    704643072     44040192
       86016         8192         930.509   1409286144     88080384
       94592            1          32.450       189184        11824
       94592            2           0.550       378368        23648
       94592            4           0.917       756736        47296
       94592            8           1.650      1513472        94592
       94592           16           2.384      3026944       189184
       94592           32           4.492      6053888       378368
       94592           64           8.892     12107776       756736
       94592          128          17.417     24215552      1513472
       94592          256          34.284     48431104      3026944
       94592          512          68.200     96862208      6053888
       94592         1024         136.033    193724416     12107776
       94592         2048         290.400    387448832     24215552
       94592         4096         567.325    774897664     48431104
       94592         8192        1049.034   1549795328     96862208
      104000            1          49.133       208000        13000
      104000            2           0.825       416000        26000
      104000            4           5.133       832000        52000
      104000            8           1.925      1664000       104000
      104000           16           5.683      3328000       208000
      104000           32           8.984      6656000       416000
      104000           64          10.908     13312000       832000
      104000          128          21.358     26624000      1664000
      104000          256          43.266     53248000      3328000
      104000          512          86.075    106496000      6656000
      104000         1024         177.741    212992000     13312000
      104000         2048         340.908    425984000     26624000
      104000         4096         600.508    851968000     53248000
      104000         8192        1194.600   1703936000    106496000
      114368            1          26.675       228736        14296
      114368            2           1.650       457472        28592
      114368            4           1.467       914944        57184
      114368            8           1.833      1829888       114368
      114368           16           3.025      3659776       228736
      114368           32           5.592      7319552       457472
      114368           64           8.158     14639104       914944
      114368          128          20.625     29278208      1829888
      114368          256          41.984     58556416      3659776
      114368          512          81.400    117112832      7319552
      114368         1024         162.617    234225664     14639104
      114368         2048         321.016    468451328     29278208
      114368         4096         637.725    936902656     58556416
      114368         8192        1310.192   1873805312    117112832
      125760            1          44.458       251520        15720
      125760            2           1.008       503040        31440
      125760            4           1.008      1006080        62880
      125760            8           1.741      2012160       125760
      125760           16           3.300      4024320       251520
      125760           32           6.141      8048640       503040
      125760           64          16.042     16097280      1006080
      125760          128          24.200     32194560      2012160
      125760          256          51.058     64389120      4024320
      125760          512         105.050    128778240      8048640
      125760         1024         188.008    257556480     16097280
      125760         2048         391.783    515112960     32194560
      125760         4096         734.892   1030225920     64389120
      125760         8192        1462.267   2060451840    128778240
      138304            1          14.575       276608        17288
      138304            2           1.008       553216        34576
      138304            4           1.466      1106432        69152
      138304            8           2.383      2212864       138304
      138304           16           4.491      4425728       276608
      138304           32           8.250      8851456       553216
      138304           64          16.133     17702912      1106432
      138304          128          31.258     35405824      2212864
      138304          256          62.058     70811648      4425728
      138304          512         124.025    141623296      8851456
      138304         1024         249.242    283246592     17702912
      138304         2048         465.667    566493184     35405824
      138304         4096         919.600   1132986368     70811648
      152128            1          55.091       304256        19016
      152128            2           4.675       608512        38032
      152128            4           4.950      1217024        76064
      152128            8           2.658      2434048       152128
      152128           16           5.042      4868096       304256
      152128           32           9.441      9736192       608512
      152128           64          18.425     19472384      1217024
      152128          128          36.759     38944768      2434048
      152128          256          72.508     77889536      4868096
      152128          512         161.150    155779072      9736192
      152128         1024         312.216    311558144     19472384
      152128         2048         643.408    623116288     38944768
      152128         4096        1176.633   1246232576     77889536
      167296            1           2.017       334592        20912
      167296            2           1.466       669184        41824
      167296            4           7.333      1338368        83648
      167296            8           3.391      2676736       167296
      167296           16           5.959      5353472       334592
      167296           32          11.000     10706944       669184
      167296           64          22.550     21413888      1338368
      167296          128          42.350     42827776      2676736
      167296          256          84.241     85655552      5353472
      167296          512         204.234    171311104     10706944
      167296         1024         359.791    342622208     21413888
      167296         2048         746.258    685244416     42827776
      167296         4096        1328.616   1370488832     85655552
      184000            1          51.700       368000        23000
      184000            2           1.100       736000        46000
      184000            4           2.200      1472000        92000
      184000            8           3.667      2944000       184000
      184000           16           6.600      5888000       368000
      184000           32          13.016     11776000       736000
      184000           64          24.383     23552000      1472000
      184000          128          48.125     47104000      2944000
      184000          256          95.700     94208000      5888000
      184000          512         194.425    188416000     11776000
      184000         1024         358.600    376832000     23552000
      184000         2048         720.042    753664000     47104000
      184000         4096        1413.317   1507328000     94208000
      202368            1           2.384       404736        25296
      202368            2           1.467       809472        50592
      202368            4           2.109      1618944       101184
      202368            8           3.484      3237888       202368
      202368           16           6.142      6475776       404736
      202368           32          11.641     12951552       809472
      202368           64          22.734     25903104      1618944
      202368          128          44.366     51806208      3237888
      202368          256         113.209    103612416      6475776
      202368          512         223.300    207224832     12951552
      202368         1024         442.200    414449664     25903104
      202368         2048         817.484    828899328     51806208
      202368         4096        1529.275   1657798656    103612416
      222592            1          60.958       445184        27824
      222592            2           2.933       890368        55648
      222592            4           4.859      1780736       111296
      222592            8           4.216      3561472       222592
      222592           16           7.150      7122944       445184
      222592           32          13.934     14245888       890368
      222592           64          28.233     28491776      1780736
      222592          128          54.267     56983552      3561472
      222592          256         108.533    113967104      7122944
      222592          512         216.058    227934208     14245888
      222592         1024         438.441    455868416     28491776
      222592         2048         878.625    911736832     56983552
      222592         4096        1630.933   1823473664    113967104
      244800            1          62.517       489600        30600
      244800            2           4.675       979200        61200
      244800            4           2.383      1958400       122400
      244800            8           6.783      3916800       244800
      244800           16           8.891      7833600       489600
      244800           32          14.942     15667200       979200
      244800           64          29.058     31334400      1958400
      244800          128          57.475     62668800      3916800
      244800          256         113.575    125337600      7833600
      244800          512         239.158    250675200     15667200
      244800         1024         511.775    501350400     31334400
      244800         2048        1001.183   1002700800     62668800
      244800         4096        1934.808   2005401600    125337600
      269248            1          10.450       538496        33656
      269248            2           1.375      1076992        67312
      269248            4           2.841      2153984       134624
      269248            8           4.767      4307968       269248
      269248           16           8.891      8615936       538496
      269248           32          18.334     17231872      1076992
      269248           64          33.275     34463744      2153984
      269248          128          73.242     68927488      4307968
      269248          256         147.125    137854976      8615936
      269248          512         259.692    275709952     17231872
      269248         1024         540.834    551419904     34463744
      269248         2048        1007.142   1102839808     68927488
      296128            1          11.550       592256        37016
      296128            2           2.200      1184512        74032
      296128            4           8.983      2369024       148064
      296128            8           8.066      4738048       296128
      296128           16          10.175      9476096       592256
      296128           32          19.892     18952192      1184512
      296128           64          38.316     37904384      2369024
      296128          128          75.716     75808768      4738048
      296128          256         151.158    151617536      9476096
      296128          512         316.434    303235072     18952192
      296128         1024         608.208    606470144     37904384
      296128         2048        1155.000   1212940288     75808768
      325696            1          14.025       651392        40712
      325696            2           8.066      1302784        81424
      325696            4           5.683      2605568       162848
      325696            8           5.959      5211136       325696
      325696           16          10.908     10422272       651392
      325696           32          20.533     20844544      1302784
      325696           64          39.967     41689088      2605568
      325696          128          78.925     83378176      5211136
      325696          256         162.525    166756352     10422272
      325696          512         327.067    333512704     20844544
      325696         1024         737.917    667025408     41689088
      325696         2048        1331.825   1334050816     83378176
      358208            1          34.375       716416        44776
      358208            2           2.108      1432832        89552
      358208            4           3.666      2865664       179104
      358208            8           6.233      5731328       358208
      358208           16          11.458     11462656       716416
      358208           32          21.450     22925312      1432832
      358208           64          41.250     45850624      2865664
      358208          128          82.134     91701248      5731328
      358208          256         162.342    183402496     11462656
      358208          512         331.833    366804992     22925312
      358208         1024         682.825    733609984     45850624
      358208         2048        1386.458   1467219968     91701248
      393984            1          17.966       787968        49248
      393984            2           2.659      1575936        98496
      393984            4           4.767      3151872       196992
      393984            8           7.700      6303744       393984
      393984           16          14.667     12607488       787968
      393984           32          27.408     25214976      1575936
      393984           64          60.041     50429952      3151872
      393984          128         105.141    100859904      6303744
      393984          256         213.400    201719808     12607488
      393984          512         472.175    403439616     25214976
      393984         1024         773.758    806879232     50429952
      393984         2048        1566.308   1613758464    100859904
      433344            1          26.675       866688        54168
      433344            2           2.933      1733376       108336
      433344            4           4.584      3466752       216672
      433344            8           7.884      6933504       433344
      433344           16          15.033     13867008       866688
      433344           32          31.167     27734016      1733376
      433344           64          52.891     55468032      3466752
      433344          128         104.958    110936064      6933504
      433344          256         207.900    221872128     13867008
      433344          512         459.433    443744256     27734016
      433344         1024         838.291    887488512     55468032
      433344         2048        1619.842   1774977024    110936064
      476672            1          20.900       953344        59584
      476672            2           8.158      1906688       119168
      476672            4           5.225      3813376       238336
      476672            8          17.050      7626752       476672
      476672           16          15.950     15253504       953344
      476672           32          29.700     30507008      1906688
      476672           64          59.034     61014016      3813376
      476672          128         116.417    122028032      7626752
      476672          256         228.250    244056064     15253504
      476672          512         472.359    488112128     30507008
      476672         1024         923.633    976224256     61014016
      476672         2048        1800.242   1952448512    122028032
      524288            1          49.316      1048576        65536
      524288            2           4.950      2097152       131072
      524288            4           6.417      4194304       262144
      524288            8          10.542      8388608       524288
      524288           16          26.766     16777216      1048576
      524288           32          36.667     33554432      2097152
      524288           64          72.234     67108864      4194304
      524288          128         142.633    134217728      8388608
      524288          256         283.800    268435456     16777216
      524288          512         548.992    536870912     33554432
      524288         1024        1036.475   1073741824     67108864
      524288         2048        2038.575   2147483648    134217728
      576704            1           9.809      1153408        72088
      576704            2           3.758      2306816       144176
      576704            4          12.375      4613632       288352
      576704            8          11.367      9227264       576704
      576704           16          20.350     18454528      1153408
      576704           32          38.684     36909056      2306816
      576704           64         166.650     73818112      4613632
      576704          128         146.941    147636224      9227264
      576704          256         297.916    295272448     18454528
      576704          512         606.742    590544896     36909056
      576704         1024        1131.717   1181089792     73818112
      634368            1          28.600      1268736        79296
      634368            2           4.217      2537472       158592
      634368            4           7.425      5074944       317184
      634368            8          14.300     10149888       634368
      634368           16          21.817     20299776      1268736
      634368           32          48.308     40599552      2537472
      634368           64          87.816     81199104      5074944
      634368          128         163.167    162398208     10149888
      634368          256         306.900    324796416     20299776
      634368          512         613.342    649592832     40599552
      634368         1024        1239.333   1299185664     81199104
      697792            1          65.267      1395584        87224
      697792            2           4.767      2791168       174448
      697792            4           7.883      5582336       348896
      697792            8          17.050     11164672       697792
      697792           16          29.333     22329344      1395584
      697792           32          46.109     44658688      2791168
      697792           64          89.100     89317376      5582336
      697792          128         193.233    178634752     11164672
      697792          256         374.550    357269504     22329344
      697792          512         726.825    714539008     44658688
      697792         1024        1369.042   1429078016     89317376
      767552            1          28.233      1535104        95944
      767552            2           6.509      3070208       191888
      767552            4          10.908      6140416       383776
      767552            8          21.358     12280832       767552
      767552           16          33.366     24561664      1535104
      767552           32          55.366     49123328      3070208
      767552           64         108.167     98246656      6140416
      767552          128         213.217    196493312     12280832
      767552          256         428.359    392986624     24561664
      767552          512         819.133    785973248     49123328
      767552         1024        1512.225   1571946496     98246656
      844288            1          61.875      1688576       105536
      844288            2           6.784      3377152       211072
      844288            4           9.900      6754304       422144
      844288            8          19.892     13508608       844288
      844288           16          30.984     27017216      1688576
      844288           32          59.583     54034432      3377152
      844288           64         116.050    108068864      6754304
      844288          128         238.059    216137728     13508608
      844288          256         475.750    432275456     27017216
      844288          512         891.000    864550912     54034432
      844288         1024        1628.183   1729101824    108068864
      928704            1          24.750      1857408       116088
      928704            2           9.991      3714816       232176
      928704            4          13.659      7429632       464352
      928704            8          14.209     14859264       928704
      928704           16          34.375     29718528      1857408
      928704           32          50.325     59437056      3714816
      928704           64          98.817    118874112      7429632
      928704          128         198.550    237748224     14859264
      928704          256         438.167    475496448     29718528
      928704          512         914.559    950992896     59437056
      928704         1024        1653.575   1901985792    118874112
     1021568            1          12.558      2043136       127696
     1021568            2           6.691      4086272       255392
     1021568            4          10.541      8172544       510784
     1021568            8          16.958     16345088      1021568
     1021568           16          31.259     32690176      2043136
     1021568           32          78.100     65380352      4086272
     1021568           64         112.384    130760704      8172544
     1021568          128         222.200    261521408     16345088
     1021568          256         524.334    523042816     32690176
     1021568          512        1043.991   1046085632     65380352
     1021568         1024        1913.634   2092171264    130760704
     1123712            1          41.433      2247424       140464
     1123712            2          11.275      4494848       280928
     1123712            4          12.100      8989696       561856
     1123712            8          21.175     17979392      1123712
     1123712           16          43.083     35958784      2247424
     1123712           32          76.267     71917568      4494848
     1123712           64         159.408    143835136      8989696
     1123712          128         285.817    287670272     17979392
     1123712          256         601.334    575340544     35958784
     1123712          512        1177.916   1150681088     71917568
     1236032            1          74.983      2472064       154504
     1236032            2           8.708      4944128       309008
     1236032            4          18.609      9888256       618016
     1236032            8          22.917     19776512      1236032
     1236032           16          41.525     39553024      2472064
     1236032           32          79.750     79106048      4944128
     1236032           64         158.584    158212096      9888256
     1236032          128         323.584    316424192     19776512
     1236032          256         656.242    632848384     39553024
     1236032          512        1277.925   1265696768     79106048
     1359616            1          62.058      2719232       169952
     1359616            2           9.166      5438464       339904
     1359616            4          17.233     10876928       679808
     1359616            8          24.108     21753856      1359616
     1359616           16          44.183     43507712      2719232
     1359616           32          84.242     87015424      5438464
     1359616           64         165.917    174030848     10876928
     1359616          128         326.425    348061696     21753856
     1359616          256         651.016    696123392     43507712
     1359616          512        1331.733   1392246784     87015424
     1495552            1          59.950      2991104       186944
     1495552            2          10.084      5982208       373888
     1495552            4          15.308     11964416       747776
     1495552            8          26.216     23928832      1495552
     1495552           16          45.741     47857664      2991104
     1495552           32          98.267     95715328      5982208
     1495552           64         170.317    191430656     11964416
     1495552          128         340.267    382861312     23928832
     1495552          256         690.066    765722624     47857664
     1495552          512        1451.817   1531445248     95715328
     1645056            1          33.550      3290112       205632
     1645056            2          12.100      6580224       411264
     1645056            4          19.250     13160448       822528
     1645056            8          32.084     26320896      1645056
     1645056           16          61.967     52641792      3290112
     1645056           32         113.025    105283584      6580224
     1645056           64         226.142    210567168     13160448
     1645056          128         460.809    421134336     26320896
     1645056          256         842.416    842268672     52641792
     1645056          512        1664.942   1684537344    105283584
     1809536            1           7.334      3619072       226192
     1809536            2          13.567      7238144       452384
     1809536            4          20.625     14476288       904768
     1809536            8          34.650     28952576      1809536
     1809536           16          62.791     57905152      3619072
     1809536           32         119.900    115810304      7238144
     1809536           64         238.608    231620608     14476288
     1809536          128         498.758    463241216     28952576
     1809536          256         934.634    926482432     57905152
     1809536          512        1743.500   1852964864    115810304
     1990464            1          95.333      3980928       248808
     1990464            2          11.642      7961856       497616
     1990464            4          18.150     15923712       995232
     1990464            8          31.167     31847424      1990464
     1990464           16          63.984     63694848      3980928
     1990464           32         108.717    127389696      7961856
     1990464           64         231.000    254779392     15923712
     1990464          128         439.083    509558784     31847424
     1990464          256         977.809   1019117568     63694848
     1990464          512        1814.175   2038235136    127389696
     2189504            1          35.933      4379008       273688
     2189504            2          20.075      8758016       547376
     2189504            4          29.975     17516032      1094752
     2189504            8          52.708     35032064      2189504
     2189504           16          80.850     70064128      4379008
     2189504           32         154.825    140128256      8758016
     2189504           64         301.950    280256512     17516032
     2189504          128         540.192    560513024     35032064
     2189504          256        1123.008   1121026048     70064128
     2408448            1          18.516      4816896       301056
     2408448            2          18.792      9633792       602112
     2408448            4          25.025     19267584      1204224
     2408448            8          41.708     38535168      2408448
     2408448           16          74.892     77070336      4816896
     2408448           32         158.400    154140672      9633792
     2408448           64         306.533    308281344     19267584
     2408448          128         608.941    616562688     38535168
     2408448          256        1179.750   1233125376     77070336
     2649280            1          72.417      5298560       331160
     2649280            2          22.092     10597120       662320
     2649280            4          33.366     21194240      1324640
     2649280            8          57.017     42388480      2649280
     2649280           16         104.592     84776960      5298560
     2649280           32         219.175    169553920     10597120
     2649280           64         414.791    339107840     21194240
     2649280          128         727.466    678215680     42388480
     2649280          256        1361.433   1356431360     84776960
     2914176            1          88.091      5828352       364272
     2914176            2          26.584     11656704       728544
     2914176            4          34.558     23313408      1457088
     2914176            8          58.116     46626816      2914176
     2914176           16         106.517     93253632      5828352
     2914176           32         202.491    186507264     11656704
     2914176           64         397.375    373014528     23313408
     2914176          128         727.191    746029056     46626816
     2914176          256        1432.750   1492058112     93253632
     3205568            1          15.950      6411136       400696
     3205568            2          25.666     12822272       801392
     3205568            4          42.259     25644544      1602784
     3205568            8          63.983     51289088      3205568
     3205568           16         115.133    102578176      6411136
     3205568           32         218.808    205156352     12822272
     3205568           64         427.258    410312704     25644544
     3205568          128         810.883    820625408     51289088
     3205568          256        1581.800   1641250816    102578176
     3526080            1         126.592      7052160       440760
     3526080            2          25.117     14104320       881520
     3526080            4          38.592     28208640      1763040
     3526080            8          64.442     56417280      3526080
     3526080           16         119.258    112834560      7052160
     3526080           32         252.175    225669120     14104320
     3526080           64         448.800    451338240     28208640
     3526080          128         936.466    902676480     56417280
     3526080          256        1746.250   1805352960    112834560
     3878656            1         127.325      7757312       484832
     3878656            2          45.558     15514624       969664
     3878656            4          48.216     31029248      1939328
     3878656            8          81.125     62058496      3878656
     3878656           16         150.700    124116992      7757312
     3878656           32         303.692    248233984     15514624
     3878656           64         573.100    496467968     31029248
     3878656          128         966.625    992935936     62058496
     3878656          256        1930.133   1985871872    124116992
     4266496            1          42.625      8532992       533312
     4266496            2          41.984     17065984      1066624
     4266496            4          51.058     34131968      2133248
     4266496            8          92.033     68263936      4266496
     4266496           16         163.900    136527872      8532992
     4266496           32         322.392    273055744     17065984
     4266496           64         597.850    546111488     34131968
     4266496          128        1113.933   1092222976     68263936
     4693120            1         118.158      9386240       586640
     4693120            2          43.267     18772480      1173280
     4693120            4          57.109     37544960      2346560
     4693120            8          97.442     75089920      4693120
     4693120           16         179.025    150179840      9386240
     4693120           32         399.850    300359680     18772480
     4693120           64         671.367    600719360     37544960
     4693120          128        1168.017   1201438720     75089920
     5162432            1         163.441     10324864       645304
     5162432            2          61.783     20649728      1290608
     5162432            4          66.275     41299456      2581216
     5162432            8         116.600     82598912      5162432
     5162432           16         183.334    165197824     10324864
     5162432           32         348.883    330395648     20649728
     5162432           64         705.284    660791296     41299456
     5162432          128        1346.767   1321582592     82598912
     5678656            1          50.692     11357312       709832
     5678656            2          57.017     22714624      1419664
     5678656            4          75.075     45429248      2839328
     5678656            8         128.150     90858496      5678656
     5678656           16         234.942    181716992     11357312
     5678656           32         473.000    363433984     22714624
     5678656           64         799.975    726867968     45429248
     5678656          128        1339.800   1453735936     90858496
     6246464            1          45.375     12492928       780808
     6246464            2          47.666     24985856      1561616
     6246464            4          63.342     49971712      3123232
     6246464            8         109.816     99943424      6246464
     6246464           16         201.025    199886848     12492928
     6246464           32         402.692    399773696     24985856
     6246464           64         890.451    799547392     49971712
     6246464          128        1578.683   1599094784     99943424
     6871104            1          58.758     13742208       858888
     6871104            2          71.133     27484416      1717776
     6871104            4          89.191     54968832      3435552
     6871104            8         147.492    109937664      6871104
     6871104           16         259.508    219875328     13742208
     6871104           32         496.284    439750656     27484416
     6871104           64         949.391    879501312     54968832
     6871104          128        1657.058   1759002624    109937664
     7558208            1         205.425     15116416       944776
     7558208            2         134.842     30232832      1889552
     7558208            4          99.734     60465664      3779104
     7558208            8         160.967    120931328      7558208
     7558208           16         283.709    241862656     15116416
     7558208           32         542.942    483725312     30232832
     7558208           64        1033.267    967450624     60465664
     7558208          128        2012.175   1934901248    120931328
     8313984            1          92.492     16627968      1039248
     8313984            2         111.925     33255936      2078496
     8313984            4         121.275     66511872      4156992
     8313984            8         166.467    133023744      8313984
     8313984           16         299.017    266047488     16627968
     8313984           32         566.225    532094976     33255936
     8313984           64        1088.817   1064189952     66511872
     8313984          128        1919.042   2128379904    133023744
     9145344            1         158.950     18290688      1143168
     9145344            2         106.884     36581376      2286336
     9145344            4         108.167     73162752      4572672
     9145344            8         177.650    146325504      9145344
     9145344           16         331.650    292651008     18290688
     9145344           32         627.000    585302016     36581376
     9145344           64        1194.692   1170604032     73162752
    10059840            1         127.050     20119680      1257480
    10059840            2         149.509     40239360      2514960
    10059840            4         126.684     80478720      5029920
    10059840            8         211.200    160957440     10059840
    10059840           16         381.700    321914880     20119680
    10059840           32         708.033    643829760     40239360
    10059840           64        1289.384   1287659520     80478720
    11065792            1         291.683     22131584      1383224
    11065792            2         254.009     44263168      2766448
    11065792            4         173.159     88526336      5532896
    11065792            8         218.350    177052672     11065792
    11065792           16         392.517    354105344     22131584
    11065792           32         750.108    708210688     44263168
    11065792           64        1329.350   1416421376     88526336
    12172352            1         223.942     24344704      1521544
    12172352            2         285.450     48689408      3043088
    12172352            4         206.616     97378816      6086176
    12172352            8         265.008    194757632     12172352
    12172352           16         458.608    389515264     24344704
    12172352           32         890.175    779030528     48689408
    12172352           64        1499.117   1558061056     97378816
    13389568            1         220.000     26779136      1673696
    13389568            2         289.575     53558272      3347392
    13389568            4         201.116    107116544      6694784
    13389568            8         276.009    214233088     13389568
    13389568           16         523.967    428466176     26779136
    13389568           32        1021.625    856932352     53558272
    13389568           64        1644.225   1713864704    107116544
    14728512            1         161.333     29457024      1841064
    14728512            2         263.725     58914048      3682128
    14728512            4         202.584    117828096      7364256
    14728512            8         292.784    235656192     14728512
    14728512           16         515.259    471312384     29457024
    14728512           32         989.358    942624768     58914048
    14728512           64        1783.191   1885249536    117828096
    16201344            1         161.241     32402688      2025168
    16201344            2         355.941     64805376      4050336
    16201344            4         245.575    129610752      8100672
    16201344            8         338.525    259221504     16201344
    16201344           16         603.992    518443008     32402688
    16201344           32        1114.667   1036886016     64805376
    16201344           64        1880.634   2073772032    129610752
    17821440            1         187.734     35642880      2227680
    17821440            2         168.758     71285760      4455360
    17821440            4         228.250    142571520      8910720
    17821440            8         390.867    285143040     17821440
    17821440           16         683.833    570286080     35642880
    17821440           32        1081.942   1140572160     71285760
    19603584            1         403.059     39207168      2450448
    19603584            2         689.700     78414336      4900896
    19603584            4         546.425    156828672      9801792
    19603584            8         481.984    313657344     19603584
    19603584           16         746.350    627314688     39207168
    19603584           32        1363.084   1254629376     78414336
    21563904            1         272.067     43127808      2695488
    21563904            2         248.050     86255616      5390976
    21563904            4         276.833    172511232     10781952
    21563904            8         462.458    345022464     21563904
    21563904           16         837.192    690044928     43127808
    21563904           32        1367.575   1380089856     86255616
    23720256            1         540.558     47440512      2965032
    23720256            2         832.883     94881024      5930064
    23720256            4         732.325    189762048     11860128
    23720256            8         671.092    379524096     23720256
    23720256           16         952.692    759048192     47440512
    23720256           32        1559.525   1518096384     94881024
    26092224            1         615.908     52184448      3261528
    26092224            2         950.217    104368896      6523056
    26092224            4         923.634    208737792     13046112
    26092224            8         633.233    417475584     26092224
    26092224           16         969.467    834951168     52184448
    26092224           32        1676.308   1669902336    104368896
    28701440            1         436.242     57402880      3587680
    28701440            2         795.483    114805760      7175360
    28701440            4         739.842    229611520     14350720
    28701440            8         750.475    459223040     28701440
    28701440           16        1115.033    918446080     57402880
    28701440           32        1903.183   1836892160    114805760
    31571584            1         931.150     63143168      3946448
    31571584            2        1267.108    126286336      7892896
    31571584            4        1169.667    252572672     15785792
    31571584            8         987.800    505145344     31571584
    31571584           16        1218.800   1010290688     63143168
    31571584           32        2119.059   2020581376    126286336
    34728704            1         825.733     69457408      4341088
    34728704            2        1254.917    138914816      8682176
    34728704            4        1069.750    277829632     17364352
    34728704            8         938.116    555659264     34728704
    34728704           16        1405.708   1111318528     69457408
    38201536            1        1183.783     76403072      4775192
    38201536            2        1535.509    152806144      9550384
    38201536            4        1496.825    305612288     19100768
    38201536            8        1136.484    611224576     38201536
    38201536           16        1483.900   1222449152     76403072
    42021632            1        1167.833     84043264      5252704
    42021632            2        1835.075    168086528     10505408
    42021632            4        1862.942    336173056     21010816
    42021632            8        1640.192    672346112     42021632
    42021632           16        1714.717   1344692224     84043264
    46223744            1        1114.850     92447488      5777968
    46223744            2        1852.950    184894976     11555936
    46223744            4        1901.075    369789952     23111872
    46223744            8        1624.242    739579904     46223744
    46223744           16        1924.266   1479159808     92447488
    50846080            1        1378.484    101692160      6355760
    50846080            2        2237.675    203384320     12711520
    50846080            4        2465.558    406768640     25423040
    50846080            8        1499.392    813537280     50846080
    50846080           16        1725.258   1627074560    101692160
    55930688            1        1700.234    111861376      6991336
    55930688            2        2348.133    223722752     13982672
    55930688            4        1797.767    447445504     27965344
    55930688            8        1257.942    894891008     55930688
    55930688           16        1814.450   1789782016    111861376
    61523712            1        1918.767    123047424      7690464
    61523712            2        3104.292    246094848     15380928
    61523712            4        3433.375    492189696     30761856
    61523712            8        2086.700    984379392     61523712
    61523712           16        2335.483   1968758784    123047424
    67676032            1        2000.808    135352064      8459504
    67676032            2        3031.051    270704128     16919008
    67676032            4        2822.783    541408256     33838016
    67676032            8        1479.408   1082816512     67676032
    74443584            1        2490.033    148887168      9305448
    74443584            2        3789.958    297774336     18610896
    74443584            4        3060.567    595548672     37221792
    74443584            8        1558.975   1191097344     74443584
    81887936            1        2817.100    163775872     10235992
    81887936            2        3775.017    327551744     20471984
    81887936            4        1583.817    655103488     40943968
    81887936            8        1674.566   1310206976     81887936
    90076672            1        2966.975    180153344     11259584
    90076672            2        3634.766    360306688     22519168
    90076672            4        1578.500    720613376     45038336
    90076672            8        2106.684   1441226752     90076672
    99084288            1        3289.917    198168576     12385536
    99084288            2        4188.250    396337152     24771072
    99084288            4        2454.283    792674304     49542144
    99084288            8        3336.575   1585348608     99084288
   108992704            1        3497.541    217985408     13624088
   108992704            2        4825.425    435970816     27248176
   108992704            4        3364.808    871941632     54496352
   108992704            8        4469.759   1743883264    108992704
   119891968            1        3950.742    239783936     14986496
   119891968            2        5487.167    479567872     29972992
   119891968            4        5492.483    959135744     59945984
   119891968            8        6605.042   1918271488    119891968
   131881152            1        4209.517    263762304     16485144
   131881152            2        6297.225    527524608     32970288
   131881152            4        6378.351   1055049216     65940576
   131881152            8        8322.050   2110098432    131881152
   145069248            1        4664.458    290138496     18133656
   145069248            2        7134.509    580276992     36267312
   145069248            4        8111.217   1160553984     72534624
   159576128            1        5241.225    319152256     19947016
   159576128            2        7633.267    638304512     39894032
   159576128            4        7921.284   1276609024     79788064
   175533696            1        5727.884    351067392     21941712
   175533696            2        8838.133    702134784     43883424
   175533696            4       10079.208   1404269568     87766848
   193087040            1        5302.367    386174080     24135880
   193087040            2        9274.284    772348160     48271760
   193087040            4       11547.892   1544696320     96543520
   212395712            1        6607.975    424791424     26549464
   212395712            2       10959.117    849582848     53098928
   212395712            4       14032.517   1699165696    106197856
   233635264            1        7601.550    467270528     29204408
   233635264            2       12005.492    934541056     58408816
   233635264            4       15804.342   1869082112    116817632
   256998784            1        8424.808    513997568     32124848
   256998784            2       13295.334   1027995136     64249696
   256998784            4       18339.017   2055990272    128499392
   282698624            1        9032.375    565397248     35337328
   282698624            2       14652.459   1130794496     70674656
   310968448            1       10231.009    621936896     38871056
   310968448            2       17002.150   1243873792     77742112
   342065280            1       11091.942    684130560     42758160
   342065280            2       18986.917   1368261120     85516320
   376271808            1       12604.442    752543616     47033976
   376271808            2       22525.892   1505087232     94067952
   413898944            1       13010.158    827797888     51737368
   413898944            2       24431.459   1655595776    103474736
   455288832            1       14191.925    910577664     56911104
   455288832            2       27707.259   1821155328    113822208
   500817664            1       16609.909   1001635328     62602208
   500817664            2       31377.317   2003270656    125204416
   550899392            1       17119.209   1101798784     68862424
   605989312            1       19095.451   1211978624     75748664
   666588224            1       22408.834   1333176448     83323528
   733247040            1       24792.259   1466494080     91655880
   806571712            1       27198.142   1613143424    100821464
   887228864            1       29966.476   1774457728    110903608
   975951744            1       32620.593   1951903488    121993968
  1073546880            1       36291.292   2147093760    134193360

META_DATA
FLOPS          1
OPENMP_THREADS 8
ERT_VERSION  1.1.0
HOSTNAME  ('DESKTOP-1DMF7BU.localdomain', ['DESKTOP-1DMF7BU'], ['127.0.1.1'])
UNAME  uname_result(system='Linux', node='DESKTOP-1DMF7BU', release='6.6.87.2-microsoft-standard-WSL2', version='#1 SMP PREEMPT_DYNAMIC Thu Jun  5 18:30:46 UTC 2025', machine='x86_64')
TIMESTAMP_DATA  1765959372.4547298
CONFIG  {'ERT_MPI': ['False'], 'ERT_OPENMP': ['True'], 'ERT_OPENMP_CFLAGS': ['-fopenmp'], 'ERT_OPENMP_LDFLAGS': ['-fopenmp'], 'ERT_PRECISION': ['FP64'], 'ERT_TRIALS_MIN': ['1'], 'ERT_TRIALS': ['3', '#', 'Run', 'each', 'test', '3', 'times', 'to', 'filter', 'out', 'background', 'noise'], 'ERT_RESULTS': ['Results/7800X3D'], 'ERT_GNUPLOT': ['gnuplot'], 'ERT_DRIVER': ['driver1'], 'ERT_KERNEL': ['kernel1'], 'ERT_CC': ['g++'], 'ERT_LD': ['g++'], 'ERT_CFLAGS': ['-O3', '-march=native', '-fopenmp', '-fstrict-aliasing', '-funroll-loops', '-Wno-all'], 'ERT_LDFLAGS': ['-O3', '-march=native', '-fopenmp'], 'ERT_LDLIBS': ['-lm'], 'ERT_RUN': ['export', 'OMP_NUM_THREADS=ERT_OPENMP_THREADS;', './ERT_CODE'], 'ERT_WORKING_SET_MIN': ['128'], 'ERT_MEMORY_MAX': ['1073741824'], 'ERT_ALIGN': ['64'], 'ERT_MIN_PROCS': ['1'], 'ERT_MAX_PROCS': ['1'], 'ERT_OPENMP_THREADS': ['1,2,4,8,16', '#', 'Logical', 'Threads'], 'ERT_NUM_EXPERIMENTS': ['5'], 'ERT_FLOPS': ['1,2,4,8,16', '#', '16', 'for', 'AVX-51'], 'ERT_GPU': [False], 'ERT_HIP': [False], 'ERT_OCL': [False], 'ERT_SYCL': [False], 'ERT_WSS_MULT': [1.1]}
