fp64
       16384            1         181.500        32768         2048
       16384            2          49.225        65536         4096
       16384            4          75.900       131072         8192
       16384            8          86.625       262144        16384
       16384           16          50.234       524288        32768
       16384           32          47.942      1048576        65536
       16384           64          53.991      2097152       131072
       16384          128          58.025      4194304       262144
       16384          256          68.750      8388608       524288
       16384          512          72.783     16777216      1048576
       16384         1024          93.500     33554432      2097152
       16384         2048         105.508     67108864      4194304
       16384         4096         180.033    134217728      8388608
       16384         8192         262.900    268435456     16777216
       16384        16384         463.375    536870912     33554432
       16384        32768         960.392   1073741824     67108864
       16384        65536        1819.950   2147483648    134217728
       17920            1          83.967        35840         2240
       17920            2          40.516        71680         4480
       17920            4          40.333       143360         8960
       17920            8          40.516       286720        17920
       17920           16          40.517       573440        35840
       17920           32          41.159      1146880        71680
       17920           64          47.208      2293760       143360
       17920          128          46.383      4587520       286720
       17920          256          42.259      9175040       573440
       17920          512          47.942     18350080      1146880
       17920         1024          60.133     36700160      2293760
       17920         2048          92.125     73400320      4587520
       17920         4096         116.416    146800640      9175040
       17920         8192         201.850    293601280     18350080
       17920        16384         403.608    587202560     36700160
       17920        32768        5522.275   1174405120     73400320
       19712            1         135.117        39424         2464
       19712            2          40.425        78848         4928
       19712            4          40.700       157696         9856
       19712            8          46.200       315392        19712
       19712           16          35.566       630784        39424
       19712           32          40.150      1261568        78848
       19712           64          41.984      2523136       157696
       19712          128          90.750      5046272       315392
       19712          256          44.550     10092544       630784
       19712          512          55.550     20185088      1261568
       19712         1024          69.667     40370176      2523136
       19712         2048          69.117     80740352      5046272
       19712         4096         157.300    161480704     10092544
       19712         8192         253.184    322961408     20185088
       19712        16384         477.400    645922816     40370176
       19712        32768         941.325   1291845632     80740352
       21632            1          24.109        43264         2704
       21632            2           0.366        86528         5408
       21632            4           0.275       173056        10816
       21632            8           6.050       346112        21632
       21632           16           6.875       692224        43264
       21632           32           1.008      1384448        86528
       21632           64           0.917      2768896       173056
       21632          128           2.017      5537792       346112
       21632          256           8.617     11075584       692224
       21632          512          11.733     22151168      1384448
       21632         1024          15.400     44302336      2768896
       21632         2048          35.658     88604672      5537792
       21632         4096          86.259    177209344     11075584
       21632         8192         137.133    354418688     22151168
       21632        16384         288.017    708837376     44302336
       21632        32768         518.834   1417674752     88604672
       23680            1           3.208        47360         2960
       23680            2           8.341        94720         5920
       23680            4           0.458       189440        11840
       23680            8           0.366       378880        23680
       23680           16           0.733       757760        47360
       23680           32           0.734      1515520        94720
       23680           64           1.650      3031040       189440
       23680          128           2.475      6062080       378880
       23680          256           4.767     12124160       757760
       23680          512           9.350     24248320      1515520
       23680         1024          18.700     48496640      3031040
       23680         2048          37.400     96993280      6062080
       23680         4096          74.616    193986560     12124160
       23680         8192         156.200    387973120     24248320
       23680        16384         316.341    775946240     48496640
       23680        32768         597.759   1551892480     96993280
       25984            1          26.400        51968         3248
       25984            2          21.725       103936         6496
       25984            4          21.175       207872        12992
       25984            8          21.450       415744        25984
       25984           16          20.442       831488        51968
       25984           32          25.483      1662976       103936
       25984           64          43.817      3325952       207872
       25984          128          54.725      6651904       415744
       25984          256          15.400     13303808       831488
       25984          512          14.942     26607616      1662976
       25984         1024          21.450     53215232      3325952
       25984         2048          44.275    106430464      6651904
       25984         4096          92.308    212860928     13303808
       25984         8192         250.892    425721856     26607616
       25984        16384         299.566    851443712     53215232
       25984        32768         603.900   1702887424    106430464
       28544            1           4.033        57088         3568
       28544            2           6.325       114176         7136
       28544            4           3.575       228352        14272
       28544            8           0.825       456704        28544
       28544           16           0.733       913408        57088
       28544           32           0.825      1826816       114176
       28544           64           1.925      3653632       228352
       28544          128           3.300      7307264       456704
       28544          256           6.600     14614528       913408
       28544          512          16.408     29229056      1826816
       28544         1024          22.917     58458112      3653632
       28544         2048          41.709    116916224      7307264
       28544         4096          86.258    233832448     14614528
       28544         8192         173.158    467664896     29229056
       28544        16384         361.808    935329792     58458112
       28544        32768         684.475   1870659584    116916224
       31360            1           1.100        62720         3920
       31360            2           3.942       125440         7840
       31360            4           0.550       250880        15680
       31360            8           0.458       501760        31360
       31360           16           0.733      1003520        62720
       31360           32           0.916      2007040       125440
       31360           64           8.891      4014080       250880
       31360          128           7.791      8028160       501760
       31360          256           6.050     16056320      1003520
       31360          512          12.283     32112640      2007040
       31360         1024          49.866     64225280      4014080
       31360         2048          47.484    128450560      8028160
       31360         4096          94.875    256901120     16056320
       31360         8192         190.025    513802240     32112640
       31360        16384         399.025   1027604480     64225280
       31360        32768         720.592   2055208960    128450560
       34432            1           3.942        68864         4304
       34432            2           4.950       137728         8608
       34432            4           0.733       275456        17216
       34432            8           0.458       550912        34432
       34432           16           0.642      1101824        68864
       34432           32           1.192      2203648       137728
       34432           64           1.834      4407296       275456
       34432          128           3.208      8814592       550912
       34432          256           6.508     17629184      1101824
       34432          512          12.833     35258368      2203648
       34432         1024          25.300     70516736      4407296
       34432         2048          51.150    141033472      8814592
       34432         4096         104.225    282066944     17629184
       34432         8192         236.041    564133888     35258368
       34432        16384         415.250   1128267776     70516736
       37760            1           0.733        75520         4720
       37760            2           2.200       151040         9440
       37760            4           0.917       302080        18880
       37760            8           0.550       604160        37760
       37760           16           0.642      1208320        75520
       37760           32           1.192      2416640       151040
       37760           64           1.925      4833280       302080
       37760          128           3.483      9666560       604160
       37760          256           7.150     19333120      1208320
       37760          512          13.475     38666240      2416640
       37760         1024          29.700     77332480      4833280
       37760         2048          56.925    154664960      9666560
       37760         4096         111.192    309329920     19333120
       37760         8192         240.350    618659840     38666240
       37760        16384         436.334   1237319680     77332480
       41472            1           9.350        82944         5184
       41472            2           0.367       165888        10368
       41472            4           0.367       331776        20736
       41472            8           0.550       663552        41472
       41472           16           0.641      1327104        82944
       41472           32           1.100      2654208       165888
       41472           64           2.017      5308416       331776
       41472          128           3.575     10616832       663552
       41472          256           6.967     21233664      1327104
       41472          512          13.475     42467328      2654208
       41472         1024          26.675     84934656      5308416
       41472         2048          63.708    169869312     10616832
       41472         4096         168.392    339738624     21233664
       41472         8192         240.442    679477248     42467328
       41472        16384         508.933   1358954496     84934656
       45568            1           1.467        91136         5696
       45568            2           6.417       182272        11392
       45568            4           3.392       364544        22784
       45568            8           2.384       729088        45568
       45568           16           5.134      1458176        91136
       45568           32           6.325      2916352       182272
       45568           64          12.650      5832704       364544
       45568          128           9.258     11665408       729088
       45568          256          13.016     23330816      1458176
       45568          512          18.700     46661632      2916352
       45568         1024          32.083     93323264      5832704
       45568         2048          64.441    186646528     11665408
       45568         4096         140.800    373293056     23330816
       45568         8192         261.067    746586112     46661632
       45568        16384         565.950   1493172224     93323264
       50048            1           8.892       100096         6256
       50048            2           0.550       200192        12512
       50048            4           0.367       400384        25024
       50048            8           0.734       800768        50048
       50048           16           0.917      1601536       100096
       50048           32           1.467      3203072       200192
       50048           64           2.475      6406144       400384
       50048          128           5.225     12812288       800768
       50048          256           9.808     25624576      1601536
       50048          512          19.892     51249152      3203072
       50048         1024          39.600    102498304      6406144
       50048         2048          79.200    204996608     12812288
       50048         4096         182.417    409993216     25624576
       50048         8192         358.967    819986432     51249152
       50048        16384         648.267   1639972864    102498304
       55040            1          31.900       110080         6880
       55040            2          15.216       220160        13760
       55040            4          24.017       440320        27520
       55040            8          34.191       880640        55040
       55040           16           0.917      1761280       110080
       55040           32           1.375      3522560       220160
       55040           64           2.841      7045120       440320
       55040          128           5.500     14090240       880640
       55040          256          10.541     28180480      1761280
       55040          512          21.450     56360960      3522560
       55040         1024          48.308    112721920      7045120
       55040         2048          83.141    225443840     14090240
       55040         4096         165.458    450887680     28180480
       55040         8192         332.108    901775360     56360960
       55040        16384         667.609   1803550720    112721920
       60544            1           8.709       121088         7568
       60544            2           2.475       242176        15136
       60544            4           0.641       484352        30272
       60544            8           7.608       968704        60544
       60544           16           7.700      1937408       121088
       60544           32           2.017      3874816       242176
       60544           64          10.633      7749632       484352
       60544          128           7.058     15499264       968704
       60544          256          11.459     30998528      1937408
       60544          512          22.458     61997056      3874816
       60544         1024          43.083    123994112      7749632
       60544         2048          98.816    247988224     15499264
       60544         4096         210.558    495976448     30998528
       60544         8192         404.983    991952896     61997056
       60544        16384         686.491   1983905792    123994112
       66560            1           6.141       133120         8320
       66560            2           1.375       266240        16640
       66560            4           0.642       532480        33280
       66560            8           8.525      1064960        66560
       66560           16          10.358      2129920       133120
       66560           32           2.109      4259840       266240
       66560           64           2.933      8519680       532480
       66560          128          26.675     17039360      1064960
       66560          256           8.067     34078720      2129920
       66560          512         103.675     68157440      4259840
       66560         1024         119.441    136314880      8519680
       66560         2048         162.983    272629760     17039360
       66560         4096         117.608    545259520     34078720
       66560         8192         591.525   1090519040     68157440
       73216            1          47.208       146432         9152
       73216            2           0.642       292864        18304
       73216            4           6.050       585728        36608
       73216            8           0.641      1171456        73216
       73216           16           1.009      2342912       146432
       73216           32           2.108      4685824       292864
       73216           64           7.241      9371648       585728
       73216          128          11.275     18743296      1171456
       73216          256          20.350     37486592      2342912
       73216          512          35.108     74973184      4685824
       73216         1024          60.592    149946368      9371648
       73216         2048         114.675    299892736     18743296
       73216         4096         222.200    599785472     37486592
       73216         8192         418.734   1199570944     74973184
       80512            1           2.383       161024        10064
       80512            2           9.533       322048        20128
       80512            4           4.125       644096        40256
       80512            8           0.917      1288192        80512
       80512           16           1.008      2576384       161024
       80512           32           2.108      5152768       322048
       80512           64           3.941     10305536       644096
       80512          128          12.283     20611072      1288192
       80512          256          14.941     41222144      2576384
       80512          512          32.359     82444288      5152768
       80512         1024          59.400    164888576     10305536
       80512         2048         117.791    329777152     20611072
       80512         4096         235.308    659554304     41222144
       80512         8192         441.559   1319108608     82444288
       88448            1           3.667       176896        11056
       88448            2           5.775       353792        22112
       88448            4           1.100       707584        44224
       88448            8           0.733      1415168        88448
       88448           16           1.375      2830336       176896
       88448           32           2.383      5660672       353792
       88448           64           4.400     11321344       707584
       88448          128           8.433     22642688      1415168
       88448          256          16.409     45285376      2830336
       88448          512          32.817     90570752      5660672
       88448         1024          64.900    181141504     11321344
       88448         2048         130.350    362283008     22642688
       88448         4096         278.850    724566016     45285376
       88448         8192         516.541   1449132032     90570752
       97280            1           7.700       194560        12160
       97280            2           6.141       389120        24320
       97280            4           4.859       778240        48640
       97280            8           1.009      1556480        97280
       97280           16           1.284      3112960       194560
       97280           32           2.475      6225920       389120
       97280           64           4.583     12451840       778240
       97280          128          13.842     24903680      1556480
       97280          256          18.609     49807360      3112960
       97280          512          43.542     99614720      6225920
       97280         1024         111.008    199229440     12451840
       97280         2048         139.425    398458880     24903680
       97280         4096         310.750    796917760     49807360
       97280         8192         545.234   1593835520     99614720
      107008            1          40.058       214016        13376
      107008            2           3.391       428032        26752
      107008            4           4.675       856064        53504
      107008            8           0.916      1712128       107008
      107008           16           1.559      3424256       214016
      107008           32           2.659      6848512       428032
      107008           64          10.725     13697024       856064
      107008          128          12.833     27394048      1712128
      107008          256          22.092     54788096      3424256
      107008          512          41.708    109576192      6848512
      107008         1024          77.092    219152384     13697024
      107008         2048         173.983    438304768     27394048
      107008         4096         304.242    876609536     54788096
      107008         8192         623.792   1753219072    109576192
      117632            1          33.825       235264        14704
      117632            2           0.550       470528        29408
      117632            4           2.658       941056        58816
      117632            8           1.008      1882112       117632
      117632           16           1.650      3764224       235264
      117632           32           2.933      7528448       470528
      117632           64           5.317     15056896       941056
      117632          128          10.450     30113792      1882112
      117632          256          20.258     60227584      3764224
      117632          512          41.067    120455168      7528448
      117632         1024          79.200    240910336     15056896
      117632         2048         162.617    481820672     30113792
      117632         4096         333.942    963641344     60227584
      117632         8192         674.666   1927282688    120455168
      129280            1           2.109       258560        16160
      129280            2           7.517       517120        32320
      129280            4           7.883      1034240        64640
      129280            8           1.375      2068480       129280
      129280           16           1.833      4136960       258560
      129280           32           9.075      8273920       517120
      129280           64           6.234     16547840      1034240
      129280          128          12.192     33095680      2068480
      129280          256          23.375     66191360      4136960
      129280          512          46.659    132382720      8273920
      129280         1024          92.309    264765440     16547840
      129280         2048         176.366    529530880     33095680
      129280         4096         369.691   1059061760     66191360
      129280         8192         668.433   2118123520    132382720
      142208            1           2.475       284416        17776
      142208            2           8.800       568832        35552
      142208            4           6.692      1137664        71104
      142208            8           1.375      2275328       142208
      142208           16           1.834      4550656       284416
      142208           32           9.808      9101312       568832
      142208           64          13.109     18202624      1137664
      142208          128          13.383     36405248      2275328
      142208          256          25.575     72810496      4550656
      142208          512          50.967    145620992      9101312
      142208         1024         101.842    291241984     18202624
      142208         2048         205.608    582483968     36405248
      142208         4096         397.650   1164967936     72810496
      156416            1           2.842       312832        19552
      156416            2           5.225       625664        39104
      156416            4           0.825      1251328        78208
      156416            8           5.316      2502656       156416
      156416           16           2.109      5005312       312832
      156416           32           3.850     10010624       625664
      156416           64          11.642     20021248      1251328
      156416          128          21.359     40042496      2502656
      156416          256          50.050     80084992      5005312
      156416          512          56.833    160169984     10010624
      156416         1024         112.475    320339968     20021248
      156416         2048         227.058    640679936     40042496
      156416         4096         459.708   1281359872     80084992
      172032            1           2.566       344064        21504
      172032            2           1.558       688128        43008
      172032            4           6.050      1376256        86016
      172032            8           7.700      2752512       172032
      172032           16           2.567      5505024       344064
      172032           32           4.308     11010048       688128
      172032           64          13.291     22020096      1376256
      172032          128          13.475     44040192      2752512
      172032          256          34.558     88080384      5505024
      172032          512          65.908    176160768     11010048
      172032         1024         193.234    352321536     22020096
      172032         2048         239.983    704643072     44040192
      172032         4096         483.450   1409286144     88080384
      189184            1           2.200       378368        23648
      189184            2           5.225       756736        47296
      189184            4           1.467      1513472        94592
      189184            8           7.700      3026944       189184
      189184           16           4.125      6053888       378368
      189184           32          10.267     12107776       756736
      189184           64           6.600     24215552      1513472
      189184          128          20.625     48431104      3026944
      189184          256          36.758     96862208      6053888
      189184          512          68.016    193724416     12107776
      189184         1024         143.733    387448832     24215552
      189184         2048         273.625    774897664     48431104
      189184         4096         529.283   1549795328     96862208
      208000            1           3.575       416000        26000
      208000            2           2.750       832000        52000
      208000            4          11.733      1664000       104000
      208000            8           6.142      3328000       208000
      208000           16          12.650      6656000       416000
      208000           32          10.908     13312000       832000
      208000           64          13.200     26624000      1664000
      208000          128          21.083     53248000      3328000
      208000          256          37.675    106496000      6656000
      208000          512          77.183    212992000     13312000
      208000         1024         154.275    425984000     26624000
      208000         2048         313.134    851968000     53248000
      208000         4096         619.758   1703936000    106496000
      228736            1           2.200       457472        28592
      228736            2          50.691       914944        57184
      228736            4          20.900      1829888       114368
      228736            8          37.400      3659776       228736
      228736           16          12.467      7319552       457472
      228736           32          47.758     14639104       914944
      228736           64          96.800     29278208      1829888
      228736          128          95.150     58556416      3659776
      228736          256          87.358    117112832      7319552
      228736          512         143.366    234225664     14639104
      228736         1024         263.541    468451328     29278208
      228736         2048         479.509    936902656     58556416
      228736         4096         845.258   1873805312    117112832
      251520            1          53.625       503040        31440
      251520            2           4.584      1006080        62880
      251520            4           1.375      2012160       125760
      251520            8           2.016      4024320       251520
      251520           16           9.534      8048640       503040
      251520           32           9.900     16097280      1006080
      251520           64          12.467     32194560      2012160
      251520          128          23.833     64389120      4024320
      251520          256          51.242    128778240      8048640
      251520          512          97.533    257556480     16097280
      251520         1024         189.567    515112960     32194560
      251520         2048         379.408   1030225920     64389120
      251520         4096         682.183   2060451840    128778240
      276608            1           4.675       553216        34576
      276608            2           3.575      1106432        69152
      276608            4           7.517      2212864       138304
      276608            8           5.683      4425728       276608
      276608           16           6.692      8851456       553216
      276608           32           8.342     17702912      1106432
      276608           64          15.950     35405824      2212864
      276608          128          38.133     70811648      4425728
      276608          256         181.133    141623296      8851456
      276608          512         122.191    283246592     17702912
      276608         1024         251.808    566493184     35405824
      276608         2048         500.317   1132986368     70811648
      304256            1           2.841       608512        38032
      304256            2           4.859      1217024        76064
      304256            4           2.017      2434048       152128
      304256            8           2.842      4868096       304256
      304256           16           5.133      9736192       608512
      304256           32           9.259     19472384      1217024
      304256           64          18.333     38944768      2434048
      304256          128          36.483     77889536      4868096
      304256          256          72.141    155779072      9736192
      304256          512         142.908    311558144     19472384
      304256         1024         287.650    623116288     38944768
      304256         2048         576.217   1246232576     77889536
      334592            1           9.075       669184        41824
      334592            2           0.825      1338368        83648
      334592            4           1.925      2676736       167296
      334592            8           2.934      5353472       334592
      334592           16           5.134     10706944       669184
      334592           32           9.992     21413888      1338368
      334592           64          19.250     42827776      2676736
      334592          128          37.950     85655552      5353472
      334592          256          95.333    171311104     10706944
      334592          512         149.142    342622208     21413888
      334592         1024         314.417    685244416     42827776
      334592         2048         683.192   1370488832     85655552
      368000            1           7.792       736000        46000
      368000            2           0.917      1472000        92000
      368000            4           2.200      2944000       184000
      368000            8           9.625      5888000       368000
      368000           16           6.234     11776000       736000
      368000           32          11.733     23552000      1472000
      368000           64          23.100     47104000      2944000
      368000          128          45.375     94208000      5888000
      368000          256          89.925    188416000     11776000
      368000          512         179.025    376832000     23552000
      368000         1024         355.575    753664000     47104000
      368000         2048         698.408   1507328000     94208000
      404736            1           6.600       809472        50592
      404736            2           4.859      1618944       101184
      404736            4           6.692      3237888       202368
      404736            8           4.217      6475776       404736
      404736           16           3.667     12951552       809472
      404736           32          13.475     25903104      1618944
      404736           64          23.467     51806208      3237888
      404736          128          45.833    103612416      6475776
      404736          256          91.300    207224832     12951552
      404736          512         208.633    414449664     25903104
      404736         1024         409.933    828899328     51806208
      404736         2048         787.691   1657798656    103612416
      445184            1          12.833       890368        55648
      445184            2           1.467      1780736       111296
      445184            4           2.750      3561472       222592
      445184            8           4.858      7122944       445184
      445184           16           8.342     14245888       890368
      445184           32          15.583     28491776      1780736
      445184           64          30.342     56983552      3561472
      445184          128          59.950    113967104      7122944
      445184          256         118.892    227934208     14245888
      445184          512         265.375    455868416     28491776
      445184         1024         469.333    911736832     56983552
      445184         2048         811.709   1823473664    113967104
      489600            1          48.216       979200        61200
      489600            2           1.467      1958400       122400
      489600            4           3.025      3916800       244800
      489600            8           4.859      7833600       489600
      489600           16          12.008     15667200       979200
      489600           32          17.783     31334400      1958400
      489600           64          32.542     62668800      3916800
      489600          128          63.709    125337600      7833600
      489600          256         131.817    250675200     15667200
      489600          512         240.167    501350400     31334400
      489600         1024         477.767   1002700800     62668800
      489600         2048        1010.809   2005401600    125337600
      538496            1          49.959      1076992        67312
      538496            2           6.967      2153984       134624
      538496            4           3.025      4307968       269248
      538496            8           4.675      8615936       538496
      538496           16           8.616     17231872      1076992
      538496           32          16.225     34463744      2153984
      538496           64          31.900     68927488      4307968
      538496          128          62.700    137854976      8615936
      538496          256         119.441    275709952     17231872
      538496          512         275.367    551419904     34463744
      538496         1024         525.341   1102839808     68927488
      592256            1          20.441      1184512        74032
      592256            2           4.492      2369024       148064
      592256            4           3.392      4738048       296128
      592256            8           5.775      9476096       592256
      592256           16          10.634     18952192      1184512
      592256           32          24.750     37904384      2369024
      592256           64          39.141     75808768      4738048
      592256          128          99.733    151617536      9476096
      592256          256         151.342    303235072     18952192
      592256          512         301.400    606470144     37904384
      592256         1024         562.650   1212940288     75808768
      651392            1         100.009      1302784        81424
      651392            2          49.775      2605568       162848
      651392            4          55.733      5211136       325696
      651392            8          15.767     10422272       651392
      651392           16          59.675     20844544      1302784
      651392           32          80.116     41689088      2605568
      651392           64         104.592     83378176      5211136
      651392          128         126.134    166756352     10422272
      651392          256         234.116    333512704     20844544
      651392          512         356.858    667025408     41689088
      651392         1024         619.758   1334050816     83378176
      716416            1          18.975      1432832        89552
      716416            2           5.591      2865664       179104
      716416            4           7.333      5731328       358208
      716416            8          14.575     11462656       716416
      716416           16          15.492     22925312      1432832
      716416           32          25.667     45850624      2865664
      716416           64          45.650     91701248      5731328
      716416          128          86.350    183402496     11462656
      716416          256         163.625    366804992     22925312
      716416          512         337.883    733609984     45850624
      716416         1024         752.766   1467219968     91701248
      787968            1          46.659      1575936        98496
      787968            2          14.942      3151872       196992
      787968            4          18.425      6303744       393984
      787968            8          30.525     12607488       787968
      787968           16          30.983     25214976      1575936
      787968           32          42.075     50429952      3151872
      787968           64         100.008    100859904      6303744
      787968          128         166.008    201719808     12607488
      787968          256         301.675    403439616     25214976
      787968          512         574.659    806879232     50429952
      787968         1024        1232.091   1613758464    100859904
      866688            1          26.125      1733376       108336
      866688            2           7.241      3466752       216672
      866688            4           6.691      6933504       433344
      866688            8          16.041     13867008       866688
      866688           16          19.342     27734016      1733376
      866688           32          31.808     55468032      3466752
      866688           64          55.275    110936064      6933504
      866688          128         110.917    221872128     13867008
      866688          256         224.858    443744256     27734016
      866688          512         447.058    887488512     55468032
      866688         1024         888.525   1774977024    110936064
      953344            1          23.467      1906688       119168
      953344            2           5.683      3813376       238336
      953344            4           6.417      7626752       476672
      953344            8           9.717     15253504       953344
      953344           16          19.250     30507008      1906688
      953344           32          36.484     61014016      3813376
      953344           64          64.441    122028032      7626752
      953344          128         141.075    244056064     15253504
      953344          256         276.833    488112128     30507008
      953344          512         498.758    976224256     61014016
      953344         1024         895.950   1952448512    122028032
     1048576            1          35.567      2097152       131072
     1048576            2           4.492      4194304       262144
     1048576            4          17.967      8388608       524288
     1048576            8          10.083     16777216      1048576
     1048576           16          18.058     33554432      2097152
     1048576           32          34.466     67108864      4194304
     1048576           64          67.100    134217728      8388608
     1048576          128         254.925    268435456     16777216
     1048576          256         299.933    536870912     33554432
     1048576          512         510.125   1073741824     67108864
     1048576         1024        1018.050   2147483648    134217728
     1153408            1          31.534      2306816       144176
     1153408            2          11.642      4613632       288352
     1153408            4          13.200      9227264       576704
     1153408            8          15.491     18454528      1153408
     1153408           16          19.800     36909056      2306816
     1153408           32          38.225     73818112      4613632
     1153408           64          79.658    147636224      9227264
     1153408          128         152.808    295272448     18454528
     1153408          256         296.817    590544896     36909056
     1153408          512         617.375   1181089792     73818112
     1268736            1          36.209      2537472       158592
     1268736            2          14.484      5074944       317184
     1268736            4          25.759     10149888       634368
     1268736            8          38.316     20299776      1268736
     1268736           16          72.691     40599552      2537472
     1268736           32          74.800     81199104      5074944
     1268736           64         192.225    162398208     10149888
     1268736          128         220.550    324796416     20299776
     1268736          256         464.933    649592832     40599552
     1268736          512         894.392   1299185664     81199104
     1395584            1          76.358      2791168       174448
     1395584            2           8.525      5582336       348896
     1395584            4           7.975     11164672       697792
     1395584            8          21.266     22329344      1395584
     1395584           16          25.117     44658688      2791168
     1395584           32          49.683     89317376      5582336
     1395584           64         109.725    178634752     11164672
     1395584          128         177.283    357269504     22329344
     1395584          256         328.991    714539008     44658688
     1395584          512         695.842   1429078016     89317376
     1535104            1          44.183      3070208       191888
     1535104            2           5.959      6140416       383776
     1535104            4          10.084     12280832       767552
     1535104            8          14.025     24561664      1535104
     1535104           16          30.983     49123328      3070208
     1535104           32          50.233     98246656      6140416
     1535104           64          97.900    196493312     12280832
     1535104          128         216.700    392986624     24561664
     1535104          256         401.225    785973248     49123328
     1535104          512         746.167   1571946496     98246656
     1688576            1          54.908      3377152       211072
     1688576            2          10.266      6754304       422144
     1688576            4           9.991     13508608       844288
     1688576            8          23.192     27017216      1688576
     1688576           16          35.934     54034432      3377152
     1688576           32          59.217    108068864      6754304
     1688576           64         114.675    216137728     13508608
     1688576          128         260.609    432275456     27017216
     1688576          256         467.683    864550912     54034432
     1688576          512        1894.841   1729101824    108068864
     1857408            1          99.092      3714816       232176
     1857408            2          31.716      7429632       464352
     1857408            4          11.641     14859264       928704
     1857408            8          18.241     29718528      1857408
     1857408           16          35.383     59437056      3714816
     1857408           32          78.375    118874112      7429632
     1857408           64         125.675    237748224     14859264
     1857408          128         254.650    475496448     29718528
     1857408          256         495.825    950992896     59437056
     1857408          512         972.033   1901985792    118874112
     2043136            1          56.100      4086272       255392
     2043136            2          11.825      8172544       510784
     2043136            4          15.950     16345088      1021568
     2043136            8          29.059     32690176      2043136
     2043136           16          40.058     65380352      4086272
     2043136           32          65.451    130760704      8172544
     2043136           64         148.775    261521408     16345088
     2043136          128         250.342    523042816     32690176
     2043136          256         482.350   1046085632     65380352
     2043136          512         967.083   2092171264    130760704
     2247424            1         101.750      4494848       280928
     2247424            2          10.084      8989696       561856
     2247424            4          15.858     17979392      1123712
     2247424            8          14.575     35958784      2247424
     2247424           16          36.300     71917568      4494848
     2247424           32          69.391    143835136      8989696
     2247424           64         135.025    287670272     17979392
     2247424          128         271.608    575340544     35958784
     2247424          256         532.675   1150681088     71917568
     2472064            1          65.359      4944128       309008
     2472064            2          12.008      9888256       618016
     2472064            4          15.217     19776512      1236032
     2472064            8          27.775     39553024      2472064
     2472064           16          42.167     79106048      4944128
     2472064           32          80.667    158212096      9888256
     2472064           64         164.450    316424192     19776512
     2472064          128         312.767    632848384     39553024
     2472064          256         612.700   1265696768     79106048
     2719232            1         155.467      5438464       339904
     2719232            2          66.183     10876928       679808
     2719232            4          76.359     21753856      1359616
     2719232            8          74.616     43507712      2719232
     2719232           16          52.708     87015424      5438464
     2719232           32         105.416    174030848     10876928
     2719232           64         205.883    348061696     21753856
     2719232          128         564.667    696123392     43507712
     2719232          256         856.534   1392246784     87015424
     2991104            1          84.059      5982208       373888
     2991104            2          13.842     11964416       747776
     2991104            4          15.308     23928832      1495552
     2991104            8          26.125     47857664      2991104
     2991104           16          48.308     95715328      5982208
     2991104           32          92.675    191430656     11964416
     2991104           64         184.250    382861312     23928832
     2991104          128         341.641    765722624     47857664
     2991104          256         699.508   1531445248     95715328
     3290112            1         104.042      6580224       411264
     3290112            2          14.941     13160448       822528
     3290112            4          22.458     26320896      1645056
     3290112            8          35.567     52641792      3290112
     3290112           16          56.283    105283584      6580224
     3290112           32         131.267    210567168     13160448
     3290112           64         196.900    421134336     26320896
     3290112          128         390.317    842268672     52641792
     3290112          256         774.675   1684537344    105283584
     3619072            1         113.208      7238144       452384
     3619072            2          16.958     14476288       904768
     3619072            4          21.908     28952576      1809536
     3619072            8          33.917     57905152      3619072
     3619072           16          62.059    115810304      7238144
     3619072           32         118.341    231620608     14476288
     3619072           64         253.825    463241216     28952576
     3619072          128         437.708    926482432     57905152
     3619072          256         849.291   1852964864    115810304
     3980928            1         121.733      7961856       497616
     3980928            2          17.875     15923712       995232
     3980928            4          26.034     31847424      1990464
     3980928            8          40.792     63694848      3980928
     3980928           16         108.625    127389696      7961856
     3980928           32         129.067    254779392     15923712
     3980928           64         271.150    509558784     31847424
     3980928          128         509.300   1019117568     63694848
     3980928          256         903.008   2038235136    127389696
     4379008            1         139.334      8758016       547376
     4379008            2          16.317     17516032      1094752
     4379008            4          23.283     35032064      2189504
     4379008            8          40.058     70064128      4379008
     4379008           16          73.608    140128256      8758016
     4379008           32         140.891    280256512     17516032
     4379008           64         273.625    560513024     35032064
     4379008          128         550.916   1121026048     70064128
     4816896            1         130.992      9633792       602112
     4816896            2          25.300     19267584      1204224
     4816896            4          29.150     38535168      2408448
     4816896            8          48.767     77070336      4816896
     4816896           16          94.142    154140672      9633792
     4816896           32         172.975    308281344     19267584
     4816896           64         306.350    616562688     38535168
     4816896          128         600.875   1233125376     77070336
     5298560            1         158.125     10597120       662320
     5298560            2          26.125     21194240      1324640
     5298560            4          37.216     42388480      2649280
     5298560            8          59.584     84776960      5298560
     5298560           16         102.850    169553920     10597120
     5298560           32         195.159    339107840     21194240
     5298560           64         322.209    678215680     42388480
     5298560          128         638.642   1356431360     84776960
     5828352            1         172.333     11656704       728544
     5828352            2          29.517     23313408      1457088
     5828352            4          29.884     46626816      2914176
     5828352            8          97.992     93253632      5828352
     5828352           16         140.342    186507264     11656704
     5828352           32         193.508    373014528     23313408
     5828352           64         379.408    746029056     46626816
     5828352          128         720.133   1492058112     93253632
     6411136            1         146.208     12822272       801392
     6411136            2          31.900     25644544      1602784
     6411136            4          41.250     51289088      3205568
     6411136            8          63.892    102578176      6411136
     6411136           16         119.258    205156352     12822272
     6411136           32         218.900    410312704     25644544
     6411136           64         431.841    820625408     51289088
     6411136          128         761.659   1641250816    102578176
     7052160            1         209.458     14104320       881520
     7052160            2          49.683     28208640      1763040
     7052160            4          44.459     56417280      3526080
     7052160            8          74.800    112834560      7052160
     7052160           16         126.225    225669120     14104320
     7052160           32         268.308    451338240     28208640
     7052160           64         436.517    902676480     56417280
     7052160          128         919.233   1805352960    112834560
     7757312            1         195.984     15514624       969664
     7757312            2          49.867     31029248      1939328
     7757312            4          47.850     62058496      3878656
     7757312            8          82.042    124116992      7757312
     7757312           16         155.100    248233984     15514624
     7757312           32         305.434    496467968     31029248
     7757312           64         522.500    992935936     62058496
     7757312          128         997.150   1985871872    124116992
     8532992            1         214.591     17065984      1066624
     8532992            2         100.100     34131968      2133248
     8532992            4          92.217     68263936      4266496
     8532992            8         139.059    136527872      8532992
     8532992           16         223.941    273055744     17065984
     8532992           32         370.608    546111488     34131968
     8532992           64         644.691   1092222976     68263936
     9386240            1         199.100     18772480      1173280
     9386240            2          76.817     37544960      2346560
     9386240            4          59.491     75089920      4693120
     9386240            8          96.525    150179840      9386240
     9386240           16         187.917    300359680     18772480
     9386240           32         376.475    600719360     37544960
     9386240           64         651.200   1201438720     75089920
    10324864            1         281.692     20649728      1290608
    10324864            2         146.850     41299456      2581216
    10324864            4         127.875     82598912      5162432
    10324864            8         155.925    165197824     10324864
    10324864           16         284.075    330395648     20649728
    10324864           32         373.542    660791296     41299456
    10324864           64         696.483   1321582592     82598912
    11357312            1         288.108     22714624      1419664
    11357312            2         136.675     45429248      2839328
    11357312            4          79.750     90858496      5678656
    11357312            8         134.658    181716992     11357312
    11357312           16         286.458    363433984     22714624
    11357312           32         446.325    726867968     45429248
    11357312           64         784.209   1453735936     90858496
    12492928            1         258.317     24985856      1561616
    12492928            2         154.733     49971712      3123232
    12492928            4         105.967     99943424      6246464
    12492928            8         151.708    199886848     12492928
    12492928           16         253.000    399773696     24985856
    12492928           32         448.892    799547392     49971712
    12492928           64         867.441   1599094784     99943424
    13742208            1         277.383     27484416      1717776
    13742208            2         156.384     54968832      3435552
    13742208            4          98.450    109937664      6871104
    13742208            8         144.742    219875328     13742208
    13742208           16         261.800    439750656     27484416
    13742208           32         506.642    879501312     54968832
    13742208           64         881.283   1759002624    109937664
    15116416            1         286.184     30232832      1889552
    15116416            2         195.708     60465664      3779104
    15116416            4         109.358    120931328      7558208
    15116416            8         152.167    241862656     15116416
    15116416           16         275.641    483725312     30232832
    15116416           32         563.750    967450624     60465664
    15116416           64         967.633   1934901248    120931328
    16627968            1         318.175     33255936      2078496
    16627968            2         232.558     66511872      4156992
    16627968            4         146.942    133023744      8313984
    16627968            8         170.500    266047488     16627968
    16627968           16         305.983    532094976     33255936
    16627968           32         601.425   1064189952     66511872
    16627968           64        1097.066   2128379904    133023744
    18290688            1         356.217     36581376      2286336
    18290688            2         307.633     73162752      4572672
    18290688            4         210.375    146325504      9145344
    18290688            8         189.292    292651008     18290688
    18290688           16         344.666    585302016     36581376
    18290688           32         594.550   1170604032     73162752
    20119680            1         389.675     40239360      2514960
    20119680            2         350.533     80478720      5029920
    20119680            4         247.317    160957440     10059840
    20119680            8         224.859    321914880     20119680
    20119680           16         364.833    643829760     40239360
    20119680           32         698.867   1287659520     80478720
    22131584            1         441.833     44263168      2766448
    22131584            2         444.309     88526336      5532896
    22131584            4         333.208    177052672     11065792
    22131584            8         283.892    354105344     22131584
    22131584           16         414.242    708210688     44263168
    22131584           32         761.750   1416421376     88526336
    24344704            1         511.866     48689408      3043088
    24344704            2         518.925     97378816      6086176
    24344704            4         382.616    194757632     12172352
    24344704            8         311.942    389515264     24344704
    24344704           16         497.842    779030528     48689408
    24344704           32         913.000   1558061056     97378816
    26779136            1         570.717     53558272      3347392
    26779136            2         627.367    107116544      6694784
    26779136            4         527.175    214233088     13389568
    26779136            8         404.617    428466176     26779136
    26779136           16         551.742    856932352     53558272
    26779136           32         937.658   1713864704    107116544
    29457024            1         568.425     58914048      3682128
    29457024            2         767.709    117828096      7364256
    29457024            4         581.992    235656192     14728512
    29457024            8         550.000    471312384     29457024
    29457024           16         908.416    942624768     58914048
    29457024           32        1549.625   1885249536    117828096
    32402688            1         587.859     64805376      4050336
    32402688            2         659.267    129610752      8100672
    32402688            4         225.041    259221504     16201344
    32402688            8         528.001    518443008     32402688
    32402688           16         899.525   1036886016     64805376
    32402688           32        1761.558   2073772032    129610752
    35642880            1         956.450     71285760      4455360
    35642880            2        3914.717    142571520      8910720
    35642880            4        1038.858    285143040     17821440
    35642880            8         737.275    570286080     35642880
    35642880           16         767.066   1140572160     71285760
    39207168            1        1021.441     78414336      4900896
    39207168            2        1407.450    156828672      9801792
    39207168            4         999.258    313657344     19603584
    39207168            8         670.083    627314688     39207168
    39207168           16         784.117   1254629376     78414336
    43127808            1        1079.375     86255616      5390976
    43127808            2        1475.375    172511232     10781952
    43127808            4        1416.067    345022464     21563904
    43127808            8        1187.725    690044928     43127808
    43127808           16         933.533   1380089856     86255616
    47440512            1        1309.183     94881024      5930064
    47440512            2        1758.809    189762048     11860128
    47440512            4        1670.808    379524096     23720256
    47440512            8        1646.884    759048192     47440512
    47440512           16         934.725   1518096384     94881024
    52184448            1        1473.359    104368896      6523056
    52184448            2        1918.034    208737792     13046112
    52184448            4        1815.458    417475584     26092224
    52184448            8        1431.192    834951168     52184448
    52184448           16        1130.983   1669902336    104368896
    57402880            1        1662.467    114805760      7175360
    57402880            2        2456.759    229611520     14350720
    57402880            4         747.725    459223040     28701440
    57402880            8        1823.433    918446080     57402880
    57402880           16        1454.017   1836892160    114805760
    63143168            1        1909.509    126286336      7892896
    63143168            2        2749.175    252572672     15785792
    63143168            4        2810.317    505145344     31571584
    63143168            8        2523.308   1010290688     63143168
    63143168           16        1544.217   2020581376    126286336
    69457408            1        2346.758    138914816      8682176
    69457408            2        3470.959    277829632     17364352
    69457408            4        3198.525    555659264     34728704
    69457408            8        2085.691   1111318528     69457408
    76403072            1        2620.384    152806144      9550384
    76403072            2        3515.875    305612288     19100768
    76403072            4        3051.034    611224576     38201536
    76403072            8        2182.859   1222449152     76403072
    84043264            1        2850.742    168086528     10505408
    84043264            2        3473.158    336173056     21010816
    84043264            4        1916.017    672346112     42021632
    84043264            8        1185.708   1344692224     84043264
    92447488            1        3111.259    184894976     11555936
    92447488            2        4655.200    369789952     23111872
    92447488            4        3561.434    739579904     46223744
    92447488            8        2248.308   1479159808     92447488
   101692160            1        3440.251    203384320     12711520
   101692160            2        4498.450    406768640     25423040
   101692160            4        4046.992    813537280     50846080
   101692160            8        3659.333   1627074560    101692160
   111861376            1        3804.625    223722752     13982672
   111861376            2        4662.717    447445504     27965344
   111861376            4        4092.641    894891008     55930688
   111861376            8        4655.017   1789782016    111861376
   123047424            1        4214.008    246094848     15380928
   123047424            2        6139.284    492189696     30761856
   123047424            4        5540.242    984379392     61523712
   123047424            8        6740.250   1968758784    123047424
   135352064            1        4610.192    270704128     16919008
   135352064            2        5799.291    541408256     33838016
   135352064            4        6542.800   1082816512     67676032
   148887168            1        5013.250    297774336     18610896
   148887168            2        7511.717    595548672     37221792
   148887168            4        8669.925   1191097344     74443584
   163775872            1        5559.859    327551744     20471984
   163775872            2        7882.233    655103488     40943968
   163775872            4        8871.592   1310206976     81887936
   180153344            1        5987.117    360306688     22519168
   180153344            2        8967.750    720613376     45038336
   180153344            4       10576.501   1441226752     90076672
   198168576            1        6650.875    396337152     24771072
   198168576            2        9980.667    792674304     49542144
   198168576            4       12464.192   1585348608     99084288
   217985408            1        7344.700    435970816     27248176
   217985408            2       11291.408    871941632     54496352
   217985408            4       14424.026   1743883264    108992704
   239783936            1        8133.125    479567872     29972992
   239783936            2       14791.792    959135744     59945984
   239783936            4       16901.684   1918271488    119891968
   263762304            1        8821.450    527524608     32970288
   263762304            2       14057.359   1055049216     65940576
   263762304            4       19115.525   2110098432    131881152
   290138496            1        9183.992    580276992     36267312
   290138496            2       15441.801   1160553984     72534624
   319152256            1       10610.142    638304512     39894032
   319152256            2       17702.300   1276609024     79788064
   351067392            1       11842.417    702134784     43883424
   351067392            2       20322.775   1404269568     87766848
   386174080            1       13155.176    772348160     48271760
   386174080            2       23277.834   1544696320     96543520
   424791424            1       14341.525    849582848     53098928
   424791424            2       26008.767   1699165696    106197856
   467270528            1       15557.117    934541056     58408816
   467270528            2       29544.534   1869082112    116817632
   513997568            1       17108.209   1027995136     64249696
   513997568            2       33070.309   2055990272    128499392
   565397248            1       18945.942   1130794496     70674656
   621936896            1       20913.109   1243873792     77742112
   684130560            1       22930.417   1368261120     85516320
   752543616            1       25371.775   1505087232     94067952
   827797888            1       27918.092   1655595776    103474736
   910577664            1       30830.709   1821155328    113822208
  1001635328            1       33974.784   2003270656    125204416

META_DATA
FLOPS          1
OPENMP_THREADS 16
ERT_VERSION  1.1.0
HOSTNAME  ('DESKTOP-1DMF7BU.localdomain', ['DESKTOP-1DMF7BU'], ['127.0.1.1'])
UNAME  uname_result(system='Linux', node='DESKTOP-1DMF7BU', release='6.6.87.2-microsoft-standard-WSL2', version='#1 SMP PREEMPT_DYNAMIC Thu Jun  5 18:30:46 UTC 2025', machine='x86_64')
TIMESTAMP_DATA  1765959403.5027878
CONFIG  {'ERT_MPI': ['False'], 'ERT_OPENMP': ['True'], 'ERT_OPENMP_CFLAGS': ['-fopenmp'], 'ERT_OPENMP_LDFLAGS': ['-fopenmp'], 'ERT_PRECISION': ['FP64'], 'ERT_TRIALS_MIN': ['1'], 'ERT_TRIALS': ['3', '#', 'Run', 'each', 'test', '3', 'times', 'to', 'filter', 'out', 'background', 'noise'], 'ERT_RESULTS': ['Results/7800X3D'], 'ERT_GNUPLOT': ['gnuplot'], 'ERT_DRIVER': ['driver1'], 'ERT_KERNEL': ['kernel1'], 'ERT_CC': ['g++'], 'ERT_LD': ['g++'], 'ERT_CFLAGS': ['-O3', '-march=native', '-fopenmp', '-fstrict-aliasing', '-funroll-loops', '-Wno-all'], 'ERT_LDFLAGS': ['-O3', '-march=native', '-fopenmp'], 'ERT_LDLIBS': ['-lm'], 'ERT_RUN': ['export', 'OMP_NUM_THREADS=ERT_OPENMP_THREADS;', './ERT_CODE'], 'ERT_WORKING_SET_MIN': ['128'], 'ERT_MEMORY_MAX': ['1073741824'], 'ERT_ALIGN': ['64'], 'ERT_MIN_PROCS': ['1'], 'ERT_MAX_PROCS': ['1'], 'ERT_OPENMP_THREADS': ['1,2,4,8,16', '#', 'Logical', 'Threads'], 'ERT_NUM_EXPERIMENTS': ['5'], 'ERT_FLOPS': ['1,2,4,8,16', '#', '16', 'for', 'AVX-51'], 'ERT_GPU': [False], 'ERT_HIP': [False], 'ERT_OCL': [False], 'ERT_SYCL': [False], 'ERT_WSS_MULT': [1.1]}
