fp64
        4096            1           9.666         8192         2048
        4096            2           6.852        16384         4096
        4096            4           7.852        32768         8192
        4096            8           9.593        65536        16384
        4096           16          13.315       131072        32768
        4096           32          20.814       262144        65536
        4096           64          36.056       524288       131072
        4096          128          66.685      1048576       262144
        4096          256         126.777      2097152       524288
        4096          512         247.869      4194304      1048576
        4096         1024         489.682      8388608      2097152
        4096         2048        1013.013     16777216      4194304
        4096         4096        1942.340     33554432      8388608
        4096         8192        3891.664     67108864     16777216
        4096        16384        7781.306    134217728     33554432
        4096        32768       15634.447    268435456     67108864
        4096        65536       31394.190    536870912    134217728
        4096       131072       66794.003   1073741824    268435456
        4096       262144      125472.295   2147483648    536870912
        4480            1           8.259         8960         2240
        4480            2           6.869        17920         4480
        4480            4           8.055        35840         8960
        4480            8          10.074        71680        17920
        4480           16          14.165       143360        35840
        4480           32          22.648       286720        71680
        4480           64          39.537       573440       143360
        4480          128          73.296      1146880       286720
        4480          256         140.850      2293760       573440
        4480          512         275.905      4587520      1146880
        4480         1024         545.904      9175040      2293760
        4480         2048        1084.197     18350080      4587520
        4480         4096        2279.579     36700160      9175040
        4480         8192        4361.752     73400320     18350080
        4480        16384        8765.099    146800640     36700160
        4480        32768       17429.714    293601280     73400320
        4480        65536       34916.113    587202560    146800640
        4480       131072       69477.081   1174405120    293601280
        4928            1          28.297         9856         2464
        4928            2           7.149        19712         4928
        4928            4           8.296        39424         9856
        4928            8          10.555        78848        19712
        4928           16          15.092       157696        39424
        4928           32          24.483       315392        78848
        4928           64          43.130       630784       157696
        4928          128          80.277      1261568       315392
        4928          256         154.685      2523136       630784
        4928          512         303.444      5046272      1261568
        4928         1024         601.071     10092544      2523136
        4928         2048        1223.585     20185088      5046272
        4928         4096        2474.486     40370176     10092544
        4928         8192        5028.082     80740352     20185088
        4928        16384        9738.518    161480704     40370176
        4928        32768       19197.222    322961408     80740352
        4928        65536       39506.976    645922816    161480704
        4928       131072       79276.783   1291845632    322961408
        5408            1          26.796        10816         2704
        5408            2           7.129        21632         5408
        5408            4           8.427        43264        10816
        5408            8          10.889        86528        21632
        5408           16          15.907       173056        43264
        5408           32          26.073       346112        86528
        5408           64          46.592       692224       173056
        5408          128          86.686      1384448       346112
        5408          256         167.425      2768896       692224
        5408          512         329.035      5537792      1384448
        5408         1024         818.644     11075584      2768896
        5408         2048        1298.752     22151168      5537792
        5408         4096        2696.799     44302336     11075584
        5408         8192        5265.951     88604672     22151168
        5408        16384       10492.514    177209344     44302336
        5408        32768       20764.584    354418688     88604672
        5408        65536       41632.278    708837376    177209344
        5408       131072      111148.470   1417674752    354418688
        5920            1          47.685        11840         2960
        5920            2           7.259        23680         5920
        5920            4           8.777        47360        11840
        5920            8          11.426        94720        23680
        5920           16          16.926       189440        47360
        5920           32          27.945       378880        94720
        5920           64          50.056       757760       189440
        5920          128          94.184      1515520       378880
        5920          256         182.481      3031040       757760
        5920          512         359.071      6062080      1515520
        5920         1024         727.588     12124160      3031040
        5920         2048        1418.917     24248320      6062080
        5920         4096        2907.392     48496640     12124160
        5920         8192        5674.060     96993280     24248320
        5920        16384       11352.508    193986560     48496640
        5920        32768       29486.033    387973120     96993280
        5920        65536       45697.329    775946240    193986560
        5920       131072       91432.436   1551892480    387973120
        6496            1          22.464        12992         3248
        6496            2           7.574        25984         6496
        6496            4           8.943        51968        12992
        6496            8          12.111       103936        25984
        6496           16          18.093       207872        51968
        6496           32          30.166       415744       103936
        6496           64          54.388       831488       207872
        6496          128         102.869      1662976       415744
        6496          256         199.812      3325952       831488
        6496          512         393.738      6651904      1662976
        6496         1024         838.754     13303808      3325952
        6496         2048        1557.288     26607616      6651904
        6496         4096        3210.574     53215232     13303808
        6496         8192        6406.315    106430464     26607616
        6496        16384       13153.221    212860928     53215232
        6496        32768       25105.670    425721856    106430464
        6496        65536       44719.668    851443712    212860928
        6496       131072       44449.188   1702887424    425721856
        7136            1          26.667        14272         3568
        7136            2           7.685        28544         7136
        7136            4           9.203        57088        14272
        7136            8          12.443       114176        28544
        7136           16          19.148       228352        57088
        7136           32          32.666       456704       114176
        7136           64          59.222       913408       228352
        7136          128         112.739      1826816       456704
        7136          256         219.554      3653632       913408
        7136          512         433.313      7307264      1826816
        7136         1024         917.272     14614528      3653632
        7136         2048        1802.934     29229056      7307264
        7136         4096        3472.184     58458112     14614528
        7136         8192        6995.643    116916224     29229056
        7136        16384       13729.404    233832448     58458112
        7136        32768       27745.859    467664896    116916224
        7136        65536       55363.866    935329792    233832448
        7136       131072      111194.599   1870659584    467664896
        7840            1          27.333        15680         3920
        7840            2           7.907        31360         7840
        7840            4           9.722        62720        15680
        7840            8          22.185       125440        31360
        7840           16          21.648       250880        62720
        7840           32          34.907       501760       125440
        7840           64          64.018      1003520       250880
        7840          128         121.797      2007040       501760
        7840          256         237.608      4014080      1003520
        7840          512         469.312      8028160      2007040
        7840         1024         949.217     16056320      4014080
        7840         2048        1859.433     32112640      8028160
        7840         4096        3730.756     64225280     16056320
        7840         8192        7450.123    128450560     32112640
        7840        16384       14982.450    256901120     64225280
        7840        32768       29906.216    513802240    128450560
        7840        65536       60337.671   1027604480    256901120
        7840       131072      119618.922   2055208960    513802240
        8608            1          10.092        17216         4304
        8608            2           2.667        34432         8608
        8608            4           3.315        68864        17216
        8608            8           4.631       137728        34432
        8608           16           7.277       275456        68864
        8608           32          12.647       550912       137728
        8608           64          23.297      1101824       275456
        8608          128          44.611      2203648       550912
        8608          256          87.222      4407296      1101824
        8608          512         172.444      8814592      2203648
        8608         1024         342.868     17629184      4407296
        8608         2048         683.811     35258368      8814592
        8608         4096        1506.528     70516736     17629184
        8608         8192        7953.159    141033472     35258368
        8608        16384       16423.831    282066944     70516736
        8608        32768       32961.199    564133888    141033472
        8608        65536       66539.542   1128267776    282066944
        9440            1          24.981        18880         4720
        9440            2           8.315        37760         9440
        9440            4          10.390        75520        18880
        9440            8          14.759       151040        37760
        9440           16          23.426       302080        75520
        9440           32          41.001       604160       151040
        9440           64          75.814      1208320       302080
        9440          128         145.722      2416640       604160
        9440          256         285.332      4833280      1208320
        9440          512         564.533      9666560      2416640
        9440         1024        1178.233     19333120      4833280
        9440         2048        2240.562     38666240      9666560
        9440         4096        4516.251     77332480     19333120
        9440         8192        9233.540    154664960     38666240
        9440        16384       17935.563    309329920     77332480
        9440        32768       36264.439    618659840    154664960
        9440        65536       72666.395   1237319680    309329920
       10368            1        1233.975        20736         5184
       10368            2        1196.567        41472        10368
       10368            4        2113.950        82944        20736
       10368            8        1082.717       165888        41472
       10368           16         429.164       331776        82944
       10368           32          44.648       663552       165888
       10368           64          82.630      1327104       331776
       10368          128         159.203      2654208       663552
       10368          256         312.553      5308416      1327104
       10368          512         618.145     10616832      2654208
       10368         1024        1230.086     21233664      5308416
       10368         2048        2469.189     42467328     10616832
       10368         4096        5052.767     84934656     21233664
       10368         8192       10409.644    169869312     42467328
       10368        16384       19774.404    339738624     84934656
       10368        32768       39348.421    679477248    169869312
       10368        65536       79844.743   1358954496    339738624
       11392            1           9.147        22784         5696
       11392            2           8.740        45568        11392
       11392            4          11.389        91136        22784
       11392            8          16.685       182272        45568
       11392           16          27.167       364544        91136
       11392           32          48.092       729088       182272
       11392           64          90.147      1458176       364544
       11392          128         174.239      2916352       729088
       11392          256         342.480      5832704      1458176
       11392          512         678.941     11665408      2916352
       11392         1024        1351.790     23330816      5832704
       11392         2048        2760.410     46661632     11665408
       11392         4096        5432.450     93323264     23330816
       11392         8192       11079.160    186646528     46661632
       11392        16384       21606.931    373293056     93323264
       11392        32768       43257.176    746586112    186646528
       11392        65536       86556.945   1493172224    373293056
       12512            1          32.037        25024         6256
       12512            2           9.074        50048        12512
       12512            4          11.815       100096        25024
       12512            8          17.665       200192        50048
       12512           16          29.222       400384       100096
       12512           32          52.203       800768       200192
       12512           64          98.444      1601536       400384
       12512          128         190.536      3203072       800768
       12512          256         375.072      6406144      1601536
       12512          512         767.330     12812288      3203072
       12512         1024        1481.917     25624576      6406144
       12512         2048        3111.149     51249152     12812288
       12512         4096        5998.187    102498304     25624576
       12512         8192       11867.543    204996608     51249152
       12512        16384       23689.382    409993216    102498304
       12512        32768       48127.407    819986432    204996608
       12512        65536       95666.707   1639972864    409993216
       13760            1          30.149        27520         6880
       13760            2           9.426        55040        13760
       13760            4          12.500       110080        27520
       13760            8          18.852       220160        55040
       13760           16          31.722       440320       110080
       13760           32          57.111       880640       220160
       13760           64         108.092      1761280       440320
       13760          128         210.037      3522560       880640
       13760          256         413.960      7045120      1761280
       13760          512         821.901     14090240      3522560
       13760         1024        1654.472     28180480      7045120
       13760         2048        3356.461     56360960     14090240
       13760         4096        6545.963    112721920     28180480
       13760         8192       13913.512    225443840     56360960
       13760        16384       26264.015    450887680    112721920
       13760        32768       52744.159    901775360    225443840
       13760        65536      105401.708   1803550720    450887680
       15136            1          29.556        30272         7568
       15136            2           9.740        60544        15136
       15136            4          13.314       121088        30272
       15136            8          20.296       242176        60544
       15136           16          34.056       484352       121088
       15136           32          61.888       968704       242176
       15136           64         117.758      1937408       484352
       15136          128         229.277      3874816       968704
       15136          256         452.534      7749632      1937408
       15136          512         914.662     15499264      3874816
       15136         1024        1792.194     30998528      7749632
       15136         2048        3608.369     61997056     15499264
       15136         4096        7174.292    123994112     30998528
       15136         8192       14400.214    247988224     61997056
       15136        16384       40635.358    495976448    123994112
       15136        32768      116634.754    991952896    247988224
       15136        65536      115282.484   1983905792    495976448
       16640            1          33.852        33280         8320
       16640            2          10.037        66560        16640
       16640            4          13.962       133120        33280
       16640            8          21.611       266240        66560
       16640           16          37.074       532480       133120
       16640           32          68.018      1064960       266240
       16640           64         129.797      2129920       532480
       16640          128         253.425      4259840      1064960
       16640          256         500.756      8519680      2129920
       16640          512         995.236     17039360      4259840
       16640         1024        2000.008     34078720      8519680
       16640         2048        3975.755     68157440     17039360
       16640         4096        8014.730    136314880     34078720
       16640         8192       16067.612    272629760     68157440
       16640        16384       32118.279    545259520    136314880
       16640        32768       63644.133   1090519040    272629760
       18304            1          30.072        36608         9152
       18304            2          10.556        73216        18304
       18304            4          14.815       146432        36608
       18304            8          23.443       292864        73216
       18304           16          40.315       585728       146432
       18304           32          74.241      1171456       292864
       18304           64         142.185      2342912       585728
       18304          128         277.942      4685824      1171456
       18304          256         549.609      9371648      2342912
       18304          512        1092.901     18743296      4685824
       18304         1024        2196.116     37486592      9371648
       18304         2048        4368.956     74973184     18743296
       18304         4096        8724.598    149946368     37486592
       18304         8192       17515.325    299892736     74973184
       18304        16384       35312.482    599785472    149946368
       18304        32768       69929.022   1199570944    299892736
       20128            1          31.000        40256        10064
       20128            2          10.964        80512        20128
       20128            4          15.520       161024        40256
       20128            8          24.962       322048        80512
       20128           16          43.555       644096       161024
       20128           32          80.759      1288192       322048
       20128           64         155.462      2576384       644096
       20128          128         303.906      5152768      1288192
       20128          256         601.589     10305536      2576384
       20128          512        1196.753     20611072      5152768
       20128         1024        2411.245     41222144     10305536
       20128         2048        4866.490     82444288     20611072
       20128         4096        9562.371    164888576     41222144
       20128         8192       19121.519    329777152     82444288
       20128        16384       39057.515    659554304    164888576
       20128        32768       76783.927   1319108608    329777152
       22112            1          29.556        44224        11056
       22112            2          11.630        88448        22112
       22112            4          16.519       176896        44224
       22112            8          26.760       353792        88448
       22112           16          47.241       707584       176896
       22112           32          88.111      1415168       353792
       22112           64         169.795      2830336       707584
       22112          128         333.276      5660672      1415168
       22112          256         660.256     11321344      2830336
       22112          512        1314.105     22642688      5660672
       22112         1024        2638.725     45285376     11321344
       22112         2048        5250.841     90570752     22642688
       22112         4096       10649.235    181141504     45285376
       22112         8192       21110.674    362283008     90570752
       22112        16384       42594.274    724566016    181141504
       22112        32768       84336.365   1449132032    362283008
       24320            1          19.463        48640        12160
       24320            2           4.186        97280        24320
       24320            4           5.890       194560        48640
       24320            8           9.667       389120        97280
       24320           16          17.131       778240       194560
       24320           32          32.130      1556480       389120
       24320           64          62.074      3112960       778240
       24320          128         122.000      6225920      1556480
       24320          256         241.813     12451840      3112960
       24320          512         506.571     24903680      6225920
       24320         1024         970.457     49807360     12451840
       24320         2048        1919.488     99614720     24903680
       24320         4096        4000.588    199229440     49807360
       24320         8192        7719.659    398458880     99614720
       24320        16384       15391.003    796917760    199229440
       24320        32768       30832.618   1593835520    398458880
       26752            1          28.463        53504        13376
       26752            2          12.666       107008        26752
       26752            4          18.851       214016        53504
       26752            8          31.426       428032       107008
       26752           16          55.814       856064       214016
       26752           32         105.112      1712128       428032
       26752           64         203.664      3424256       856064
       26752          128         401.016      6848512      1712128
       26752          256         822.309     13697024      3424256
       26752          512        1584.435     27394048      6848512
       26752         1024        3208.556     54788096     13697024
       26752         2048        6342.222    109576192     27394048
       26752         4096       12893.796    219152384     54788096
       26752         8192       25893.851    438304768    109576192
       26752        16384       50823.559    876609536    219152384
       26752        32768      102506.001   1753219072    438304768
       29408            1          12.870        58816        14704
       29408            2          13.314       117632        29408
       29408            4          20.371       235264        58816
       29408            8          33.999       470528       117632
       29408           16          60.741       941056       235264
       29408           32         114.925      1882112       470528
       29408           64         223.388      3764224       941056
       29408          128         440.220      7528448      1882112
       29408          256         873.662     15056896      3764224
       29408          512        1774.304     30113792      7528448
       29408         1024        3490.461     60227584     15056896
       29408         2048        7029.404    120455168     30113792
       29408         4096       14011.457    240910336     60227584
       29408         8192       27858.729    481820672    120455168
       29408        16384       56474.637    963641344    240910336
       29408        32768      111716.690   1927282688    481820672
       32320            1         514.978        64640        16160
       32320            2           6.462       129280        32320
       32320            4           7.222       258560        64640
       32320            8          12.148       517120       129280
       32320           16          22.074      1034240       258560
       32320           32          41.870      2068480       517120
       32320           64          81.555      4136960      1034240
       32320          128         160.851      8273920      2068480
       32320          256         319.461     16547840      4136960
       32320          512         636.663     33095680      8273920
       32320         1024        1276.437     66191360     16547840
       32320         2048       14342.343    132382720     33095680
       32320         4096       23118.181    264765440     66191360
       32320         8192       30864.064    529530880    132382720
       32320        16384       62154.253   1059061760    264765440
       32320        32768      131380.353   2118123520    529530880
       35552            1          17.202        71104        17776
       35552            2          14.889       142208        35552
       35552            4          23.371       284416        71104
       35552            8          39.759       568832       142208
       35552           16          72.351      1137664       284416
       35552           32         137.721      2275328       568832
       35552           64         268.721      4550656      1137664
       35552          128         530.423      9101312      2275328
       35552          256        1084.660     18202624      4550656
       35552          512        2100.951     36405248      9101312
       35552         1024        4209.661     72810496     18202624
       35552         2048        8488.266    145620992     36405248
       35552         4096       17050.863    291241984     72810496
       35552         8192       33825.194    582483968    145620992
       35552        16384       68719.308   1164967936    291241984
       39104            1          37.889        78208        19552
       39104            2          16.019       156416        39104
       39104            4          25.259       312832        78208
       39104            8          43.148       625664       156416
       39104           16          78.963      1251328       312832
       39104           32         150.981      2502656       625664
       39104           64         294.758      5005312      1251328
       39104          128         582.515     10010624      2502656
       39104          256        1158.087     20021248      5005312
       39104          512        2329.394     40042496     10010624
       39104         1024        4627.788     80084992     20021248
       39104         2048        9311.150    160169984     40042496
       39104         4096       18678.392    320339968     80084992
       39104         8192       37241.858    640679936    160169984
       39104        16384       74032.610   1281359872    320339968
       43008            1          44.037        86016        21504
       43008            2          16.999       172032        43008
       43008            4          26.926       344064        86016
       43008            8          46.759       688128       172032
       43008           16          86.186      1376256       344064
       43008           32         165.165      2752512       688128
       43008           64         323.146      5505024      1376256
       43008          128         657.273     11010048      2752512
       43008          256        1271.122     22020096      5505024
       43008          512        2551.337     44040192     11010048
       43008         1024        5078.582     88080384     22020096
       43008         2048       10147.386    176160768     44040192
       43008         4096       20381.161    352321536     88080384
       43008         8192       40627.006    704643072    176160768
       43008        16384       81562.344   1409286144    352321536
       47296            1          32.926        94592        23648
       47296            2          18.130       189184        47296
       47296            4          29.222       378368        94592
       47296            8          50.982       756736       189184
       47296           16          94.295      1513472       378368
       47296           32         181.203      3026944       756736
       47296           64         354.998      6053888      1513472
       47296          128         702.793     12107776      3026944
       47296          256        1398.270     24215552      6053888
       47296          512        2831.391     48431104     12107776
       47296         1024        5675.560     96862208     24215552
       47296         2048       11166.140    193724416     48431104
       47296         4096       22361.944    387448832     96862208
       47296         8192       44878.501    774897664    193724416
       47296        16384       89580.613   1549795328    387448832
       52000            1          46.112       104000        26000
       52000            2          19.388       208000        52000
       52000            4          31.426       416000       104000
       52000            8          55.259       832000       208000
       52000           16         103.018      1664000       416000
       52000           32         220.147      3328000       832000
       52000           64         389.942      6656000      1664000
       52000          128         771.809     13312000      3328000
       52000          256        1594.066     26624000      6656000
       52000          512        3088.667     53248000     13312000
       52000         1024        6152.297    106496000     26624000
       52000         2048       12537.965    212992000     53248000
       52000         4096       24767.505    425984000    106496000
       52000         8192       49227.772    851968000    212992000
       52000        16384       98834.023   1703936000    425984000
       57184            1          35.907       114368        28592
       57184            2          21.111       228736        57184
       57184            4          34.276       457472       114368
       57184            8          60.390       914944       228736
       57184           16         112.648      1829888       457472
       57184           32         217.739      3659776       914944
       57184           64         427.960      7319552      1829888
       57184          128         892.884     14639104      3659776
       57184          256        1689.175     29278208      7319552
       57184          512        3410.108     58556416     14639104
       57184         1024        6942.034    117112832     29278208
       57184         2048       13573.051    234225664     58556416
       57184         4096       27069.900    468451328    117112832
       57184         8192       54056.744    936902656    234225664
       57184        16384      109338.907   1873805312    468451328
       62880            1          35.519       125760        31440
       62880            2          22.648       251520        62880
       62880            4          37.259       503040       125760
       62880            8          65.703      1006080       251520
       62880           16         123.573      2012160       503040
       62880           32         239.128      4024320      1006080
       62880           64         469.794      8048640      2012160
       62880          128         947.994     16097280      4024320
       62880          256        1855.787     32194560      8048640
       62880          512        3785.535     64389120     16097280
       62880         1024        7426.976    128778240     32194560
       62880         2048       14913.804    257556480     64389120
       62880         4096       30286.121    515112960    128778240
       62880         8192       59703.100   1030225920    257556480
       62880        16384      119270.405   2060451840    515112960
       69152            1          29.573       138304        34576
       69152            2          24.334       276608        69152
       69152            4          40.241       553216       138304
       69152            8          71.684      1106432       276608
       69152           16         135.036      2212864       553216
       69152           32         261.720      4425728      1106432
       69152           64         515.627      8851456      2212864
       69152          128        1055.086     17702912      4425728
       69152          256        2109.043     35405824      8851456
       69152          512        4097.995     70811648     17702912
       69152         1024        8236.323    141623296     35405824
       69152         2048       16507.737    283246592     70811648
       69152         4096       33398.584    566493184    141623296
       69152         8192       65418.031   1132986368    283246592
       76064            1          24.074       152128        38032
       76064            2          26.425       304256        76064
       76064            4          43.666       608512       152128
       76064            8          78.388      1217024       304256
       76064           16         148.073      2434048       608512
       76064           32         323.405      4868096      1217024
       76064           64         566.848      9736192      2434048
       76064          128        1125.161     19472384      4868096
       76064          256        2257.375     38944768      9736192
       76064          512        4490.011     77889536     19472384
       76064         1024        8969.004    155779072     38944768
       76064         2048       18012.600    311558144     77889536
       76064         4096       36377.086    623116288    155779072
       76064         8192       72289.417   1246232576    311558144
       83648            1          57.574       167296        41824
       83648            2          28.463       334592        83648
       83648            4          47.759       669184       167296
       83648            8          85.869      1338368       334592
       83648           16         162.702      2676736       669184
       83648           32         312.794      5353472      1338368
       83648           64         658.015     10706944      2676736
       83648          128        1252.678     21413888      5353472
       83648          256        2522.485     42827776     10706944
       83648          512        5031.638     85655552     21413888
       83648         1024       10063.424    171311104     42827776
       83648         2048       20129.218    342622208     85655552
       83648         4096       40406.823    685244416    171311104
       83648         8192       81560.622   1370488832    342622208
       92000            1          56.074       184000        46000
       92000            2          30.852       368000        92000
       92000            4          51.371       736000       184000
       92000            8          93.407      1472000       368000
       92000           16         211.184      2944000       736000
       92000           32         347.758      5888000      1472000
       92000           64         697.199     11776000      2944000
       92000          128        1394.677     23552000      5888000
       92000          256        2804.207     47104000     11776000
       92000          512        5591.801     94208000     23552000
       92000         1024       11283.935    188416000     47104000
       92000         2048       22493.852    376832000     94208000
       92000         4096       44908.112    753664000    188416000
       92000         8192       70339.390   1507328000    376832000
      101184            1          62.703       202368        50592
      101184            2          34.185       404736       101184
      101184            4          56.963       809472       202368
      101184            8         104.480      1618944       404736
      101184           16         199.109      3237888       809472
      101184           32         385.108      6475776      1618944
      101184           64         787.533     12951552      3237888
      101184          128        1535.788     25903104      6475776
      101184          256        3089.870     51806208     12951552
      101184          512        6159.112    103612416     25903104
      101184         1024       12637.482    207224832     51806208
      101184         2048       24756.950    414449664    103612416
      101184         4096       49388.530    828899328    207224832
      101184         8192       99167.651   1657798656    414449664
      111296            1          68.000       222592        55648
      111296            2          37.369       445184       111296
      111296            4          63.704       890368       222592
      111296            8         116.926      1780736       445184
      111296           16         223.499      3561472       890368
      111296           32         436.647      7122944      1780736
      111296           64         863.291     14245888      3561472
      111296          128        1737.713     28491776      7122944
      111296          256        3475.812     56983552     14245888
      111296          512        6853.906    113967104     28491776
      111296         1024       13836.919    227934208     56983552
      111296         2048       27418.527    455868416    113967104
      111296         4096       55422.551    911736832    227934208
      111296         8192      110256.864   1823473664    455868416
      122400            1          49.407       244800        61200
      122400            2          13.259       489600       122400
      122400            4          22.648       979200       244800
      122400            8          41.649      1958400       489600
      122400           16          90.018      3916800       979200
      122400           32         155.592      7833600      1958400
      122400           64         307.257     15667200      3916800
      122400          128         611.311     31334400      7833600
      122400          256        1216.437     62668800     15667200
      122400          512        2435.542    125337600     31334400
      122400         1024        4871.509    250675200     62668800
      122400         2048        9734.277    501350400    125337600
      122400         4096       19465.109   1002700800    250675200
      122400         8192       39010.090   2005401600    501350400
      134624            1          72.592       269248        67312
      134624            2          43.092       538496       134624
      134624            4          75.833      1076992       269248
      134624            8         139.480      2153984       538496
      134624           16         267.073      4307968      1076992
      134624           32         522.719      8615936      2153984
      134624           64        1068.939     17231872      4307968
      134624          128        2056.229     34463744      8615936
      134624          256        4141.013     68927488     17231872
      134624          512       17336.159    137854976     34463744
      134624         1024       16479.646    275709952     68927488
      134624         2048       33631.324    551419904    137854976
      134624         4096       66032.342   1102839808    275709952
      148064            1         104.703       296128        74032
      148064            2          46.981       592256       148064
      148064            4          82.389      1184512       296128
      148064            8         152.184      2369024       592256
      148064           16         292.405      4738048      1184512
      148064           32         573.090      9476096      2369024
      148064           64        1133.772     18952192      4738048
      148064          128        2275.376     37904384      9476096
      148064          256        4559.417     75808768     18952192
      148064          512        9021.836    151617536     37904384
      148064         1024       18043.228    303235072     75808768
      148064         2048       36569.993    606470144    151617536
      148064         4096       72148.177   1212940288    303235072
      162848            1          62.222       325696        81424
      162848            2          16.111       651392       162848
      162848            4          29.594      1302784       325696
      162848            8          54.814      2605568       651392
      162848           16         105.426      5211136      1302784
      162848           32         206.334     10422272      2605568
      162848           64         408.312     20844544      5211136
      162848          128         813.106     41689088     10422272
      162848          256        1621.601     83378176     20844544
      162848          512        3264.629    166756352     41689088
      162848         1024        6576.647    333512704     83378176
      162848         2048       12974.535    667025408    166756352
      162848         4096       25979.036   1334050816    333512704
      179104            1         103.166       358208        89552
      179104            2          55.703       716416       179104
      179104            4          98.240      1432832       358208
      179104            8         182.278      2865664       716416
      179104           16         351.869      5731328      1432832
      179104           32         712.384     11462656      2865664
      179104           64        1444.658     22925312      5731328
      179104          128        3093.371     45850624     11462656
      179104          256        5499.431     91701248     22925312
      179104          512       10918.308    183402496     45850624
      179104         1024       21797.597    366804992     91701248
      179104         2048       43589.508    733609984    183402496
      179104         4096       87314.515   1467219968    366804992
      196992            1          87.055       393984        98496
      196992            2          61.018       787968       196992
      196992            4         107.853      1575936       393984
      196992            8         200.832      3151872       787968
      196992           16         386.887      6303744      1575936
      196992           32         759.311     12607488      3151872
      196992           64        1525.640     25214976      6303744
      196992          128        3012.779     50429952     12607488
      196992          256        5997.669    100859904     25214976
      196992          512       12001.337    201719808     50429952
      196992         1024       24007.547    403439616    100859904
      196992         2048       48201.870    806879232    201719808
      196992         4096       96631.332   1613758464    403439616
      216672            1         118.537       433344       108336
      216672            2          66.167       866688       216672
      216672            4         116.888      1733376       433344
      216672            8         217.517      3466752       866688
      216672           16         421.405      6933504      1733376
      216672           32         827.217     13867008      3466752
      216672           64        1638.972     27734016      6933504
      216672          128        3287.463     55468032     13867008
      216672          256        7163.829    110936064     27734016
      216672          512       13479.922    221872128     55468032
      216672         1024       26231.330    443744256    110936064
      216672         2048       52217.070    887488512    221872128
      216672         4096      104654.082   1774977024    443744256
      238336            1         119.739       476672       119168
      238336            2          71.833       953344       238336
      238336            4         127.814      1906688       476672
      238336            8         238.998      3813376       953344
      238336           16         462.330      7626752      1906688
      238336           32         908.772     15253504      3813376
      238336           64        1821.433     30507008      7626752
      238336          128        3604.794     61014016     15253504
      238336          256        7191.662    122028032     30507008
      238336          512       14348.454    244056064     61014016
      238336         1024       28931.722    488112128    122028032
      238336         2048       57453.669    976224256    244056064
      238336         4096      117050.436   1952448512    488112128
      262144            1         132.110       524288       131072
      262144            2          78.130      1048576       262144
      262144            4         138.648      2097152       524288
      262144            8         259.592      4194304      1048576
      262144           16         501.868      8388608      2097152
      262144           32        1013.827     16777216      4194304
      262144           64        1955.544     33554432      8388608
      262144          128        4000.884     67108864     16777216
      262144          256        7802.973    134217728     33554432
      262144          512       15594.077    268435456     67108864
      262144         1024       31812.502    536870912    134217728
      262144         2048       62588.065   1073741824    268435456
      262144         4096      125376.147   2147483648    536870912
      288352            1         157.369       576704       144176
      288352            2          86.463      1153408       288352
      288352            4         152.350      2306816       576704
      288352            8         285.869      4613632      1153408
      288352           16         553.608      9227264      2306816
      288352           32        1174.456     18454528      4613632
      288352           64        2286.024     36909056      9227264
      288352          128        4318.864     73818112     18454528
      288352          256        8619.950    147636224     36909056
      288352          512       17245.512    295272448     73818112
      288352         1024       34637.152    590544896    147636224
      288352         2048       69241.175   1181089792    295272448
      317184            1         160.241       634368       158592
      317184            2          94.833      1268736       317184
      317184            4         167.795      2537472       634368
      317184            8         314.480      5074944      1268736
      317184           16         609.959     10149888      2537472
      317184           32        1199.382     20299776      5074944
      317184           64        2495.484     40599552     10149888
      317184          128        4841.305     81199104     20299776
      317184          256        9502.483    162398208     40599552
      317184          512       19220.038    324796416     81199104
      317184         1024       38186.484    649592832    162398208
      317184         2048       76222.727   1299185664    324796416
      348896            1         172.851       697792       174448
      348896            2         104.574      1395584       348896
      348896            4         184.333      2791168       697792
      348896            8         347.498      5582336      1395584
      348896           16         674.200     11164672      2791168
      348896           32        1327.622     22329344      5582336
      348896           64        2668.466     44658688     11164672
      348896          128        5270.321     89317376     22329344
      348896          256       10539.643    178634752     44658688
      348896          512       21334.099    357269504     89317376
      348896         1024       42610.699    714539008    178634752
      348896         2048       85078.861   1429078016    357269504
      383776            1         235.128       767552       191888
      383776            2         116.387      1535104       383776
      383776            4         201.166      3070208       767552
      383776            8         379.146      6140416      1535104
      383776           16         735.329     12280832      3070208
      383776           32        1482.603     24561664      6140416
      383776           64        2874.353     49123328     12280832
      383776          128        5841.466     98246656     24561664
      383776          256       11477.527    196493312     49123328
      383776          512       23536.643    392986624     98246656
      383776         1024       46597.861    785973248    196493312
      383776         2048       92377.727   1571946496    392986624
      422144            1         214.110       844288       211072
      422144            2         127.148      1688576       422144
      422144            4         220.315      3377152       844288
      422144            8         416.294      6754304      1688576
      422144           16         808.088     13508608      3377152
      422144           32        1626.695     27017216      6754304
      422144           64        3179.538     54034432     13508608
      422144          128        6314.463    108068864     27017216
      422144          256       12717.224    216137728     54034432
      422144          512       25471.964    432275456    108068864
      422144         1024       51125.631    864550912    216137728
      422144         2048      101412.027   1729101824    432275456
      464352            1         212.220       928704       232176
      464352            2         141.536      1857408       464352
      464352            4         243.350      3714816       928704
      464352            8         460.533      7429632      1857408
      464352           16         895.069     14859264      3714816
      464352           32        1821.120     29718528      7429632
      464352           64        3574.220     59437056     14859264
      464352          128        7032.626    118874112     29718528
      464352          256       14127.973    237748224     59437056
      464352          512       28166.708    475496448    118874112
      464352         1024       34887.836    950992896    237748224
      464352         2048       37297.044   1901985792    475496448
      510784            1         279.498      1021568       255392
      510784            2         158.499      2043136       510784
      510784            4         266.795      4086272      1021568
      510784            8         504.849      8172544      2043136
      510784           16         981.309     16345088      4086272
      510784           32        1972.044     32690176      8172544
      510784           64        3856.015     65380352     16345088
      510784          128        7691.937    130760704     32690176
      510784          256       15455.522    261521408     65380352
      510784          512       30928.785    523042816    130760704
      510784         1024       61706.738   1046085632    261521408
      510784         2048      122980.920   2092171264    523042816
      561856            1         197.238      1123712       280928
      561856            2        1129.882      2247424       561856
      561856            4        2725.338      4494848      1123712
      561856            8        2253.356      8989696      2247424
      561856           16        3313.777     17979392      4494848
      561856           32        5587.375     35958784      8989696
      561856           64        9736.388     71917568     17979392
      561856          128       18371.653    143835136     35958784
      561856          256       29261.091    287670272     71917568
      561856          512       49232.957    575340544    143835136
      561856         1024       68380.550   1150681088    287670272
      618016            1         246.054      1236032       309008
      618016            2          82.815      2472064       618016
      618016            4         107.129      4944128      1236032
      618016            8         218.906      9888256      2472064
      618016           16         391.276     19776512      4944128
      618016           32         771.495     39553024      9888256
      618016           64        1531.695     79106048     19776512
      618016          128        3084.631    158212096     39553024
      618016          256        6130.354    316424192     79106048
      618016          512       12506.947    632848384    158212096
      618016         1024       69887.468   1265696768    316424192
      679808            1         360.072      1359616       339904
      679808            2         239.869      2719232       679808
      679808            4         385.183      5438464      1359616
      679808            8         698.125     10876928      2719232
      679808           16        1499.769     21753856      5438464
      679808           32        2657.780     43507712     10876928
      679808           64        5604.764     87015424     21753856
      679808          128       10624.883    174030848     43507712
      679808          256       21275.137    348061696     87015424
      679808          512       42234.904    696123392    174030848
      679808         1024       84399.180   1392246784    348061696
      747776            1         399.888      1495552       373888
      747776            2         340.275      2991104       747776
      747776            4         465.424      5982208      1495552
      747776            8         869.328     11964416      2991104
      747776           16        1579.250     23928832      5982208
      747776           32        3011.484     47857664     11964416
      747776           64        6135.280     95715328     23928832
      747776          128       11831.062    191430656     47857664
      747776          256       24091.213    382861312     95715328
      747776          512       47945.946    765722624    191430656
      747776         1024       95947.743   1531445248    382861312
      822528            1         429.646      1645056       411264
      822528            2         464.867      3290112       822528
      822528            4         511.867      6580224      1645056
      822528            8         947.198     13160448      3290112
      822528           16        1738.546     26320896      6580224
      822528           32        3416.129     52641792     13160448
      822528           64        6852.257    105283584     26320896
      822528          128       13717.217    210567168     52641792
      822528          256       27684.934    421134336    105283584
      822528          512       53492.784    842268672    210567168
      822528         1024      107553.787   1684537344    421134336
      904768            1         569.793      1809536       452384
      904768            2         497.979      3619072       904768
      904768            4         750.792      7238144      1809536
      904768            8        1103.345     14476288      3619072
      904768           16        2103.507     28952576      7238144
      904768           32        4247.271     57905152     14476288
      904768           64        8007.547    115810304     28952576
      904768          128       16004.574    231620608     57905152
      904768          256       31972.389    463241216    115810304
      904768          512       65425.770    926482432    231620608
      904768         1024      133205.917   1852964864    463241216
      995232            1         581.904      1990464       497616
      995232            2         617.459      3980928       995232
      995232            4         856.106      7961856      1990464
      995232            8        1458.121     15923712      3980928
      995232           16        2882.890     31847424      7961856
      995232           32        5240.100     63694848     15923712
      995232           64       10653.309    127389696     31847424
      995232          128       20566.827    254779392     63694848
      995232          256       41846.424    509558784    127389696
      995232          512       83206.909   1019117568    254779392
      995232         1024      166912.093   2038235136    509558784
     1094752            1         614.997      2189504       547376
     1094752            2         893.662      4379008      1094752
     1094752            4        1373.529      8758016      2189504
     1094752            8        2038.377     17516032      4379008
     1094752           16        3823.867     35032064      8758016
     1094752           32        7096.237     70064128     17516032
     1094752           64       13900.568    140128256     35032064
     1094752          128       27282.268    280256512     70064128
     1094752          256       54205.187    560513024    140128256
     1094752          512      108522.429   1121026048    280256512
     1204224            1         698.773      2408448       602112
     1204224            2        1220.531      4816896      1204224
     1204224            4        1744.415      9633792      2408448
     1204224            8        3008.205     19267584      4816896
     1204224           16        5388.580     38535168      9633792
     1204224           32        9873.573     77070336     19267584
     1204224           64       19428.610    154140672     38535168
     1204224          128       38347.890    308281344     77070336
     1204224          256       77656.848    616562688    154140672
     1204224          512      153758.725   1233125376    308281344
     1324640            1         810.421      2649280       662320
     1324640            2        1525.732      5298560      1324640
     1324640            4        2529.800     10597120      2649280
     1324640            8        3770.886     21194240      5298560
     1324640           16        7123.977     42388480     10597120
     1324640           32       13400.794     84776960     21194240
     1324640           64       25418.742    169553920     42388480
     1324640          128       49254.383    339107840     84776960
     1324640          256       86950.462    678215680    169553920
     1324640          512      192141.467   1356431360    339107840
     1457088            1         890.458      2914176       728544
     1457088            2        2016.950      5828352      1457088
     1457088            4        2794.762     11656704      2914176
     1457088            8        4672.140     23313408      5828352
     1457088           16        8567.820     46626816     11656704
     1457088           32       16518.608     93253632     23313408
     1457088           64       32185.759    186507264     46626816
     1457088          128       62684.028    373014528     93253632
     1457088          256      124743.873    746029056    186507264
     1457088          512      246944.298   1492058112    373014528
     1602784            1        1084.048      3205568       801392
     1602784            2        2317.394      6411136      1602784
     1602784            4        3422.277     12822272      3205568
     1602784            8        5637.486     25644544      6411136
     1602784           16       10479.292     51289088     12822272
     1602784           32       19456.961    102578176     25644544
     1602784           64       37765.412    205156352     51289088
     1602784          128       75023.215    410312704    102578176
     1602784          256      150594.409    820625408    205156352
     1602784          512      294441.932   1641250816    410312704
     1763040            1        1204.104      3526080       881520
     1763040            2        2630.208      7052160      1763040
     1763040            4        3986.847     14104320      3526080
     1763040            8        6574.370     28208640      7052160
     1763040           16       11530.230     56417280     14104320
     1763040           32       22852.979    112834560     28208640
     1763040           64       43570.491    225669120     56417280
     1763040          128       86318.817    451338240    112834560
     1763040          256      170662.832    902676480    225669120
     1763040          512      339760.227   1805352960    451338240
     1939328            1        1367.602      3878656       969664
     1939328            2        3009.873      7757312      1939328
     1939328            4        4469.511     15514624      3878656
     1939328            8        7371.643     31029248      7757312
     1939328           16       13322.831     62058496     15514624
     1939328           32       25707.518    124116992     31029248
     1939328           64       49578.382    248233984     62058496
     1939328          128       97511.845    496467968    124116992
     1939328          256      191922.931    992935936    248233984
     1939328          512      383631.160   1985871872    496467968
     2133248            1        1491.047      4266496      1066624
     2133248            2        3231.945      8532992      2133248
     2133248            4        5079.341     17065984      4266496
     2133248            8        8142.342     34131968      8532992
     2133248           16       15208.392     68263936     17065984
     2133248           32       28826.797    136527872     34131968
     2133248           64       54842.757    273055744     68263936
     2133248          128      107536.807    546111488    136527872
     2133248          256      212151.981   1092222976    273055744
     2346560            1        1727.323      4693120      1173280
     2346560            2        3551.313      9386240      2346560
     2346560            4        5674.504     18772480      4693120
     2346560            8        9141.428     37544960      9386240
     2346560           16       16400.702     75089920     18772480
     2346560           32       33600.101    150179840     37544960
     2346560           64       67204.779    300359680     75089920
     2346560          128      119371.997    600719360    150179840
     2346560          256      241450.257   1201438720    300359680
     2581216            1        1845.229      5162432      1290608
     2581216            2        3973.847     10324864      2581216
     2581216            4        6115.778     20649728      5162432
     2581216            8       10067.479     41299456     10324864
     2581216           16       18503.578     82598912     20649728
     2581216           32       35583.925    165197824     41299456
     2581216           64       69526.896    330395648     82598912
     2581216          128      136751.286    660791296    165197824
     2581216          256      270250.089   1321582592    330395648
     2839328            1        2183.951      5678656      1419664
     2839328            2        4950.101     11357312      2839328
     2839328            4        6745.294     22714624      5678656
     2839328            8       11244.454     45429248     11357312
     2839328           16       19608.774     90858496     22714624
     2839328           32       36894.787    181716992     45429248
     2839328           64       72040.381    363433984     90858496
     2839328          128      149529.157    726867968    181716992
     2839328          256      301716.094   1453735936    363433984
     3123232            1        2447.116      6246464      1561616
     3123232            2        4917.192     12492928      3123232
     3123232            4        7533.272     24985856      6246464
     3123232            8       12345.096     49971712     12492928
     3123232           16       22904.108     99943424     24985856
     3123232           32       47071.489    199886848     49971712
     3123232           64       93033.594    399773696     99943424
     3123232          128      170194.575    799547392    199886848
     3123232          256      329440.731   1599094784    399773696
     3435552            1        2333.820      6871104      1717776
     3435552            2        5034.897     13742208      3435552
     3435552            4        7547.123     27484416      6871104
     3435552            8       13026.998     54968832     13742208
     3435552           16       23881.529    109937664     27484416
     3435552           32       47451.671    219875328     54968832
     3435552           64       94853.990    439750656    109937664
     3435552          128      183726.293    879501312    219875328
     3435552          256      369753.109   1759002624    439750656
     3779104            1        3044.705      7558208      1889552
     3779104            2        6430.091     15116416      3779104
     3779104            4        9664.648     30232832      7558208
     3779104            8       15888.019     60465664     15116416
     3779104           16       27702.173    120931328     30232832
     3779104           32       53613.876    241862656     60465664
     3779104           64      103699.236    483725312    120931328
     3779104          128      205034.411    967450624    241862656
     3779104          256      404443.891   1934901248    483725312
     4156992            1        3168.740      8313984      2078496
     4156992            2        6660.480     16627968      4156992
     4156992            4       10084.257     33255936      8313984
     4156992            8       17325.215     66511872     16627968
     4156992           16       32267.277    133023744     33255936
     4156992           32       59412.658    266047488     66511872
     4156992           64      115998.517    532094976    133023744
     4156992          128      230523.634   1064189952    266047488
     4156992          256      466876.790   2128379904    532094976
     4572672            1        3665.886      9145344      2286336
     4572672            2        7648.586     18290688      4572672
     4572672            4       11695.710     36581376      9145344
     4572672            8       19421.222     73162752     18290688
     4572672           16       34872.242    146325504     36581376
     4572672           32       65123.162    292651008     73162752
     4572672           64      127280.989    585302016    146325504
     4572672          128      253788.648   1170604032    292651008
     5029920            1        6159.520     10059840      2514960
     5029920            2        7969.751     20119680      5029920
     5029920            4       16133.462     40239360     10059840
     5029920            8       31718.928     80478720     20119680
     5029920           16       52386.864    160957440     40239360
     5029920           32       90440.664    321914880     80478720
     5029920           64      164754.382    643829760    160957440
     5029920          128      342511.414   1287659520    321914880
     5532896            1        4838.360     11065792      2766448
     5532896            2       10465.402     22131584      5532896
     5532896            4       15806.038     44263168     11065792
     5532896            8       25035.707     88526336     22131584
     5532896           16       43195.529    177052672     44263168
     5532896           32       81300.439    354105344     88526336
     5532896           64      157469.333    708210688    177052672
     5532896          128      311659.112   1416421376    354105344
     6086176            1        4875.639     12172352      3043088
     6086176            2       10533.347     24344704      6086176
     6086176            4       15875.408     48689408     12172352
     6086176            8       26338.515     97378816     24344704
     6086176           16       52021.532    194757632     48689408
     6086176           32       88575.823    389515264     97378816
     6086176           64      174513.736    779030528    194757632
     6086176          128      339801.079   1558061056    389515264
     6694784            1        5499.209     13389568      3347392
     6694784            2       11272.806     26779136      6694784
     6694784            4       16824.996     53558272     13389568
     6694784            8       29512.219    107116544     26779136
     6694784           16       53754.356    214233088     53558272
     6694784           32       98943.410    428466176    107116544
     6694784           64      187237.273    856932352    214233088
     6694784          128      379430.369   1713864704    428466176
     7364256            1        5949.355     14728512      3682128
     7364256            2       13178.869     29457024      7364256
     7364256            4       19022.391     58914048     14728512
     7364256            8       32437.053    117828096     29457024
     7364256           16       58593.755    235656192     58914048
     7364256           32      108070.618    471312384    117828096
     7364256           64      225133.239    942624768    235656192
     7364256          128      444612.900   1885249536    471312384
     8100672            1        6178.372     16201344      4050336
     8100672            2       12325.243     32402688      8100672
     8100672            4       21973.854     64805376     16201344
     8100672            8       35432.499    129610752     32402688
     8100672           16       62396.695    259221504     64805376
     8100672           32      123014.921    518443008    129610752
     8100672           64      234195.706   1036886016    259221504
     8100672          128      458314.450   2073772032    518443008
     8910720            1        7558.604     17821440      4455360
     8910720            2       14869.952     35642880      8910720
     8910720            4       23178.737     71285760     17821440
     8910720            8       39040.498    142571520     35642880
     8910720           16       70866.480    285143040     71285760
     8910720           32      160886.406    570286080    142571520
     8910720           64      300647.749   1140572160    285143040
     9801792            1        8019.693     19603584      4900896
     9801792            2       16604.590     39207168      9801792
     9801792            4       32312.555     78414336     19603584
     9801792            8       51722.591    156828672     39207168
     9801792           16       75533.140    313657344     78414336
     9801792           32      147110.559    627314688    156828672
     9801792           64      284264.083   1254629376    313657344
    10781952            1        8921.375     21563904      5390976
    10781952            2       18834.021     43127808     10781952
    10781952            4       28888.723     86255616     21563904
    10781952            8       47723.948    172511232     43127808
    10781952           16       83544.259    345022464     86255616
    10781952           32      161634.512    690044928    172511232
    10781952           64      317030.025   1380089856    345022464
    11860128            1        9807.369     23720256      5930064
    11860128            2       20540.807     47440512     11860128
    11860128            4       31973.538     94881024     23720256
    11860128            8       52287.569    189762048     47440512
    11860128           16       98661.116    379524096     94881024
    11860128           32      179530.114    759048192    189762048
    11860128           64      345616.674   1518096384    379524096
    13046112            1       10877.881     26092224      6523056
    13046112            2       23441.273     52184448     13046112
    13046112            4       35512.462    104368896     26092224
    13046112            8       56577.638    208737792     52184448
    13046112           16      103659.012    417475584    104368896
    13046112           32      193755.494    834951168    208737792
    13046112           64      373754.939   1669902336    417475584
    14350720            1       12558.521     28701440      7175360
    14350720            2       26150.831     57402880     14350720
    14350720            4       38581.165    114805760     28701440
    14350720            8       63651.003    229611520     57402880
    14350720           16      114457.655    459223040    114805760
    14350720           32      223765.804    918446080    229611520
    14350720           64      417174.447   1836892160    459223040
    15785792            1       13949.402     31571584      7892896
    15785792            2       28319.781     63143168     15785792
    15785792            4       41269.355    126286336     31571584
    15785792            8       69264.748    252572672     63143168
    15785792           16      127960.837    505145344    126286336
    15785792           32      224750.297   1010290688    252572672
    15785792           64      460550.901   2020581376    505145344
    17364352            1       15524.301     34728704      8682176
    17364352            2       31573.299     69457408     17364352
    17364352            4       44599.373    138914816     34728704
    17364352            8       77418.702    277829632     69457408
    17364352           16      137892.835    555659264    138914816
    17364352           32      266554.593   1111318528    277829632
    19100768            1       15455.762     38201536      9550384
    19100768            2       33779.547     76403072     19100768
    19100768            4       52320.625    152806144     38201536
    19100768            8       82574.228    305612288     76403072
    19100768           16      151023.741    611224576    152806144
    19100768           32      286568.199   1222449152    305612288
    21010816            1       18152.785     42021632     10505408
    21010816            2       37820.541     84043264     21010816
    21010816            4       55714.957    168086528     42021632
    21010816            8       92862.649    336173056     84043264
    21010816           16      168741.954    672346112    168086528
    21010816           32      321923.571   1344692224    336173056
    23111872            1       20669.529     46223744     11555936
    23111872            2       41941.555     92447488     23111872
    23111872            4       60073.394    184894976     46223744
    23111872            8      104176.529    369789952     92447488
    23111872           16      183686.941    739579904    184894976
    23111872           32      348618.065   1479159808    369789952
    25423040            1       22662.849     50846080     12711520
    25423040            2       44978.722    101692160     25423040
    25423040            4       66058.453    203384320     50846080
    25423040            8      112423.575    406768640    101692160
    25423040           16      209081.016    813537280    203384320
    25423040           32      391124.967   1627074560    406768640
    27965344            1       23550.384     55930688     13982672
    27965344            2       50078.898    111861376     27965344
    27965344            4       74063.165    223722752     55930688
    27965344            8      124996.224    447445504    111861376
    27965344           16      222615.198    894891008    223722752
    27965344           32      426740.318   1789782016    447445504
    30761856            1       27465.601     61523712     15380928
    30761856            2       55181.034    123047424     30761856
    30761856            4       82118.360    246094848     61523712
    30761856            8      135134.647    492189696    123047424
    30761856           16      258102.864    984379392    246094848
    30761856           32      549353.981   1968758784    492189696
    33838016            1       31846.835     67676032     16919008
    33838016            2       66774.542    135352064     33838016
    33838016            4       93703.719    270704128     67676032
    33838016            8      149072.586    541408256    135352064
    33838016           16      271028.863   1082816512    270704128
    37221792            1       28492.188     74443584     18610896
    37221792            2       58984.234    148887168     37221792
    37221792            4       97348.254    297774336     74443584
    37221792            8      166337.319    595548672    148887168
    37221792           16      300328.473   1191097344    297774336
    40943968            1       36904.399     81887936     20471984
    40943968            2       70586.925    163775872     40943968
    40943968            4      110455.548    327551744     81887936
    40943968            8      180400.664    655103488    163775872
    40943968           16      327321.317   1310206976    327551744
    45038336            1       39942.844     90076672     22519168
    45038336            2       78997.674    180153344     45038336
    45038336            4      118650.686    360306688     90076672
    45038336            8      201147.248    720613376    180153344
    45038336           16      364042.532   1441226752    360306688
    49542144            1       42810.457     99084288     24771072
    49542144            2       89528.522    198168576     49542144
    49542144            4      131073.485    396337152     99084288
    49542144            8      217861.244    792674304    198168576
    49542144           16      397063.453   1585348608    396337152
    54496352            1       50942.966    108992704     27248176
    54496352            2      112658.480    217985408     54496352
    54496352            4      161213.774    435970816    108992704
    54496352            8      266685.166    871941632    217985408
    54496352           16      438235.881   1743883264    435970816
    59945984            1       53598.913    119891968     29972992
    59945984            2      104047.474    239783936     59945984
    59945984            4      158534.772    479567872    119891968
    59945984            8      257492.423    959135744    239783936
    59945984           16      478134.985   1918271488    479567872
    65940576            1       58809.847    131881152     32970288
    65940576            2      116394.718    263762304     65940576
    65940576            4      175106.491    527524608    131881152
    65940576            8      295884.832   1055049216    263762304
    65940576           16      527264.091   2110098432    527524608
    72534624            1       64346.888    145069248     36267312
    72534624            2      127401.266    290138496     72534624
    72534624            4      192839.908    580276992    145069248
    72534624            8      324113.706   1160553984    290138496
    79788064            1       72833.525    159576128     39894032
    79788064            2      139395.864    319152256     79788064
    79788064            4      221989.889    638304512    159576128
    79788064            8      355439.747   1276609024    319152256
    87766848            1       77627.442    175533696     43883424
    87766848            2      158903.733    351067392     87766848
    87766848            4      232332.642    702134784    175533696
    87766848            8      387600.933   1404269568    351067392
    96543520            1       73284.578    193087040     48271760
    96543520            2      167438.275    386174080     96543520
    96543520            4      258100.159    772348160    193087040
    96543520            8      426655.430   1544696320    386174080
   106197856            1       92552.504    212395712     53098928
   106197856            2      187519.642    424791424    106197856
   106197856            4      278998.225    849582848    212395712
   106197856            8      470745.417   1699165696    424791424
   116817632            1      100646.809    233635264     58408816
   116817632            2      207355.602    467270528    116817632
   116817632            4      308252.668    934541056    233635264
   116817632            8      584944.572   1869082112    467270528
   128499392            1      105259.263    256998784     64249696
   128499392            2      228498.442    513997568    128499392
   128499392            4      338176.291   1027995136    256998784
   128499392            8      569312.052   2055990272    513997568
   141349312            1      124169.155    282698624     70674656
   141349312            2      247190.131    565397248    141349312
   141349312            4      368026.583   1130794496    282698624
   155484224            1      135893.420    310968448     77742112
   155484224            2      273925.236    621936896    155484224
   155484224            4      406886.285   1243873792    310968448
   171032640            1      172342.191    342065280     85516320
   171032640            2      332467.157    684130560    171032640
   171032640            4      472848.090   1368261120    342065280
   188135904            1      178923.560    376271808     94067952
   188135904            2      344093.962    752543616    188135904
   188135904            4      492167.219   1505087232    376271808
   206949472            1      182122.784    413898944    103474736
   206949472            2      360525.368    827797888    206949472
   206949472            4      543310.647   1655595776    413898944
   227644416            1      202355.630    455288832    113822208
   227644416            2      406866.673    910577664    227644416
   227644416            4      576672.140   1821155328    455288832
   250408832            1      220954.208    500817664    125204416
   250408832            2      439076.303   1001635328    250408832
   250408832            4      684645.277   2003270656    500817664
   275449696            1      242198.715    550899392    137724848
   275449696            2      481002.098   1101798784    275449696
   302994656            1      265573.877    605989312    151497328
   302994656            2      509116.251   1211978624    302994656
   333294112            1      295210.280    666588224    166647056
   333294112            2      586136.937   1333176448    333294112
   366623520            1      308723.536    733247040    183311760
   366623520            2      641392.452   1466494080    366623520
   403285856            1      356882.776    806571712    201642928
   403285856            2      706096.542   1613143424    403285856
   443614432            1      391332.059    887228864    221807216
   443614432            2      774370.870   1774457728    443614432
   487975872            1      413238.434    975951744    243987936
   487975872            2      851461.390   1951903488    487975872
   536773440            1      472302.759   1073546880    268386720
   536773440            2      947364.188   2147093760    536773440
   590450784            1      518352.439   1180901568    295225392
   649495840            1      574998.540   1298991680    324747920
   714445408            1      634992.415   1428890816    357222704
   785889920            1      673549.600   1571779840    392944960
   864478912            1      884646.532   1728957824    432239456
   950926784            1      875198.049   1901853568    475463392
  1046019456            1      921379.098   2092038912    523009728

META_DATA
FLOPS          4
OPENMP_THREADS 4
ERT_VERSION  1.1.0
HOSTNAME  ('raspi', [], ['127.0.1.1'])
UNAME  uname_result(system='Linux', node='raspi', release='6.1.21-v8+', version='#1642 SMP PREEMPT Mon Apr  3 17:24:16 BST 2023', machine='aarch64')
TIMESTAMP_DATA  1765913628.562206
CONFIG  {'ERT_MPI': ['False'], 'ERT_OPENMP': ['True'], 'ERT_OPENMP_CFLAGS': ['-fopenmp'], 'ERT_OPENMP_LDFLAGS': ['-fopenmp'], 'ERT_PRECISION': ['FP64'], 'ERT_TRIALS_MIN': ['1'], 'ERT_TRIALS': ['3', '#', 'Run', 'each', 'test', '3', 'times', 'to', 'filter', 'out', 'background', 'noise'], 'ERT_RESULTS': ['Results/Raspi'], 'ERT_GNUPLOT': ['gnuplot'], 'ERT_DRIVER': ['driver1'], 'ERT_KERNEL': ['kernel1'], 'ERT_CC': ['g++'], 'ERT_LD': ['g++'], 'ERT_CFLAGS': ['-O3', '-march=native', '-fopenmp', '-fstrict-aliasing', '-funroll-loops', '-Wno-all'], 'ERT_LDFLAGS': ['-O3', '-march=native', '-fopenmp'], 'ERT_LDLIBS': ['-lm'], 'ERT_RUN': ['export', 'OMP_NUM_THREADS=ERT_OPENMP_THREADS;', './ERT_CODE'], 'ERT_WORKING_SET_MIN': ['128'], 'ERT_MEMORY_MAX': ['1073741824'], 'ERT_ALIGN': ['64'], 'ERT_MIN_PROCS': ['1'], 'ERT_MAX_PROCS': ['1'], 'ERT_OPENMP_THREADS': ['1,2,4', '#', 'Logical', 'Threads'], 'ERT_NUM_EXPERIMENTS': ['3'], 'ERT_FLOPS': ['1,2,4'], 'ERT_GPU': [False], 'ERT_HIP': [False], 'ERT_OCL': [False], 'ERT_SYCL': [False], 'ERT_WSS_MULT': [1.1]}
