fp64
        8192            1           3.260        16384         8192
        8192            2           1.982        32768        16384
        8192            4           1.966        65536        32768
        8192            8           2.242       131072        65536
        8192           16           2.590       262144       131072
        8192           32           3.909       524288       262144
        8192           64           6.400      1048576       524288
        8192          128          11.664      2097152      1048576
        8192          256          21.958      4194304      2097152
        8192          512          42.604      8388608      4194304
        8192         1024          84.055     16777216      8388608
        8192         2048         166.797     33554432     16777216
        8192         4096         332.416     67108864     33554432
        8192         8192         671.143    134217728     67108864
        8192        16384        1330.406    268435456    134217728
        8192        32768        2667.785    536870912    268435456
        8192        65536        5328.949   1073741824    536870912
        8192       131072       10664.769   2147483648   1073741824
        8960            1           3.047        17920         8960
        8960            2           1.872        35840        17920
        8960            4           1.930        71680        35840
        8960            8           2.199       143360        71680
        8960           16           2.777       286720       143360
        8960           32           4.164       573440       286720
        8960           64           7.058      1146880       573440
        8960          128          12.754      2293760      1146880
        8960          256          24.233      4587520      2293760
        8960          512          47.315      9175040      4587520
        8960         1024          93.250     18350080      9175040
        8960         2048         185.587     36700160     18350080
        8960         4096         369.542     73400320     36700160
        8960         8192         752.238    146800640     73400320
        8960        16384        1478.685    293601280    146800640
        8960        32768        2963.746    587202560    293601280
        8960        65536        5984.317   1174405120    587202560
        9856            1           3.339        19712         9856
        9856            2           2.096        39424        19712
        9856            4           2.131        78848        39424
        9856            8           2.412       157696        78848
        9856           16           2.991       315392       157696
        9856           32           4.594       630784       315392
        9856           64           7.812      1261568       630784
        9856          128          14.308      2523136      1261568
        9856          256          27.466      5046272      2523136
        9856          512          53.738     10092544      5046272
        9856         1024         113.692     20185088     10092544
        9856         2048         210.581     40370176     20185088
        9856         4096         419.986     80740352     40370176
        9856         8192         845.476    161480704     80740352
        9856        16384        1696.992    322961408    161480704
        9856        32768        3368.666    645922816    322961408
        9856        65536        6778.618   1291845632    645922816
       10816            1           1.724        21632        10816
       10816            2           2.039        43264        21632
       10816            4           2.043        86528        43264
       10816            8           2.297       173056        86528
       10816           16           3.169       346112       173056
       10816           32           4.921       692224       346112
       10816           64           8.507      1384448       692224
       10816          128          15.618      2768896      1384448
       10816          256          30.030      5537792      2768896
       10816          512          58.877     11075584      5537792
       10816         1024         116.061     22151168     11075584
       10816         2048         239.957     44302336     22151168
       10816         4096         461.077     88604672     44302336
       10816         8192         927.137    177209344     88604672
       10816        16384        1856.748    354418688    177209344
       10816        32768        3797.957    708837376    354418688
       10816        65536        7415.929   1417674752    708837376
       11840            1           1.388        23680        11840
       11840            2           2.172        47360        23680
       11840            4           2.054        94720        47360
       11840            8           2.338       189440        94720
       11840           16           3.291       378880       189440
       11840           32           4.656       757760       378880
       11840           64           9.052      1515520       757760
       11840          128          17.001      3031040      1515520
       11840          256          32.586      6062080      3031040
       11840          512          64.094     12124160      6062080
       11840         1024         126.583     24248320     12124160
       11840         2048         260.220     48496640     24248320
       11840         4096         502.370     96993280     48496640
       11840         8192        1008.446    193986560     96993280
       11840        16384        2016.994    387973120    193986560
       11840        32768        4035.966    775946240    387973120
       11840        65536        8071.106   1551892480    775946240
       12992            1           2.571        25984        12992
       12992            2           1.903        51968        25984
       12992            4           2.180       103936        51968
       12992            8           2.666       207872       103936
       12992           16           3.426       415744       207872
       12992           32           5.596       831488       415744
       12992           64           9.953      1662976       831488
       12992          128          18.654      3325952      1662976
       12992          256          36.028      6651904      3325952
       12992          512          70.941     13303808      6651904
       12992         1024         140.509     26607616     13303808
       12992         2048         279.725     53215232     26607616
       12992         4096         582.576    106430464     53215232
       12992         8192        5673.523    212860928    106430464
       12992        16384        2258.365    425721856    212860928
       12992        32768        4487.950    851443712    425721856
       12992        65536        8967.149   1702887424    851443712
       14272            1           3.382        28544        14272
       14272            2           2.039        57088        28544
       14272            4           2.205       114176        57088
       14272            8           2.937       228352       114176
       14272           16           3.844       456704       228352
       14272           32           6.047       913408       456704
       14272           64          10.815      1826816       913408
       14272          128          20.287      3653632      1826816
       14272          256          39.232      7307264      3653632
       14272          512          77.284     14614528      7307264
       14272         1024         153.347     29229056     14614528
       14272         2048         311.031     58458112     29229056
       14272         4096         608.219    116916224     58458112
       14272         8192        1221.102    233832448    116916224
       14272        16384        2449.841    467664896    233832448
       14272        32768        4891.068    935329792    467664896
       14272        65536        9777.698   1870659584    935329792
       15680            1           3.181        31360        15680
       15680            2           2.045        62720        31360
       15680            4           2.218       125440        62720
       15680            8           3.050       250880       125440
       15680           16           3.840       501760       250880
       15680           32           6.363      1003520       501760
       15680           64          11.597      2007040      1003520
       15680          128          21.672      4014080      2007040
       15680          256          42.136      8028160      4014080
       15680          512          82.672     16056320      8028160
       15680         1024         164.044     32112640     16056320
       15680         2048         326.847     64225280     32112640
       15680         4096         659.896    128450560     64225280
       15680         8192        1309.194    256901120    128450560
       15680        16384        2626.546    513802240    256901120
       15680        32768        5242.660   1027604480    513802240
       15680        65536       10502.097   2055208960   1027604480
       17216            1           3.294        34432        17216
       17216            2           2.010        68864        34432
       17216            4           2.317       137728        68864
       17216            8           3.258       275456       137728
       17216           16           4.162       550912       275456
       17216           32           6.928      1101824       550912
       17216           64          12.430      2203648      1101824
       17216          128          23.701      4407296      2203648
       17216          256          46.155      8814592      4407296
       17216          512          91.025     17629184      8814592
       17216         1024         180.360     35258368     17629184
       17216         2048         367.403     70516736     35258368
       17216         4096         717.514    141033472     70516736
       17216         8192        1447.132    282066944    141033472
       17216        16384        2885.807    564133888    282066944
       17216        32768        5768.106   1128267776    564133888
       18880            1           2.103        37760        18880
       18880            2           2.065        75520        37760
       18880            4           2.265       151040        75520
       18880            8           3.001       302080       151040
       18880           16           3.424       604160       302080
       18880           32           7.390      1208320       604160
       18880           64          13.595      2416640      1208320
       18880          128          25.982      4833280      2416640
       18880          256          50.553      9666560      4833280
       18880          512          99.983     19333120      9666560
       18880         1024         198.719     38666240     19333120
       18880         2048         401.909     77332480     38666240
       18880         4096         791.025    154664960     77332480
       18880         8192        1592.164    309329920    154664960
       18880        16384        3202.835    618659840    309329920
       18880        32768        6366.762   1237319680    618659840
       20736            1           3.265        41472        20736
       20736            2           2.004        82944        41472
       20736            4           2.327       165888        82944
       20736            8           3.237       331776       165888
       20736           16           4.618       663552       331776
       20736           32           7.950      1327104       663552
       20736           64          14.341      2654208      1327104
       20736          128          27.419      5308416      2654208
       20736          256          53.758     10616832      5308416
       20736          512         105.988     21233664     10616832
       20736         1024         210.580     42467328     21233664
       20736         2048         426.138     84934656     42467328
       20736         4096         838.449    169869312     84934656
       20736         8192        1688.971    339738624    169869312
       20736        16384        3377.891    679477248    339738624
       20736        32768        6735.694   1358954496    679477248
       22784            1           1.431        45568        22784
       22784            2           2.213        91136        45568
       22784            4           2.494       182272        91136
       22784            8           3.119       364544       182272
       22784           16           4.911       729088       364544
       22784           32           8.436      1458176       729088
       22784           64          15.623      2916352      1458176
       22784          128          30.010      5832704      2916352
       22784          256          58.769     11665408      5832704
       22784          512         116.315     23330816     11665408
       22784         1024         231.106     46661632     23330816
       22784         2048         469.584     93323264     46661632
       22784         4096         928.216    186646528     93323264
       22784         8192        1845.388    373293056    186646528
       22784        16384        3702.749    746586112    373293056
       22784        32768        7406.782   1493172224    746586112
       25024            1           3.393        50048        25024
       25024            2           2.284       100096        50048
       25024            4           2.452       200192       100096
       25024            8           3.345       400384       200192
       25024           16           5.278       800768       400384
       25024           32           9.302      1601536       800768
       25024           64          17.452      3203072      1601536
       25024          128          33.641      6406144      3203072
       25024          256          66.031     12812288      6406144
       25024          512         130.848     25624576     12812288
       25024         1024         260.705     51249152     25624576
       25024         2048         527.660    102498304     51249152
       25024         4096        1044.308    204996608    102498304
       25024         8192        2087.061    409993216    204996608
       25024        16384        4170.756    819986432    409993216
       25024        32768        8342.643   1639972864    819986432
       27520            1           3.912        55040        27520
       27520            2           2.309       110080        55040
       27520            4           2.923       220160       110080
       27520            8           3.675       440320       220160
       27520           16           5.696       880640       440320
       27520           32          10.045      1761280       880640
       27520           64          18.927      3522560      1761280
       27520          128          36.431      7045120      3522560
       27520          256          71.993     14090240      7045120
       27520          512         142.382     28180480     14090240
       27520         1024         283.175     56360960     28180480
       27520         2048         572.297    112721920     56360960
       27520         4096        1134.775    225443840    112721920
       27520         8192        2269.632    450887680    225443840
       27520        16384        4544.599    901775360    450887680
       27520        32768        9084.646   1803550720    901775360
       30272            1           3.106        60544        30272
       30272            2           2.222       121088        60544
       30272            4           3.145       242176       121088
       30272            8           3.724       484352       242176
       30272           16           6.163       968704       484352
       30272           32          10.968      1937408       968704
       30272           64          20.633      3874816      1937408
       30272          128          40.116      7749632      3874816
       30272          256          79.113     15499264      7749632
       30272          512         156.682     30998528     15499264
       30272         1024         320.455     61997056     30998528
       30272         2048         622.757    123994112     61997056
       30272         4096        1257.693    247988224    123994112
       30272         8192        2499.160    495976448    247988224
       30272        16384        5003.750    991952896    495976448
       30272        32768       10008.466   1983905792    991952896
       33280            1           2.693        66560        33280
       33280            2           2.161       133120        66560
       33280            4           2.798       266240       133120
       33280            8           4.034       532480       266240
       33280           16           6.578      1064960       532480
       33280           32          11.871      2129920      1064960
       33280           64          22.403      4259840      2129920
       33280          128          43.568      8519680      4259840
       33280          256          85.786     17039360      8519680
       33280          512         170.096     34078720     17039360
       33280         1024         338.963     68157440     34078720
       33280         2048         683.358    136314880     68157440
       33280         4096        1356.975    272629760    136314880
       33280         8192        2720.234    545259520    272629760
       33280        16384        5433.846   1090519040    545259520
       36608            1           3.655        73216        36608
       36608            2           2.401       146432        73216
       36608            4           3.367       292864       146432
       36608            8          11.036       585728       292864
       36608           16           7.169      1171456       585728
       36608           32          13.008      2342912      1171456
       36608           64          24.515      4685824      2342912
       36608          128          47.751      9371648      4685824
       36608          256          94.187     18743296      9371648
       36608          512         187.021     37486592     18743296
       36608         1024         372.541     74973184     37486592
       36608         2048         750.175    149946368     74973184
       36608         4096        1498.025    299892736    149946368
       36608         8192        2988.347    599785472    299892736
       36608        16384        5977.290   1199570944    599785472
       40256            1           2.234        80512        40256
       40256            2           2.456       161024        80512
       40256            4           3.625       322048       161024
       40256            8           4.539       644096       322048
       40256           16           7.730      1288192       644096
       40256           32          14.170      2576384      1288192
       40256           64          26.939      5152768      2576384
       40256          128          52.657     10305536      5152768
       40256          256         104.007     20611072     10305536
       40256          512         206.588     41222144     20611072
       40256         1024         417.418     82444288     41222144
       40256         2048         822.012    164888576     82444288
       40256         4096        1667.502    329777152    164888576
       40256         8192        3301.637    659554304    329777152
       40256        16384        6615.081   1319108608    659554304
       44224            1           5.712        88448        44224
       44224            2           2.519       176896        88448
       44224            4           3.993       353792       176896
       44224            8           4.881       707584       353792
       44224           16           8.403      1415168       707584
       44224           32          15.584      2830336      1415168
       44224           64          29.953      5660672      2830336
       44224          128          58.671     11321344      5660672
       44224          256         115.949     22642688     11321344
       44224          512         236.578     45285376     22642688
       44224         1024         458.722     90570752     45285376
       44224         2048         919.269    181141504     90570752
       44224         4096        1862.639    362283008    181141504
       44224         8192        4446.971    724566016    362283008
       44224        16384        7393.426   1449132032    724566016
       48640            1           2.110        97280        48640
       48640            2           2.571       194560        97280
       48640            4           2.491       389120       194560
       48640            8           5.204       778240       389120
       48640           16           9.005      1556480       778240
       48640           32          16.699      3112960      1556480
       48640           64          31.999      6225920      3112960
       48640          128          62.754     12451840      6225920
       48640          256         124.252     24903680     12451840
       48640          512         246.999     49807360     24903680
       48640         1024         500.663     99614720     49807360
       48640         2048         988.641    199229440     99614720
       48640         4096        1977.370    398458880    199229440
       48640         8192        3956.891    796917760    398458880
       48640        16384        7919.147   1593835520    796917760
       53504            1           7.409       107008        53504
       53504            2           2.699       214016       107008
       53504            4           3.454       428032       214016
       53504            8           5.632       856064       428032
       53504           16           9.904      1712128       856064
       53504           32          18.070      3424256      1712128
       53504           64          34.994      6848512      3424256
       53504          128          68.770     13697024      6848512
       53504          256         135.990     27394048     13697024
       53504          512         270.868     54788096     27394048
       53504         1024         546.662    109576192     54788096
       53504         2048        1085.166    219152384    109576192
       53504         4096        2168.816    438304768    219152384
       53504         8192        4346.785    876609536    438304768
       53504        16384        8687.811   1753219072    876609536
       58816            1           4.887       117632        58816
       58816            2           2.550       235264       117632
       58816            4           3.823       470528       235264
       58816            8           6.014       941056       470528
       58816           16          10.628      1882112       941056
       58816           32          20.035      3764224      1882112
       58816           64          38.730      7528448      3764224
       58816          128          76.264     15056896      7528448
       58816          256         151.219     30113792     15056896
       58816          512         301.002     60227584     30113792
       58816         1024         607.427    120455168     60227584
       58816         2048        1204.929    240910336    120455168
       58816         4096        2409.339    481820672    240910336
       58816         8192        4829.946    963641344    481820672
       58816        16384        9652.174   1927282688    963641344
       64640            1           6.178       129280        64640
       64640            2           2.845       258560       129280
       64640            4           3.881       517120       258560
       64640            8           6.378      1034240       517120
       64640           16          11.587      2068480      1034240
       64640           32          21.742      4136960      2068480
       64640           64          42.215      8273920      4136960
       64640          128          83.400     16547840      8273920
       64640          256         165.113     33095680     16547840
       64640          512         336.765     66191360     33095680
       64640         1024         654.276    132382720     66191360
       64640         2048        1324.741    264765440    132382720
       64640         4096        2633.603    529530880    264765440
       64640         8192        5280.754   1059061760    529530880
       64640        16384       10548.532   2118123520   1059061760
       71104            1           6.165       142208        71104
       71104            2           3.157       284416       142208
       71104            4           3.709       568832       284416
       71104            8           6.933      1137664       568832
       71104           16          12.625      2275328      1137664
       71104           32          24.012      4550656      2275328
       71104           64          46.497      9101312      4550656
       71104          128          99.512     18202624      9101312
       71104          256         182.016     36405248     18202624
       71104          512         362.741     72810496     36405248
       71104         1024         730.968    145620992     72810496
       71104         2048        1452.085    291241984    145620992
       71104         4096        2910.512    582483968    291241984
       71104         8192        5823.390   1164967936    582483968
       78208            1           6.998       156416        78208
       78208            2           2.773       312832       156416
       78208            4           4.601       625664       312832
       78208            8           7.477      1251328       625664
       78208           16          13.729      2502656      1251328
       78208           32          26.150      5005312      2502656
       78208           64          51.057     10010624      5005312
       78208          128         100.752     20021248     10010624
       78208          256         208.466     40042496     20021248
       78208          512         397.580     80084992     40042496
       78208         1024         804.885    160169984     80084992
       78208         2048        1597.781    320339968    160169984
       78208         4096        3210.422    640679936    320339968
       78208         8192        6407.757   1281359872    640679936
       86016            1           8.341       172032        86016
       86016            2           3.316       344064       172032
       86016            4           4.829       688128       344064
       86016            8           8.177      1376256       688128
       86016           16          15.040      2752512      1376256
       86016           32          28.540      5505024      2752512
       86016           64          55.813     11010048      5505024
       86016          128         110.215     22020096     11010048
       86016          256         217.856     44040192     22020096
       86016          512         435.369     88080384     44040192
       86016         1024         881.482    176160768     88080384
       86016         2048        1755.132    352321536    176160768
       86016         4096        3501.103    704643072    352321536
       86016         8192        7014.517   1409286144    704643072
       94592            1           6.901       189184        94592
       94592            2           3.857       378368       189184
       94592            4           5.591       756736       378368
       94592            8           8.804      1513472       756736
       94592           16          16.417      3026944      1513472
       94592           32          31.249      6053888      3026944
       94592           64          61.038     12107776      6053888
       94592          128         120.981     24215552     12107776
       94592          256         240.411     48431104     24215552
       94592          512         512.494     96862208     48431104
       94592         1024         963.374    193724416     96862208
       94592         2048        1926.105    387448832    193724416
       94592         4096        3842.003    774897664    387448832
       94592         8192        7696.421   1549795328    774897664
      104000            1           8.065       208000       104000
      104000            2           4.234       416000       208000
      104000            4           5.621       832000       416000
      104000            8           9.638      1664000       832000
      104000           16          17.937      3328000      1664000
      104000           32          42.218      6656000      3328000
      104000           64          67.887     13312000      6656000
      104000          128         133.699     26624000     13312000
      104000          256         265.846     53248000     26624000
      104000          512         537.341    106496000     53248000
      104000         1024        1066.940    212992000    106496000
      104000         2048        2130.652    425984000    212992000
      104000         4096        4260.385    851968000    425984000
      104000         8192        8537.496   1703936000    851968000
      114368            1          10.116       228736       114368
      114368            2           3.577       457472       228736
      114368            4           6.041       914944       457472
      114368            8          10.698      1829888       914944
      114368           16          19.794      3659776      1829888
      114368           32          37.925      7319552      3659776
      114368           64          74.723     14639104      7319552
      114368          128         147.902     29278208     14639104
      114368          256         293.941     58556416     29278208
      114368          512         593.809    117112832     58556416
      114368         1024        1177.745    234225664    117112832
      114368         2048        2353.883    468451328    234225664
      114368         4096        4714.485    936902656    468451328
      114368         8192        9421.338   1873805312    936902656
      125760            1          11.525       251520       125760
      125760            2           3.845       503040       251520
      125760            4           6.453      1006080       503040
      125760            8          11.457      2012160      1006080
      125760           16          21.311      4024320      2012160
      125760           32          41.401      8048640      4024320
      125760           64          81.358     16097280      8048640
      125760          128         161.041     32194560     16097280
      125760          256         319.483     64389120     32194560
      125760          512         648.891    128778240     64389120
      125760         1024        1285.770    257556480    128778240
      125760         2048        2576.260    515112960    257556480
      125760         4096        5148.464   1030225920    515112960
      125760         8192       10295.241   2060451840   1030225920
      138304            1          13.466       276608       138304
      138304            2           4.271       553216       276608
      138304            4           7.100      1106432       553216
      138304            8          12.624      2212864      1106432
      138304           16          23.789      4425728      2212864
      138304           32          46.193      8851456      4425728
      138304           64          91.179     17702912      8851456
      138304          128         180.557     35405824     17702912
      138304          256         359.177     70811648     35405824
      138304          512         725.076    141623296     70811648
      138304         1024        1444.719    283246592    141623296
      138304         2048        2875.758    566493184    283246592
      138304         4096        5765.273   1132986368    566493184
      152128            1          13.586       304256       152128
      152128            2           4.349       608512       304256
      152128            4           7.802      1217024       608512
      152128            8          22.944      2434048      1217024
      152128           16          26.720      4868096      2434048
      152128           32          51.629      9736192      4868096
      152128           64         102.340     19472384      9736192
      152128          128         202.492     38944768     19472384
      152128          256         403.202     77889536     38944768
      152128          512         810.805    155779072     77889536
      152128         1024        1617.171    311558144    155779072
      152128         2048        3232.881    623116288    311558144
      152128         4096        6461.755   1246232576    623116288
      167296            1          14.637       334592       167296
      167296            2           4.847       669184       334592
      167296            4           8.368      1338368       669184
      167296            8          15.004      2676736      1338368
      167296           16          28.367      5353472      2676736
      167296           32          54.901     10706944      5353472
      167296           64         108.394     21413888     10706944
      167296          128         213.227     42827776     21413888
      167296          256         426.574     85655552     42827776
      167296          512         861.958    171311104     85655552
      167296         1024        1720.156    342622208    171311104
      167296         2048        3438.230    685244416    342622208
      167296         4096        6860.582   1370488832    685244416
      184000            1          16.359       368000       184000
      184000            2           5.680       736000       368000
      184000            4           9.540      1472000       736000
      184000            8          17.072      2944000      1472000
      184000           16          32.439      5888000      2944000
      184000           32          63.136     11776000      5888000
      184000           64         125.148     23552000     11776000
      184000          128         248.848     47104000     23552000
      184000          256         501.664     94208000     47104000
      184000          512         994.644    188416000     94208000
      184000         1024        1986.575    376832000    188416000
      184000         2048        3970.575    753664000    376832000
      184000         4096        7940.568   1507328000    753664000
      202368            1          17.146       404736       202368
      202368            2           5.917       809472       404736
      202368            4          10.290      1618944       809472
      202368            8          18.684      3237888      1618944
      202368           16          35.550      6475776      3237888
      202368           32          69.202     12951552      6475776
      202368           64         136.471     25903104     12951552
      202368          128         279.301     51806208     25903104
      202368          256         538.217    103612416     51806208
      202368          512        1087.284    207224832    103612416
      202368         1024        2168.626    414449664    207224832
      202368         2048        4340.715    828899328    414449664
      202368         4096        8669.363   1657798656    828899328
      222592            1          20.320       445184       222592
      222592            2           6.208       890368       445184
      222592            4          11.185      1780736       890368
      222592            8          19.625      3561472      1780736
      222592           16          37.380      7122944      3561472
      222592           32          72.738     14245888      7122944
      222592           64         143.256     28491776     14245888
      222592          128         284.909     56983552     28491776
      222592          256         573.767    113967104     56983552
      222592          512        1139.378    227934208    113967104
      222592         1024        2276.774    455868416    227934208
      222592         2048        4563.154    911736832    455868416
      222592         4096        9186.173   1823473664    911736832
      244800            1          22.723       489600       244800
      244800            2           6.735       979200       489600
      244800            4          12.259      1958400       979200
      244800            8          22.374      3916800      1958400
      244800           16          41.529      7833600      3916800
      244800           32          90.370     15667200      7833600
      244800           64         164.077     31334400     15667200
      244800          128         328.924     62668800     31334400
      244800          256         664.736    125337600     62668800
      244800          512        1315.962    250675200    125337600
      244800         1024        2647.676    501350400    250675200
      244800         2048        5298.555   1002700800    501350400
      244800         4096       10599.567   2005401600   1002700800
      269248            1          25.217       538496       269248
      269248            2           7.236      1076992       538496
      269248            4          13.023      2153984      1076992
      269248            8          23.560      4307968      2153984
      269248           16          44.013      8615936      4307968
      269248           32          87.707     17231872      8615936
      269248           64         175.210     34463744     17231872
      269248          128         356.688     68927488     34463744
      269248          256         694.834    137854976     68927488
      269248          512        1395.339    275709952    137854976
      269248         1024        2798.994    551419904    275709952
      269248         2048        5577.600   1102839808    551419904
      296128            1          27.907       592256       296128
      296128            2           8.245      1184512       592256
      296128            4          13.154      2369024      1184512
      296128            8          26.991      4738048      2369024
      296128           16          58.239      9476096      4738048
      296128           32          99.576     18952192      9476096
      296128           64         199.709     37904384     18952192
      296128          128         398.855     75808768     37904384
      296128          256         806.650    151617536     75808768
      296128          512        1608.982    303235072    151617536
      296128         1024        3212.532    606470144    303235072
      296128         2048        6418.154   1212940288    606470144
      325696            1          32.295       651392       325696
      325696            2           8.713      1302784       651392
      325696            4          15.639      2605568      1302784
      325696            8          40.442      5211136      2605568
      325696           16          54.778     10422272      5211136
      325696           32         109.612     20844544     10422272
      325696           64         218.901     41689088     20844544
      325696          128         436.836     83378176     41689088
      325696          256         880.164    166756352     83378176
      325696          512        1759.784    333512704    166756352
      325696         1024        3524.061    667025408    333512704
      325696         2048        7041.177   1334050816    667025408
      358208            1          37.032       716416       358208
      358208            2           9.359      1432832       716416
      358208            4          16.693      2865664      1432832
      358208            8          30.889      5731328      2865664
      358208           16          58.381     11462656      5731328
      358208           32         118.229     22925312     11462656
      358208           64         231.702     45850624     22925312
      358208          128         468.610     91701248     45850624
      358208          256         925.366    183402496     91701248
      358208          512        1855.780    366804992    183402496
      358208         1024        3704.693    733609984    366804992
      358208         2048        7462.970   1467219968    733609984
      393984            1          35.923       787968       393984
      393984            2          10.377      1575936       787968
      393984            4          18.234      3151872      1575936
      393984            8          33.884      6303744      3151872
      393984           16          63.840     12607488      6303744
      393984           32         130.008     25214976     12607488
      393984           64         265.029     50429952     25214976
      393984          128         511.616    100859904     50429952
      393984          256        1022.619    201719808    100859904
      393984          512        2142.485    403439616    201719808
      393984         1024        4250.296    806879232    403439616
      393984         2048        8166.730   1613758464    806879232
      433344            1          43.708       866688       433344
      433344            2          11.593      1733376       866688
      433344            4          20.438      3466752      1733376
      433344            8          37.105      6933504      3466752
      433344           16          73.168     13867008      6933504
      433344           32         146.005     27734016     13867008
      433344           64         290.797     55468032     27734016
      433344          128         582.803    110936064     55468032
      433344          256        1169.092    221872128    110936064
      433344          512        2347.344    443744256    221872128
      433344         1024        4690.702    887488512    443744256
      433344         2048        9394.023   1774977024    887488512
      476672            1          48.907       953344       476672
      476672            2          12.194      1906688       953344
      476672            4          22.226      3813376      1906688
      476672            8          40.707      7626752      3813376
      476672           16          82.008     15253504      7626752
      476672           32         160.739     30507008     15253504
      476672           64         327.632     61014016     30507008
      476672          128         636.334    122028032     61014016
      476672          256        1280.103    244056064    122028032
      476672          512        2567.769    488112128    244056064
      476672         1024        5147.547    976224256    488112128
      476672         2048       10276.309   1952448512    976224256
      524288            1          54.106      1048576       524288
      524288            2          13.372      2097152      1048576
      524288            4          23.329      4194304      2097152
      524288            8          45.480      8388608      4194304
      524288           16          91.027     16777216      8388608
      524288           32         178.003     33554432     16777216
      524288           64         354.533     67108864     33554432
      524288          128         712.780    134217728     67108864
      524288          256        1419.996    268435456    134217728
      524288          512        2828.158    536870912    268435456
      524288         1024        5667.650   1073741824    536870912
      524288         2048       11292.255   2147483648   1073741824
      576704            1          66.525      1153408       576704
      576704            2          15.426      2306816      1153408
      576704            4          26.292      4613632      2306816
      576704            8          52.693      9227264      4613632
      576704           16          99.162     18454528      9227264
      576704           32         197.108     36909056     18454528
      576704           64         393.397     73818112     36909056
      576704          128         800.256    147636224     73818112
      576704          256        1587.909    295272448    147636224
      576704          512        3139.816    590544896    295272448
      576704         1024        6305.196   1181089792    590544896
      634368            1          63.217      1268736       634368
      634368            2          16.413      2537472      1268736
      634368            4          29.029      5074944      2537472
      634368            8          65.611     10149888      5074944
      634368           16         110.001     20299776     10149888
      634368           32         217.852     40599552     20299776
      634368           64         432.467     81199104     40599552
      634368          128         870.098    162398208     81199104
      634368          256        1734.528    324796416    162398208
      634368          512        3458.103    649592832    324796416
      634368         1024        6911.595   1299185664    649592832
      697792            1          76.350      1395584       697792
      697792            2          18.767      2791168      1395584
      697792            4          31.544      5582336      2791168
      697792            8          59.845     11164672      5582336
      697792           16         117.288     22329344     11164672
      697792           32         231.423     44658688     22329344
      697792           64         454.754     89317376     44658688
      697792          128         910.301    178634752     89317376
      697792          256        1833.415    357269504    178634752
      697792          512        3641.831    714539008    357269504
      697792         1024        7305.631   1429078016    714539008
      767552            1          75.560      1535104       767552
      767552            2          21.200      3070208      1535104
      767552            4          45.694      6140416      3070208
      767552            8          68.251     12280832      6140416
      767552           16         133.553     24561664     12280832
      767552           32         265.051     49123328     24561664
      767552           64         537.203     98246656     49123328
      767552          128        1082.418    196493312     98246656
      767552          256        2115.803    392986624    196493312
      767552          512        4220.477    785973248    392986624
      767552         1024        8425.661   1571946496    785973248
      844288            1          87.178      1688576       844288
      844288            2          22.565      3377152      1688576
      844288            4          40.576      6754304      3377152
      844288            8          75.731     13508608      6754304
      844288           16         147.751     27017216     13508608
      844288           32         291.168     54034432     27017216
      844288           64         585.916    108068864     54034432
      844288          128        1153.669    216137728    108068864
      844288          256        2313.067    432275456    216137728
      844288          512        4623.445    864550912    432275456
      844288         1024        9253.483   1729101824    864550912
      928704            1          96.264      1857408       928704
      928704            2          33.836      3714816      1857408
      928704            4          43.084      7429632      3714816
      928704            8          80.620     14859264      7429632
      928704           16         156.698     29718528     14859264
      928704           32         309.371     59437056     29718528
      928704           64         622.524    118874112     59437056
      928704          128        1233.218    237748224    118874112
      928704          256        2456.134    475496448    237748224
      928704          512        4890.419    950992896    475496448
      928704         1024        9773.587   1901985792    950992896
     1021568            1         104.488      2043136      1021568
     1021568            2          29.521      4086272      2043136
     1021568            4          50.190      8172544      4086272
     1021568            8         102.773     16345088      8172544
     1021568           16         180.458     32690176     16345088
     1021568           32         357.601     65380352     32690176
     1021568           64         714.565    130760704     65380352
     1021568          128        1419.557    261521408    130760704
     1021568          256        2837.310    523042816    261521408
     1021568          512        5666.943   1046085632    523042816
     1021568         1024       11329.342   2092171264   1046085632
     1123712            1         121.856      2247424      1123712
     1123712            2          32.416      4494848      2247424
     1123712            4          54.325      8989696      4494848
     1123712            8         107.924     17979392      8989696
     1123712           16         192.529     35958784     17979392
     1123712           32         376.522     71917568     35958784
     1123712           64         750.951    143835136     71917568
     1123712          128        1490.525    287670272    143835136
     1123712          256        2976.953    575340544    287670272
     1123712          512        5934.108   1150681088    575340544
     1236032            1         132.929      2472064      1236032
     1236032            2          39.164      4944128      2472064
     1236032            4          62.413      9888256      4944128
     1236032            8         116.577     19776512      9888256
     1236032           16         224.154     39553024     19776512
     1236032           32         438.499     79106048     39553024
     1236032           64         878.857    158212096     79106048
     1236032          128        1745.285    316424192    158212096
     1236032          256        3492.602    632848384    316424192
     1236032          512        6938.996   1265696768    632848384
     1359616            1         139.923      2719232      1359616
     1359616            2          46.183      5438464      2719232
     1359616            4          69.864     10876928      5438464
     1359616            8         126.447     21753856     10876928
     1359616           16         239.925     43507712     21753856
     1359616           32         476.912     87015424     43507712
     1359616           64         931.788    174030848     87015424
     1359616          128        1849.119    348061696    174030848
     1359616          256        3686.762    696123392    348061696
     1359616          512        7367.910   1392246784    696123392
     1495552            1         153.973      2991104      1495552
     1495552            2          56.002      5982208      2991104
     1495552            4          78.565     11964416      5982208
     1495552            8         144.983     23928832     11964416
     1495552           16         278.463     47857664     23928832
     1495552           32         550.320     95715328     47857664
     1495552           64        1081.055    191430656     95715328
     1495552          128        2138.831    382861312    191430656
     1495552          256        4273.504    765722624    382861312
     1495552          512        8523.226   1531445248    765722624
     1645056            1         168.383      3290112      1645056
     1645056            2          66.473      6580224      3290112
     1645056            4          86.385     13160448      6580224
     1645056            8         160.865     26320896     13160448
     1645056           16         317.969     52641792     26320896
     1645056           32         601.784    105283584     52641792
     1645056           64        1192.613    210567168    105283584
     1645056          128        2372.319    421134336    210567168
     1645056          256        4713.196    842268672    421134336
     1645056          512        9417.167   1684537344    842268672
     1809536            1         190.369      3619072      1809536
     1809536            2          83.514      7238144      3619072
     1809536            4          95.847     14476288      7238144
     1809536            8         176.400     28952576     14476288
     1809536           16         336.858     57905152     28952576
     1809536           32         669.972    115810304     57905152
     1809536           64        1315.235    231620608    115810304
     1809536          128        2625.361    463241216    231620608
     1809536          256        5220.241    926482432    463241216
     1809536          512       10423.036   1852964864    926482432
     1990464            1         205.075      3980928      1990464
     1990464            2         100.504      7961856      3980928
     1990464            4         107.015     15923712      7961856
     1990464            8         193.007     31847424     15923712
     1990464           16         372.994     63694848     31847424
     1990464           32         709.108    127389696     63694848
     1990464           64        1401.887    254779392    127389696
     1990464          128        2766.060    509558784    254779392
     1990464          256        5516.347   1019117568    509558784
     1990464          512       11012.854   2038235136   1019117568
     2189504            1         233.755      4379008      2189504
     2189504            2         123.614      8758016      4379008
     2189504            4         128.896     17516032      8758016
     2189504            8         218.659     35032064     17516032
     2189504           16         413.628     70064128     35032064
     2189504           32         813.605    140128256     70064128
     2189504           64        1603.316    280256512    140128256
     2189504          128        3180.012    560513024    280256512
     2189504          256        6333.290   1121026048    560513024
     2408448            1         248.558      4816896      2408448
     2408448            2         156.488      9633792      4816896
     2408448            4         134.771     19267584      9633792
     2408448            8         242.536     38535168     19267584
     2408448           16         458.411     77070336     38535168
     2408448           32         896.340    154140672     77070336
     2408448           64        1768.517    308281344    154140672
     2408448          128        3508.042    616562688    308281344
     2408448          256        7014.757   1233125376    616562688
     2649280            1         277.073      5298560      2649280
     2649280            2         183.836     10597120      5298560
     2649280            4         148.509     21194240     10597120
     2649280            8         274.552     42388480     21194240
     2649280           16         503.775     84776960     42388480
     2649280           32         993.281    169553920     84776960
     2649280           64        1945.497    339107840    169553920
     2649280          128        3865.280    678215680    339107840
     2649280          256        7704.692   1356431360    678215680
     2914176            1         304.255      5828352      2914176
     2914176            2         233.548     11656704      5828352
     2914176            4         161.594     23313408     11656704
     2914176            8         305.512     46626816     23313408
     2914176           16         539.956     93253632     46626816
     2914176           32        1052.685    186507264     93253632
     2914176           64        2069.975    373014528    186507264
     2914176          128        4106.082    746029056    373014528
     2914176          256        8240.391   1492058112    746029056
     3205568            1         338.293      6411136      3205568
     3205568            2         286.462     12822272      6411136
     3205568            4         177.388     25644544     12822272
     3205568            8         314.692     51289088     25644544
     3205568           16         599.422    102578176     51289088
     3205568           32        1150.410    205156352    102578176
     3205568           64        2260.482    410312704    205156352
     3205568          128        4937.398    820625408    410312704
     3205568          256        8945.823   1641250816    820625408
     3526080            1         375.795      7052160      3526080
     3526080            2         338.769     14104320      7052160
     3526080            4         197.438     28208640     14104320
     3526080            8         347.755     56417280     28208640
     3526080           16         661.967    112834560     56417280
     3526080           32        1271.105    225669120    112834560
     3526080           64        2503.561    451338240    225669120
     3526080          128        4949.587    902676480    451338240
     3526080          256        9885.593   1805352960    902676480
     3878656            1         417.645      7757312      3878656
     3878656            2         400.342     15514624      7757312
     3878656            4         227.537     31029248     15514624
     3878656            8         386.670     62058496     31029248
     3878656           16         734.522    124116992     62058496
     3878656           32        1410.758    248233984    124116992
     3878656           64        2783.357    496467968    248233984
     3878656          128        5510.670    992935936    496467968
     3878656          256       11000.768   1985871872    992935936
     4266496            1         454.506      8532992      4266496
     4266496            2         471.080     17065984      8532992
     4266496            4         253.905     34131968     17065984
     4266496            8         441.697     68263936     34131968
     4266496           16         845.954    136527872     68263936
     4266496           32        1624.814    273055744    136527872
     4266496           64        3224.541    546111488    273055744
     4266496          128        6387.686   1092222976    546111488
     4693120            1         501.979      9386240      4693120
     4693120            2         556.031     18772480      9386240
     4693120            4         275.765     37544960     18772480
     4693120            8         500.034     75089920     37544960
     4693120           16         937.396    150179840     75089920
     4693120           32        1812.106    300359680    150179840
     4693120           64        3582.016    600719360    300359680
     4693120          128        7107.826   1201438720    600719360
     5162432            1         561.307     10324864      5162432
     5162432            2         683.408     20649728     10324864
     5162432            4         321.573     41299456     20649728
     5162432            8         545.045     82598912     41299456
     5162432           16        1012.221    165197824     82598912
     5162432           32        1994.645    330395648    165197824
     5162432           64        3852.315    660791296    330395648
     5162432          128        7601.792   1321582592    660791296
     5678656            1         621.546     11357312      5678656
     5678656            2         809.273     22714624     11357312
     5678656            4         389.878     45429248     22714624
     5678656            8         662.181     90858496     45429248
     5678656           16        1219.009    181716992     90858496
     5678656           32        2326.619    363433984    181716992
     5678656           64        4589.012    726867968    363433984
     5678656          128        9178.644   1453735936    726867968
     6246464            1         670.168     12492928      6246464
     6246464            2         964.940     24985856     12492928
     6246464            4         546.212     49971712     24985856
     6246464            8         839.515     99943424     49971712
     6246464           16        1514.576    199886848     99943424
     6246464           32        2832.211    399773696    199886848
     6246464           64        5498.096    799547392    399773696
     6246464          128       10858.426   1599094784    799547392
     6871104            1         735.215     13742208      6871104
     6871104            2        1214.701     27484416     13742208
     6871104            4         826.786     54968832     27484416
     6871104            8        1302.027    109937664     54968832
     6871104           16        2306.243    219875328    109937664
     6871104           32        4216.331    439750656    219875328
     6871104           64        7890.703    879501312    439750656
     6871104          128       15447.535   1759002624    879501312
     7558208            1         812.483     15116416      7558208
     7558208            2        1388.206     30232832     15116416
     7558208            4        1206.059     60465664     30232832
     7558208            8        1834.200    120931328     60465664
     7558208           16        3228.845    241862656    120931328
     7558208           32        6085.849    483725312    241862656
     7558208           64       11379.743    967450624    483725312
     7558208          128       21998.416   1934901248    967450624
     8313984            1         855.691     16627968      8313984
     8313984            2        1438.725     33255936     16627968
     8313984            4        1553.989     66511872     33255936
     8313984            8        2434.662    133023744     66511872
     8313984           16        4230.309    266047488    133023744
     8313984           32        7853.575    532094976    266047488
     8313984           64       13798.684   1064189952    532094976
     8313984          128       25867.657   2128379904   1064189952
     9145344            1         983.148     18290688      9145344
     9145344            2        1800.024     36581376     18290688
     9145344            4        1894.803     73162752     36581376
     9145344            8        2896.685    146325504     73162752
     9145344           16        5238.819    292651008    146325504
     9145344           32        9891.700    585302016    292651008
     9145344           64       17592.988   1170604032    585302016
    10059840            1        1054.064     20119680     10059840
    10059840            2        1991.350     40239360     20119680
    10059840            4        2359.808     80478720     40239360
    10059840            8        3532.630    160957440     80478720
    10059840           16        6151.957    321914880    160957440
    10059840           32       11800.581    643829760    321914880
    10059840           64       21857.096   1287659520    643829760
    11065792            1        1182.210     22131584     11065792
    11065792            2        2218.650     44263168     22131584
    11065792            4        2810.618     88526336     44263168
    11065792            8        4131.455    177052672     88526336
    11065792           16        7149.612    354105344    177052672
    11065792           32       13621.788    708210688    354105344
    11065792           64       26898.419   1416421376    708210688
    12172352            1        1305.100     24344704     12172352
    12172352            2        2501.673     48689408     24344704
    12172352            4        3254.268     97378816     48689408
    12172352            8        4845.142    194757632     97378816
    12172352           16        8326.976    389515264    194757632
    12172352           32       15818.486    779030528    389515264
    12172352           64       31387.585   1558061056    779030528
    13389568            1        1440.934     26779136     13389568
    13389568            2        2737.441     53558272     26779136
    13389568            4        3726.003    107116544     53558272
    13389568            8        5658.439    214233088    107116544
    13389568           16        9744.681    428466176    214233088
    13389568           32       18342.080    856932352    428466176
    13389568           64       35794.321   1713864704    856932352
    14728512            1        1596.744     29457024     14728512
    14728512            2        3057.080     58914048     29457024
    14728512            4        4277.621    117828096     58914048
    14728512            8        6518.734    235656192    117828096
    14728512           16       11254.685    471312384    235656192
    14728512           32       21280.239    942624768    471312384
    14728512           64       41650.311   1885249536    942624768
    16201344            1        1756.084     32402688     16201344
    16201344            2        3386.539     64805376     32402688
    16201344            4        4786.211    129610752     64805376
    16201344            8        7419.176    259221504    129610752
    16201344           16       12771.497    518443008    259221504
    16201344           32       24251.936   1036886016    518443008
    16201344           64       47356.267   2073772032   1036886016
    17821440            1        1916.769     35642880     17821440
    17821440            2        3711.841     71285760     35642880
    17821440            4        5256.377    142571520     71285760
    17821440            8        8189.761    285143040    142571520
    17821440           16       14403.737    570286080    285143040
    17821440           32       27196.780   1140572160    570286080
    19603584            1        2119.033     39207168     19603584
    19603584            2        4134.773     78414336     39207168
    19603584            4        5908.239    156828672     78414336
    19603584            8        9251.789    313657344    156828672
    19603584           16       16359.630    627314688    313657344
    19603584           32       30622.238   1254629376    627314688
    21563904            1        2356.157     43127808     21563904
    21563904            2        4542.012     86255616     43127808
    21563904            4        6519.788    172511232     86255616
    21563904            8       10338.031    345022464    172511232
    21563904           16       18357.429    690044928    345022464
    21563904           32       34678.872   1380089856    690044928
    23720256            1        2597.547     47440512     23720256
    23720256            2        5056.198     94881024     47440512
    23720256            4        7249.675    189762048     94881024
    23720256            8       11690.065    379524096    189762048
    23720256           16       20592.269    759048192    379524096
    23720256           32       39119.991   1518096384    759048192
    26092224            1        2855.829     52184448     26092224
    26092224            2        5591.755    104368896     52184448
    26092224            4        8047.286    208737792    104368896
    26092224            8       12968.016    417475584    208737792
    26092224           16       23150.942    834951168    417475584
    26092224           32       44058.819   1669902336    834951168
    28701440            1        3140.437     57402880     28701440
    28701440            2        6367.953    114805760     57402880
    28701440            4        8890.160    229611520    114805760
    28701440            8       14256.413    459223040    229611520
    28701440           16       25638.265    918446080    459223040
    28701440           32       48701.868   1836892160    918446080
    31571584            1        3451.383     63143168     31571584
    31571584            2        6789.897    126286336     63143168
    31571584            4        9891.492    252572672    126286336
    31571584            8       16072.940    505145344    252572672
    31571584           16       28743.664   1010290688    505145344
    31571584           32       54536.646   2020581376   1010290688
    34728704            1        3824.245     69457408     34728704
    34728704            2        7491.314    138914816     69457408
    34728704            4       10885.139    277829632    138914816
    34728704            8       17771.679    555659264    277829632
    34728704           16       31753.800   1111318528    555659264
    38201536            1        4177.041     76403072     38201536
    38201536            2        8216.234    152806144     76403072
    38201536            4       12005.180    305612288    152806144
    38201536            8       19624.645    611224576    305612288
    38201536           16       35194.283   1222449152    611224576
    42021632            1        4616.228     84043264     42021632
    42021632            2        9136.772    168086528     84043264
    42021632            4       13395.606    336173056    168086528
    42021632            8       22054.764    672346112    336173056
    42021632           16       39334.912   1344692224    672346112
    46223744            1        5096.920     92447488     46223744
    46223744            2       10161.486    184894976     92447488
    46223744            4       14877.194    369789952    184894976
    46223744            8       24756.261    739579904    369789952
    46223744           16       44393.061   1479159808    739579904
    50846080            1        5659.269    101692160     50846080
    50846080            2       11197.803    203384320    101692160
    50846080            4       16479.157    406768640    203384320
    50846080            8       27311.411    813537280    406768640
    50846080           16       49070.397   1627074560    813537280
    55930688            1        6223.186    111861376     55930688
    55930688            2       12325.918    223722752    111861376
    55930688            4       18142.571    447445504    223722752
    55930688            8       30002.996    894891008    447445504
    55930688           16       54003.770   1789782016    894891008
    61523712            1        6868.333    123047424     61523712
    61523712            2       13602.046    246094848    123047424
    61523712            4       20147.649    492189696    246094848
    61523712            8       33255.431    984379392    492189696
    61523712           16       59764.475   1968758784    984379392
    67676032            1        7981.451    135352064     67676032
    67676032            2       14272.465    270704128    135352064
    67676032            4       22221.961    541408256    270704128
    67676032            8       36911.440   1082816512    541408256
    74443584            1        8360.679    148887168     74443584
    74443584            2       16635.931    297774336    148887168
    74443584            4       24661.611    595548672    297774336
    74443584            8       40849.586   1191097344    595548672
    81887936            1        9256.996    163775872     81887936
    81887936            2       18366.375    327551744    163775872
    81887936            4       27324.926    655103488    327551744
    81887936            8       45465.165   1310206976    655103488
    90076672            1       10152.110    180153344     90076672
    90076672            2       20130.486    360306688    180153344
    90076672            4       30029.941    720613376    360306688
    90076672            8       50013.533   1441226752    720613376
    99084288            1       11170.739    198168576     99084288
    99084288            2       22094.137    396337152    198168576
    99084288            4       32953.788    792674304    396337152
    99084288            8       54680.150   1585348608    792674304
   108992704            1       12324.574    217985408    108992704
   108992704            2       24442.280    435970816    217985408
   108992704            4       36336.419    871941632    435970816
   108992704            8       60382.449   1743883264    871941632
   119891968            1       13494.046    239783936    119891968
   119891968            2       26896.097    479567872    239783936
   119891968            4       40062.888    959135744    479567872
   119891968            8       66549.667   1918271488    959135744
   131881152            1       14841.986    263762304    131881152
   131881152            2       29629.462    527524608    263762304
   131881152            4       44300.886   1055049216    527524608
   131881152            8       73511.484   2110098432   1055049216
   145069248            1       16396.751    290138496    145069248
   145069248            2       32722.906    580276992    290138496
   145069248            4       49029.279   1160553984    580276992
   159576128            1       18042.607    319152256    159576128
   159576128            2       36118.210    638304512    319152256
   159576128            4       53959.233   1276609024    638304512
   175533696            1       19872.615    351067392    175533696
   175533696            2       39827.512    702134784    351067392
   175533696            4       59568.267   1404269568    702134784
   193087040            1       21897.703    386174080    193087040
   193087040            2       43975.130    772348160    386174080
   193087040            4       65657.172   1544696320    772348160
   212395712            1       24122.573    424791424    212395712
   212395712            2       48368.151    849582848    424791424
   212395712            4       72302.940   1699165696    849582848
   233635264            1       26752.203    467270528    233635264
   233635264            2       53513.280    934541056    467270528
   233635264            4       79889.430   1869082112    934541056
   256998784            1       29333.886    513997568    256998784
   256998784            2       58969.544   1027995136    513997568
   256998784            4       88052.763   2055990272   1027995136
   282698624            1       32191.280    565397248    282698624
   282698624            2       65135.516   1130794496    565397248
   310968448            1       35384.146    621936896    310968448
   310968448            2       71602.141   1243873792    621936896
   342065280            1       38894.037    684130560    342065280
   342065280            2       78699.533   1368261120    684130560
   376271808            1       42930.766    752543616    376271808
   376271808            2       86865.549   1505087232    752543616
   413898944            1       47061.670    827797888    413898944
   413898944            2       95371.574   1655595776    827797888
   455288832            1       51751.661    910577664    455288832
   455288832            2      105245.008   1821155328    910577664
   500817664            1       57070.321   1001635328    500817664
   500817664            2      115332.279   2003270656   1001635328
   550899392            1       62920.489   1101798784    550899392
   605989312            1       69438.655   1211978624    605989312
   666588224            1       75948.770   1333176448    666588224
   733247040            1       83327.956   1466494080    733247040
   806571712            1       91159.078   1613143424    806571712
   887228864            1      100290.267   1774457728    887228864
   975951744            1      109939.906   1951903488    975951744
  1073546880            1      120618.881   2147093760   1073546880

META_DATA
FLOPS          8
OPENMP_THREADS 8
ERT_VERSION  1.1.0
HOSTNAME  ('laptop', [], ['127.0.1.1'])
UNAME  uname_result(system='Linux', node='laptop', release='6.8.0-84-generic', version='#84-Ubuntu SMP PREEMPT_DYNAMIC Fri Sep  5 22:36:38 UTC 2025', machine='x86_64')
TIMESTAMP_DATA  1765914612.4672756
CONFIG  {'ERT_MPI': ['False'], 'ERT_OPENMP': ['True'], 'ERT_OPENMP_CFLAGS': ['-fopenmp'], 'ERT_OPENMP_LDFLAGS': ['-fopenmp'], 'ERT_PRECISION': ['FP64'], 'ERT_TRIALS_MIN': ['1'], 'ERT_TRIALS': ['3', '#', 'Run', 'each', 'test', '3', 'times', 'to', 'filter', 'out', 'background', 'noise'], 'ERT_RESULTS': ['Results/8250U'], 'ERT_GNUPLOT': ['gnuplot'], 'ERT_DRIVER': ['driver1'], 'ERT_KERNEL': ['kernel1'], 'ERT_CC': ['g++'], 'ERT_LD': ['g++'], 'ERT_CFLAGS': ['-O3', '-march=native', '-fopenmp', '-fstrict-aliasing', '-funroll-loops', '-Wno-all'], 'ERT_LDFLAGS': ['-O3', '-march=native', '-fopenmp'], 'ERT_LDLIBS': ['-lm'], 'ERT_RUN': ['export', 'OMP_NUM_THREADS=ERT_OPENMP_THREADS;', './ERT_CODE'], 'ERT_WORKING_SET_MIN': ['128'], 'ERT_MEMORY_MAX': ['1073741824'], 'ERT_ALIGN': ['64'], 'ERT_MIN_PROCS': ['1'], 'ERT_MAX_PROCS': ['1'], 'ERT_OPENMP_THREADS': ['1,2,4,8', '#', 'Logical', 'Threads'], 'ERT_NUM_EXPERIMENTS': ['4'], 'ERT_FLOPS': ['1,2,4,8'], 'ERT_GPU': [False], 'ERT_HIP': [False], 'ERT_OCL': [False], 'ERT_SYCL': [False], 'ERT_WSS_MULT': [1.1]}
