fp64
        8192            1           3.574        16384         8192
        8192            2           1.889        32768        16384
        8192            4           1.974        65536        32768
        8192            8           2.217       131072        65536
        8192           16           2.586       262144       131072
        8192           32           3.955       524288       262144
        8192           64           6.450      1048576       524288
        8192          128          11.610      2097152      1048576
        8192          256          21.980      4194304      2097152
        8192          512          42.730      8388608      4194304
        8192         1024          90.281     16777216      8388608
        8192         2048         166.960     33554432     16777216
        8192         4096         332.436     67108864     33554432
        8192         8192         670.073    134217728     67108864
        8192        16384        1331.784    268435456    134217728
        8192        32768        2668.136    536870912    268435456
        8192        65536        5328.921   1073741824    536870912
        8192       131072       10720.962   2147483648   1073741824
        8960            1           2.177        17920         8960
        8960            2           1.920        35840        17920
        8960            4           2.000        71680        35840
        8960            8           2.283       143360        71680
        8960           16           2.852       286720       143360
        8960           32           4.345       573440       286720
        8960           64           7.041      1146880       573440
        8960          128          12.774      2293760      1146880
        8960          256          24.302      4587520      2293760
        8960          512          47.354      9175040      4587520
        8960         1024          93.576     18350080      9175040
        8960         2048         185.384     36700160     18350080
        8960         4096         377.674     73400320     36700160
        8960         8192         744.593    146800640     73400320
        8960        16384        1479.074    293601280    146800640
        8960        32768        2963.373    587202560    293601280
        8960        65536        5928.289   1174405120    587202560
        9856            1           3.461        19712         9856
        9856            2           2.065        39424        19712
        9856            4           2.086        78848        39424
        9856            8           2.353       157696        78848
        9856           16           2.958       315392       157696
        9856           32           4.733       630784       315392
        9856           64           7.773      1261568       630784
        9856          128          14.322      2523136      1261568
        9856          256          27.647      5046272      2523136
        9856          512          53.574     10092544      5046272
        9856         1024         106.224     20185088     10092544
        9856         2048         218.925     40370176     20185088
        9856         4096         420.018     80740352     40370176
        9856         8192         845.376    161480704     80740352
        9856        16384        1688.505    322961408    161480704
        9856        32768        3392.112    645922816    322961408
        9856        65536        6833.808   1291845632    645922816
       10816            1           3.935        21632        10816
       10816            2           2.069        43264        21632
       10816            4           2.209        86528        43264
       10816            8           2.434       173056        86528
       10816           16           3.076       346112       173056
       10816           32           4.789       692224       346112
       10816           64           8.458      1384448       692224
       10816          128          15.672      2768896      1384448
       10816          256          29.980      5537792      2768896
       10816          512          58.561     11075584      5537792
       10816         1024         115.673     22151168     11075584
       10816         2048         237.654     44302336     22151168
       10816         4096         459.184     88604672     44302336
       10816         8192         924.926    177209344     88604672
       10816        16384        1849.687    354418688    177209344
       10816        32768       12067.737    708837376    354418688
       10816        65536        8437.222   1417674752    708837376
       11840            1           2.022        23680        11840
       11840            2           2.025        47360        23680
       11840            4           2.036        94720        47360
       11840            8           2.544       189440        94720
       11840           16           3.862       378880       189440
       11840           32           5.224       757760       378880
       11840           64           9.072      1515520       757760
       11840          128          16.984      3031040      1515520
       11840          256          32.550      6062080      3031040
       11840          512          64.204     12124160      6062080
       11840         1024         126.795     24248320     12124160
       11840         2048         260.248     48496640     24248320
       11840         4096         500.828     96993280     48496640
       11840         8192        1010.270    193986560     96993280
       11840        16384        2018.789    387973120    193986560
       11840        32768        4037.433    775946240    387973120
       11840        65536        8081.623   1551892480    775946240
       12992            1           3.848        25984        12992
       12992            2           2.023        51968        25984
       12992            4           2.178       103936        51968
       12992            8           2.625       207872       103936
       12992           16           3.423       415744       207872
       12992           32           5.656       831488       415744
       12992           64          17.962      1662976       831488
       12992          128          18.557      3325952      1662976
       12992          256          36.040      6651904      3325952
       12992          512          71.126     13303808      6651904
       12992         1024         140.673     26607616     13303808
       12992         2048         277.936     53215232     26607616
       12992         4096         564.460    106430464     53215232
       12992         8192        1120.409    212860928    106430464
       12992        16384        2250.041    425721856    212860928
       12992        32768        4483.378    851443712    425721856
       12992        65536        8951.300   1702887424    851443712
       14272            1           2.482        28544        14272
       14272            2           1.986        57088        28544
       14272            4           2.210       114176        57088
       14272            8           2.673       228352       114176
       14272           16           3.715       456704       228352
       14272           32           6.070       913408       456704
       14272           64          10.752      1826816       913408
       14272          128          20.267      3653632      1826816
       14272          256          39.252      7307264      3653632
       14272          512          77.303     14614528      7307264
       14272         1024         153.510     29229056     14614528
       14272         2048         304.910     58458112     29229056
       14272         4096         615.249    116916224     58458112
       14272         8192        1222.559    233832448    116916224
       14272        16384        2452.202    467664896    233832448
       14272        32768        4898.099    935329792    467664896
       14272        65536        9897.462   1870659584    935329792
       15680            1           3.051        31360        15680
       15680            2           1.993        62720        31360
       15680            4           2.155       125440        62720
       15680            8           2.683       250880       125440
       15680           16           3.886       501760       250880
       15680           32           6.394      1003520       501760
       15680           64          11.524      2007040      1003520
       15680          128          21.659      4014080      2007040
       15680          256          41.953      8028160      4014080
       15680          512          82.799     16056320      8028160
       15680         1024         164.492     32112640     16056320
       15680         2048         335.514     64225280     32112640
       15680         4096         652.436    128450560     64225280
       15680         8192        1315.833    256901120    128450560
       15680        16384        2616.743    513802240    256901120
       15680        32768        5245.992   1027604480    513802240
       15680        65536       10779.283   2055208960   1027604480
       17216            1           1.570        34432        17216
       17216            2           2.016        68864        34432
       17216            4           2.285       137728        68864
       17216            8           3.236       275456       137728
       17216           16           4.178       550912       275456
       17216           32           6.842      1101824       550912
       17216           64          20.598      2203648      1101824
       17216          128          23.633      4407296      2203648
       17216          256          46.347      8814592      4407296
       17216          512          90.889     17629184      8814592
       17216         1024         180.276     35258368     17629184
       17216         2048         357.760     70516736     35258368
       17216         4096         727.528    141033472     70516736
       17216         8192        1439.520    282066944    141033472
       17216        16384        2882.265    564133888    282066944
       17216        32768        5766.702   1128267776    564133888
       18880            1           2.678        37760        18880
       18880            2           2.583        75520        37760
       18880            4           2.364       151040        75520
       18880            8           3.448       302080       151040
       18880           16           4.364       604160       302080
       18880           32           7.431      1208320       604160
       18880           64          13.581      2416640      1208320
       18880          128          25.932      4833280      2416640
       18880          256          50.651      9666560      4833280
       18880          512         100.156     19333120      9666560
       18880         1024         204.752     38666240     19333120
       18880         2048         396.251     77332480     38666240
       18880         4096         797.864    154664960     77332480
       18880         8192        1587.085    309329920    154664960
       18880        16384        3185.974    618659840    309329920
       18880        32768        6356.568   1237319680    618659840
       20736            1           2.568        41472        20736
       20736            2           2.079        82944        41472
       20736            4           2.304       165888        82944
       20736            8           3.029       331776       165888
       20736           16           4.673       663552       331776
       20736           32           7.784      1327104       663552
       20736           64          14.339      2654208      1327104
       20736          128          27.453      5308416      2654208
       20736          256          53.596     10616832      5308416
       20736          512         106.059     21233664     10616832
       20736         1024         209.905     42467328     21233664
       20736         2048         419.822     84934656     42467328
       20736         4096         846.641    169869312     84934656
       20736         8192        1687.048    339738624    169869312
       20736        16384        3368.330    679477248    339738624
       20736        32768        6739.987   1358954496    679477248
       22784            1           3.532        45568        22784
       22784            2           2.171        91136        45568
       22784            4           2.262       182272        91136
       22784            8           3.097       364544       182272
       22784           16           4.907       729088       364544
       22784           32           8.430      1458176       729088
       22784           64          15.642      2916352      1458176
       22784          128          29.970      5832704      2916352
       22784          256          58.845     11665408      5832704
       22784          512         116.375     23330816     11665408
       22784         1024         239.678     46661632     23330816
       22784         2048         460.919     93323264     46661632
       22784         4096         927.190    186646528     93323264
       22784         8192        2287.715    373293056    186646528
       22784        16384        3739.358    746586112    373293056
       22784        32768        7427.752   1493172224    746586112
       25024            1           2.072        50048        25024
       25024            2           2.163       100096        50048
       25024            4           2.686       200192       100096
       25024            8           3.323       400384       200192
       25024           16           5.322       800768       400384
       25024           32           9.405      1601536       800768
       25024           64          17.393      3203072      1601536
       25024          128          33.648      6406144      3203072
       25024          256          66.183     12812288      6406144
       25024          512         130.975     25624576     12812288
       25024         1024         260.556     51249152     25624576
       25024         2048         525.788    102498304     51249152
       25024         4096        1044.723    204996608    102498304
       25024         8192        2087.317    409993216    204996608
       25024        16384        4170.844    819986432    409993216
       25024        32768        8348.873   1639972864    819986432
       27520            1           3.973        55040        27520
       27520            2           2.203       110080        55040
       27520            4           2.716       220160       110080
       27520            8           3.640       440320       220160
       27520           16           5.865       880640       440320
       27520           32          10.399      1761280       880640
       27520           64          19.258      3522560      1761280
       27520          128          36.968      7045120      3522560
       27520          256          72.623     14090240      7045120
       27520          512         143.668     28180480     14090240
       27520         1024         285.726     56360960     28180480
       27520         2048         572.766    112721920     56360960
       27520         4096        1135.543    225443840    112721920
       27520         8192        2269.795    450887680    225443840
       27520        16384        4546.178    901775360    450887680
       27520        32768        9096.160   1803550720    901775360
       30272            1           2.437        60544        30272
       30272            2           2.299       121088        60544
       30272            4           2.630       242176       121088
       30272            8           3.744       484352       242176
       30272           16           6.169       968704       484352
       30272           32          11.151      1937408       968704
       30272           64          20.651      3874816      1937408
       30272          128          40.094      7749632      3874816
       30272          256          79.158     15499264      7749632
       30272          512         156.948     30998528     15499264
       30272         1024         312.398     61997056     30998528
       30272         2048         629.455    123994112     61997056
       30272         4096        1276.281    247988224    123994112
       30272         8192        2656.165    495976448    247988224
       30272        16384        5316.161    991952896    495976448
       30272        32768       10061.174   1983905792    991952896
       33280            1           3.089        66560        33280
       33280            2           2.211       133120        66560
       33280            4           2.845       266240       133120
       33280            8           4.007       532480       266240
       33280           16           6.570      1064960       532480
       33280           32          11.841      2129920      1064960
       33280           64          22.335      4259840      2129920
       33280          128          43.586      8519680      4259840
       33280          256          93.983     17039360      8519680
       33280          512         169.988     34078720     17039360
       33280         1024         338.651     68157440     34078720
       33280         2048         681.711    136314880     68157440
       33280         4096        1362.193    272629760    136314880
       33280         8192        2722.245    545259520    272629760
       33280        16384        5436.460   1090519040    545259520
       36608            1           2.587        73216        36608
       36608            2           2.406       146432        73216
       36608            4           2.841       292864       146432
       36608            8           4.247       585728       292864
       36608           16           7.070      1171456       585728
       36608           32          12.891      2342912      1171456
       36608           64          24.499      4685824      2342912
       36608          128          47.944      9371648      4685824
       36608          256          94.243     18743296      9371648
       36608          512         186.975     37486592     18743296
       36608         1024         372.358     74973184     37486592
       36608         2048         750.857    149946368     74973184
       36608         4096        1500.054    299892736    149946368
       36608         8192        2988.667    599785472    299892736
       36608        16384        5979.647   1199570944    599785472
       40256            1           5.244        80512        40256
       40256            2           2.519       161024        80512
       40256            4           3.002       322048       161024
       40256            8           4.597       644096       322048
       40256           16           7.746      1288192       644096
       40256           32          14.136      2576384      1288192
       40256           64          26.903      5152768      2576384
       40256          128          52.517     10305536      5152768
       40256          256         104.008     20611072     10305536
       40256          512         206.553     41222144     20611072
       40256         1024         418.245     82444288     41222144
       40256         2048         822.403    164888576     82444288
       40256         4096        1650.830    329777152    164888576
       40256         8192        3303.731    659554304    329777152
       40256        16384        6610.879   1319108608    659554304
       44224            1           3.530        88448        44224
       44224            2           2.575       176896        88448
       44224            4           3.190       353792       176896
       44224            8           4.906       707584       353792
       44224           16           8.400      1415168       707584
       44224           32          15.511      2830336      1415168
       44224           64          29.820      5660672      2830336
       44224          128          58.613     11321344      5660672
       44224          256         131.008     22642688     11321344
       44224          512         228.329     45285376     22642688
       44224         1024         458.056     90570752     45285376
       44224         2048         920.892    181141504     90570752
       44224         4096        1837.485    362283008    181141504
       44224         8192        3679.238    724566016    362283008
       44224        16384        7346.042   1449132032    724566016
       48640            1           6.110        97280        48640
       48640            2           2.637       194560        97280
       48640            4           3.349       389120       194560
       48640            8           5.270       778240       389120
       48640           16           9.143      1556480       778240
       48640           32          16.748      3112960      1556480
       48640           64          32.159      6225920      3112960
       48640          128          62.931     12451840      6225920
       48640          256         132.759     24903680     12451840
       48640          512         246.997     49807360     24903680
       48640         1024         492.578     99614720     49807360
       48640         2048         988.983    199229440     99614720
       48640         4096        1981.929    398458880    199229440
       48640         8192        3955.479    796917760    398458880
       48640        16384        7907.929   1593835520    796917760
       53504            1           7.088       107008        53504
       53504            2           2.658       214016       107008
       53504            4           3.472       428032       214016
       53504            8           5.534       856064       428032
       53504           16           9.774      1712128       856064
       53504           32          18.096      3424256      1712128
       53504           64          41.219      6848512      3424256
       53504          128          69.010     13697024      6848512
       53504          256         136.178     27394048     13697024
       53504          512         271.239     54788096     27394048
       53504         1024         547.529    109576192     54788096
       53504         2048        1086.307    219152384    109576192
       53504         4096        2169.003    438304768    219152384
       53504         8192        4338.548    876609536    438304768
       53504        16384        8683.246   1753219072    876609536
       58816            1           6.450       117632        58816
       58816            2           2.739       235264       117632
       58816            4           3.715       470528       235264
       58816            8           5.962       941056       470528
       58816           16          10.659      1882112       941056
       58816           32          20.042      3764224      1882112
       58816           64          38.636      7528448      3764224
       58816          128          76.361     15056896      7528448
       58816          256         151.125     30113792     15056896
       58816          512         308.994     60227584     30113792
       58816         1024         600.490    120455168     60227584
       58816         2048        1212.925    240910336    120455168
       58816         4096        2412.161    481820672    240910336
       58816         8192        4827.574    963641344    481820672
       58816        16384        9661.558   1927282688    963641344
       64640            1           4.365       129280        64640
       64640            2           2.899       258560       129280
       64640            4           5.103       517120       258560
       64640            8           6.492      1034240       517120
       64640           16          11.504      2068480      1034240
       64640           32          21.811      4136960      2068480
       64640           64          42.216      8273920      4136960
       64640          128          83.291     16547840      8273920
       64640          256         165.285     33095680     16547840
       64640          512         336.158     66191360     33095680
       64640         1024         654.319    132382720     66191360
       64640         2048        1324.633    264765440    132382720
       64640         4096        2634.698    529530880    264765440
       64640         8192        5288.974   1059061760    529530880
       64640        16384       10554.121   2118123520   1059061760
       71104            1           8.005       142208        71104
       71104            2           2.697       284416       142208
       71104            4           4.224       568832       284416
       71104            8           7.028      1137664       568832
       71104           16          12.555      2275328      1137664
       71104           32          23.855      4550656      2275328
       71104           64          46.533      9101312      4550656
       71104          128          99.951     18202624      9101312
       71104          256         182.246     36405248     18202624
       71104          512         362.776     72810496     36405248
       71104         1024         729.074    145620992     72810496
       71104         2048        1452.141    291241984    145620992
       71104         4096        2912.926    582483968    291241984
       71104         8192        5821.631   1164967936    582483968
       78208            1          10.186       156416        78208
       78208            2           2.849       312832       156416
       78208            4           4.502       625664       312832
       78208            8           7.671      1251328       625664
       78208           16          13.739      2502656      1251328
       78208           32          26.173      5005312      2502656
       78208           64          51.152     10010624      5005312
       78208          128         110.344     20021248     10010624
       78208          256         200.811     40042496     20021248
       78208          512         397.819     80084992     40042496
       78208         1024         803.103    160169984     80084992
       78208         2048        1606.402    320339968    160169984
       78208         4096        3201.358    640679936    320339968
       78208         8192        6406.737   1281359872    640679936
       86016            1           9.827       172032        86016
       86016            2           3.291       344064       172032
       86016            4           4.786       688128       344064
       86016            8           8.182      1376256       688128
       86016           16          14.900      2752512      1376256
       86016           32          28.612      5505024      2752512
       86016           64          56.253     11010048      5505024
       86016          128         110.167     22020096     11010048
       86016          256         219.430     44040192     22020096
       86016          512         435.119     88080384     44040192
       86016         1024         878.234    176160768     88080384
       86016         2048        1754.818    352321536    176160768
       86016         4096        3504.221    704643072    352321536
       86016         8192        7012.527   1409286144    704643072
       94592            1           9.900       189184        94592
       94592            2           3.051       378368       189184
       94592            4           5.225       756736       378368
       94592            8           8.812      1513472       756736
       94592           16          16.383      3026944      1513472
       94592           32          31.243      6053888      3026944
       94592           64          61.073     12107776      6053888
       94592          128         121.055     24215552     12107776
       94592          256         240.300     48431104     24215552
       94592          512         486.862     96862208     48431104
       94592         1024         962.070    193724416     96862208
       94592         2048        1925.998    387448832    193724416
       94592         4096        3848.717    774897664    387448832
       94592         8192        7689.423   1549795328    774897664
      104000            1          10.954       208000       104000
      104000            2           3.499       416000       208000
      104000            4           5.542       832000       416000
      104000            8           9.652      1664000       832000
      104000           16          17.834      3328000      1664000
      104000           32          34.421      6656000      3328000
      104000           64          67.383     13312000      6656000
      104000          128         133.787     26624000     13312000
      104000          256         266.121     53248000     26624000
      104000          512         536.029    106496000     53248000
      104000         1024        1064.914    212992000    106496000
      104000         2048        2130.528    425984000    212992000
      104000         4096        4260.762    851968000    425984000
      104000         8192        8529.636   1703936000    851968000
      114368            1          12.182       228736       114368
      114368            2           3.580       457472       228736
      114368            4           5.929       914944       457472
      114368            8          10.424      1829888       914944
      114368           16          19.676      3659776      1829888
      114368           32          37.755      7319552      3659776
      114368           64          74.324     14639104      7319552
      114368          128         147.229     29278208     14639104
      114368          256         293.375     58556416     29278208
      114368          512         590.451    117112832     58556416
      114368         1024        1172.426    234225664    117112832
      114368         2048        2352.389    468451328    234225664
      114368         4096        4690.014    936902656    468451328
      114368         8192        9393.120   1873805312    936902656
      125760            1          12.831       251520       125760
      125760            2           3.975       503040       251520
      125760            4           6.563      1006080       503040
      125760            8          11.378      2012160      1006080
      125760           16          21.435      4024320      2012160
      125760           32          41.500      8048640      4024320
      125760           64          81.348     16097280      8048640
      125760          128         161.194     32194560     16097280
      125760          256         328.844     64389120     32194560
      125760          512         640.599    128778240     64389120
      125760         1024        1293.082    257556480    128778240
      125760         2048        2569.659    515112960    257556480
      125760         4096        5148.683   1030225920    515112960
      125760         8192       10304.230   2060451840   1030225920
      138304            1          11.960       276608       138304
      138304            2           4.193       553216       276608
      138304            4           7.164      1106432       553216
      138304            8          12.646      2212864      1106432
      138304           16          23.999      4425728      2212864
      138304           32          46.190      8851456      4425728
      138304           64          90.961     17702912      8851456
      138304          128         180.794     35405824     17702912
      138304          256         367.340     70811648     35405824
      138304          512         718.378    141623296     70811648
      138304         1024        1448.953    283246592    141623296
      138304         2048        2887.043    566493184    283246592
      138304         4096        5772.267   1132986368    566493184
      152128            1          15.452       304256       152128
      152128            2           4.526       608512       304256
      152128            4           7.921      1217024       608512
      152128            8          14.162      2434048      1217024
      152128           16          26.625      4868096      2434048
      152128           32          52.044      9736192      4868096
      152128           64         101.904     19472384      9736192
      152128          128         200.669     38944768     19472384
      152128          256         411.935     77889536     38944768
      152128          512         811.152    155779072     77889536
      152128         1024        1611.485    311558144    155779072
      152128         2048        3230.590    623116288    311558144
      152128         4096        6468.011   1246232576    623116288
      167296            1          17.259       334592       167296
      167296            2           4.849       669184       334592
      167296            4           8.425      1338368       669184
      167296            8          15.103      2676736      1338368
      167296           16          28.316      5353472      2676736
      167296           32          54.918     10706944      5353472
      167296           64         108.320     21413888     10706944
      167296          128         223.034     42827776     21413888
      167296          256         428.030     85655552     42827776
      167296          512         860.074    171311104     85655552
      167296         1024        1719.743    342622208    171311104
      167296         2048        3429.409    685244416    342622208
      167296         4096        6867.244   1370488832    685244416
      184000            1          19.730       368000       184000
      184000            2           5.303       736000       368000
      184000            4           9.464      1472000       736000
      184000            8          17.108      2944000      1472000
      184000           16          32.398      5888000      2944000
      184000           32          63.336     11776000      5888000
      184000           64         125.143     23552000     11776000
      184000          128         247.902     47104000     23552000
      184000          256         493.445     94208000     47104000
      184000          512         994.861    188416000     94208000
      184000         1024        1983.398    376832000    188416000
      184000         2048        3968.005    753664000    376832000
      184000         4096        7938.139   1507328000    753664000
      202368            1          22.745       404736       202368
      202368            2           5.558       809472       404736
      202368            4          10.226      1618944       809472
      202368            8          18.623      3237888      1618944
      202368           16          35.260      6475776      3237888
      202368           32          77.854     12951552      6475776
      202368           64         136.338     25903104     12951552
      202368          128         269.368     51806208     25903104
      202368          256         547.048    103612416     51806208
      202368          512        1084.143    207224832    103612416
      202368         1024        2166.450    414449664    207224832
      202368         2048        4334.725    828899328    414449664
      202368         4096        8679.405   1657798656    828899328
      222592            1          24.419       445184       222592
      222592            2           6.274       890368       445184
      222592            4          10.980      1780736       890368
      222592            8          19.669      3561472      1780736
      222592           16          37.308      7122944      3561472
      222592           32          72.662     14245888      7122944
      222592           64         143.289     28491776     14245888
      222592          128         293.029     56983552     28491776
      222592          256         568.889    113967104     56983552
      222592          512        1138.350    227934208    113967104
      222592         1024        2283.977    455868416    227934208
      222592         2048        4552.216    911736832    455868416
      222592         4096        9113.428   1823473664    911736832
      244800            1        1400.618       489600       244800
      244800            2          15.401       979200       489600
      244800            4          13.839      1958400       979200
      244800            8          22.026      3916800      1958400
      244800           16          42.485      7833600      3916800
      244800           32          83.665     15667200      7833600
      244800           64         172.847     31334400     15667200
      244800          128         327.094     62668800     31334400
      244800          256         659.635    125337600     62668800
      244800          512        1309.677    250675200    125337600
      244800         1024        2629.462    501350400    250675200
      244800         2048        5253.072   1002700800    501350400
      244800         4096       10482.347   2005401600   1002700800
      269248            1          23.601       538496       269248
      269248            2           7.302      1076992       538496
      269248            4          12.037      2153984      1076992
      269248            8          23.608      4307968      2153984
      269248           16          44.922      8615936      4307968
      269248           32          87.968     17231872      8615936
      269248           64         173.349     34463744     17231872
      269248          128         344.078     68927488     34463744
      269248          256         691.786    137854976     68927488
      269248          512        1378.879    275709952    137854976
      269248         1024        2761.209    551419904    275709952
      269248         2048        5513.692   1102839808    551419904
      296128            1          32.793       592256       296128
      296128            2           7.995      1184512       592256
      296128            4          14.249      2369024      1184512
      296128            8          26.563      4738048      2369024
      296128           16          51.295      9476096      4738048
      296128           32         100.691     18952192      9476096
      296128           64         197.656     37904384     18952192
      296128          128         403.469     75808768     37904384
      296128          256         786.865    151617536     75808768
      296128          512        1591.173    303235072    151617536
      296128         1024        3170.326    606470144    303235072
      296128         2048        6336.963   1212940288    606470144
      325696            1          32.569       651392       325696
      325696            2           8.811      1302784       651392
      325696            4          15.444      2605568      1302784
      325696            8          29.080      5211136      2605568
      325696           16          56.061     10422272      5211136
      325696           32         110.094     20844544     10422272
      325696           64         218.371     41689088     20844544
      325696          128         441.658     83378176     41689088
      325696          256         867.683    166756352     83378176
      325696          512        1747.501    333512704    166756352
      325696         1024        3493.999    667025408    333512704
      325696         2048        7036.771   1334050816    667025408
      358208            1          35.788       716416       358208
      358208            2           9.342      1432832       716416
      358208            4          16.678      2865664      1432832
      358208            8          30.729      5731328      2865664
      358208           16          59.244     11462656      5731328
      358208           32         116.034     22925312     11462656
      358208           64         227.870     45850624     22925312
      358208          128         464.492     91701248     45850624
      358208          256         918.656    183402496     91701248
      358208          512        1833.100    366804992    183402496
      358208         1024        3658.099    733609984    366804992
      358208         2048        7326.708   1467219968    733609984
      393984            1          39.148       787968       393984
      393984            2          10.476      1575936       787968
      393984            4          18.871      3151872      1575936
      393984            8          34.981      6303744      3151872
      393984           16          67.252     12607488      6303744
      393984           32         131.626     25214976     12607488
      393984           64         260.245     50429952     25214976
      393984          128         516.043    100859904     50429952
      393984          256        1019.783    201719808    100859904
      393984          512        2044.793    403439616    201719808
      393984         1024        4082.229    806879232    403439616
      393984         2048        8189.268   1613758464    806879232
      433344            1          44.757       866688       433344
      433344            2          12.195      1733376       866688
      433344            4          21.935      3466752      1733376
      433344            8          40.776      6933504      3466752
      433344           16          78.851     13867008      6933504
      433344           32         155.388     27734016     13867008
      433344           64         307.786     55468032     27734016
      433344          128         607.262    110936064     55468032
      433344          256        1181.371    221872128    110936064
      433344          512        2370.053    443744256    221872128
      433344         1024        4759.111    887488512    443744256
      433344         2048        9486.847   1774977024    887488512
      476672            1          52.093       953344       476672
      476672            2          12.987      1906688       953344
      476672            4          23.463      3813376      1906688
      476672            8          43.942      7626752      3813376
      476672           16          84.941     15253504      7626752
      476672           32         166.464     30507008     15253504
      476672           64         339.408     61014016     30507008
      476672          128         651.680    122028032     61014016
      476672          256        1300.166    244056064    122028032
      476672          512        2592.122    488112128    244056064
      476672         1024        5202.383    976224256    488112128
      476672         2048       10367.112   1952448512    976224256
      524288            1          54.440      1048576       524288
      524288            2          13.919      2097152      1048576
      524288            4          25.423      4194304      2097152
      524288            8          47.870      8388608      4194304
      524288           16          92.866     16777216      8388608
      524288           32         181.296     33554432     16777216
      524288           64         368.130     67108864     33554432
      524288          128         715.281    134217728     67108864
      524288          256        1427.262    268435456    134217728
      524288          512        2850.118    536870912    268435456
      524288         1024        5717.393   1073741824    536870912
      524288         2048       11586.069   2147483648   1073741824
      576704            1          60.351      1153408       576704
      576704            2          15.299      2306816      1153408
      576704            4          27.731      4613632      2306816
      576704            8          60.292      9227264      4613632
      576704           16         100.190     18454528      9227264
      576704           32         196.234     36909056     18454528
      576704           64         391.996     73818112     36909056
      576704          128         787.807    147636224     73818112
      576704          256        1562.555    295272448    147636224
      576704          512        3118.561    590544896    295272448
      576704         1024        6258.948   1181089792    590544896
      634368            1          67.384      1268736       634368
      634368            2          16.489      2537472      1268736
      634368            4          30.271      5074944      2537472
      634368            8          56.886     10149888      5074944
      634368           16         109.838     20299776     10149888
      634368           32         227.482     40599552     20299776
      634368           64         431.745     81199104     40599552
      634368          128         863.297    162398208     81199104
      634368          256        1715.020    324796416    162398208
      634368          512        3423.276    649592832    324796416
      634368         1024        6851.994   1299185664    649592832
      697792            1          74.886      1395584       697792
      697792            2          18.086      2791168      1395584
      697792            4          32.084      5582336      2791168
      697792            8          60.408     11164672      5582336
      697792           16         125.281     22329344     11164672
      697792           32         227.440     44658688     22329344
      697792           64         449.760     89317376     44658688
      697792          128         905.264    178634752     89317376
      697792          256        1808.001    357269504    178634752
      697792          512        3612.543    714539008    357269504
      697792         1024        7211.141   1429078016    714539008
      767552            1          79.872      1535104       767552
      767552            2          20.495      3070208      1535104
      767552            4          36.481      6140416      3070208
      767552            8          68.099     12280832      6140416
      767552           16         132.406     24561664     12280832
      767552           32         270.230     49123328     24561664
      767552           64         523.622     98246656     49123328
      767552          128        1064.454    196493312     98246656
      767552          256        2101.340    392986624    196493312
      767552          512        4225.140    785973248    392986624
      767552         1024        8396.272   1571946496    785973248
      844288            1          89.441      1688576       844288
      844288            2          22.234      3377152      1688576
      844288            4          39.073      6754304      3377152
      844288            8          75.988     13508608      6754304
      844288           16         154.543     27017216     13508608
      844288           32         291.223     54034432     27017216
      844288           64         584.176    108068864     54034432
      844288          128        1159.504    216137728    108068864
      844288          256        2314.908    432275456    216137728
      844288          512        4630.917    864550912    432275456
      844288         1024        9247.461   1729101824    864550912
      928704            1          96.507      1857408       928704
      928704            2          25.070      3714816      1857408
      928704            4          43.609      7429632      3714816
      928704            8          80.401     14859264      7429632
      928704           16         155.890     29718528     14859264
      928704           32         314.830     59437056     29718528
      928704           64         610.363    118874112     59437056
      928704          128        1227.238    237748224    118874112
      928704          256        2433.187    475496448    237748224
      928704          512        4873.770    950992896    475496448
      928704         1024        9741.987   1901985792    950992896
     1021568            1         103.243      2043136      1021568
     1021568            2          28.476      4086272      2043136
     1021568            4          49.628      8172544      4086272
     1021568            8          93.638     16345088      8172544
     1021568           16         189.993     32690176     16345088
     1021568           32         359.883     65380352     32690176
     1021568           64         720.122    130760704     65380352
     1021568          128        1435.781    261521408    130760704
     1021568          256        2865.657    523042816    261521408
     1021568          512        5702.330   1046085632    523042816
     1021568         1024       11399.969   2092171264   1046085632
     1123712            1         119.111      2247424      1123712
     1123712            2          33.189      4494848      2247424
     1123712            4          55.047      8989696      4494848
     1123712            8         107.525     17979392      8989696
     1123712           16         192.012     35958784     17979392
     1123712           32         377.036     71917568     35958784
     1123712           64         753.151    143835136     71917568
     1123712          128        1491.567    287670272    143835136
     1123712          256        2977.510    575340544    287670272
     1123712          512        5953.592   1150681088    575340544
     1236032            1         133.181      2472064      1236032
     1236032            2          39.607      4944128      2472064
     1236032            4          61.900      9888256      4944128
     1236032            8         116.105     19776512      9888256
     1236032           16         224.960     39553024     19776512
     1236032           32         449.295     79106048     39553024
     1236032           64         871.785    158212096     79106048
     1236032          128        1754.000    316424192    158212096
     1236032          256        3491.429    632848384    316424192
     1236032          512        6955.832   1265696768    632848384
     1359616            1         142.335      2719232      1359616
     1359616            2          46.405      5438464      2719232
     1359616            4          69.490     10876928      5438464
     1359616            8         124.811     21753856     10876928
     1359616           16         238.867     43507712     21753856
     1359616           32         475.633     87015424     43507712
     1359616           64         931.002    174030848     87015424
     1359616          128        1845.800    348061696    174030848
     1359616          256        3676.317    696123392    348061696
     1359616          512        7345.296   1392246784    696123392
     1495552            1         154.478      2991104      1495552
     1495552            2          56.243      5982208      2991104
     1495552            4          78.551     11964416      5982208
     1495552            8         144.535     23928832     11964416
     1495552           16         286.798     47857664     23928832
     1495552           32         547.686     95715328     47857664
     1495552           64        1087.637    191430656     95715328
     1495552          128        2148.055    382861312    191430656
     1495552          256        4283.573    765722624    382861312
     1495552          512        8561.304   1531445248    765722624
     1645056            1         164.019      3290112      1645056
     1645056            2          70.150      6580224      3290112
     1645056            4          88.867     13160448      6580224
     1645056            8         162.341     26320896     13160448
     1645056           16         308.520     52641792     26320896
     1645056           32         611.181    105283584     52641792
     1645056           64        1197.666    210567168    105283584
     1645056          128        2385.544    421134336    210567168
     1645056          256        4769.683    842268672    421134336
     1645056          512        9463.875   1684537344    842268672
     1809536            1         187.310      3619072      1809536
     1809536            2          86.471      7238144      3619072
     1809536            4          98.661     14476288      7238144
     1809536            8         187.025     28952576     14476288
     1809536           16         340.425     57905152     28952576
     1809536           32         670.077    115810304     57905152
     1809536           64        1317.434    231620608    115810304
     1809536          128        2627.965    463241216    231620608
     1809536          256        5231.986    926482432    463241216
     1809536          512       10451.358   1852964864    926482432
     1990464            1         209.585      3980928      1990464
     1990464            2         106.740      7961856      3980928
     1990464            4         108.305     15923712      7961856
     1990464            8         194.222     31847424     15923712
     1990464           16         363.711     63694848     31847424
     1990464           32         711.417    127389696     63694848
     1990464           64        1396.217    254779392    127389696
     1990464          128        2773.114    509558784    254779392
     1990464          256        6462.195   1019117568    509558784
     1990464          512       11073.636   2038235136   1019117568
     2189504            1         228.050      4379008      2189504
     2189504            2         124.772      8758016      4379008
     2189504            4         121.092     17516032      8758016
     2189504            8         228.667     35032064     17516032
     2189504           16         415.276     70064128     35032064
     2189504           32         813.161    140128256     70064128
     2189504           64        1597.488    280256512    140128256
     2189504          128        3188.015    560513024    280256512
     2189504          256        6343.152   1121026048    560513024
     2408448            1         253.941      4816896      2408448
     2408448            2         156.371      9633792      4816896
     2408448            4         141.933     19267584      9633792
     2408448            8         242.154     38535168     19267584
     2408448           16         458.409     77070336     38535168
     2408448           32         895.886    154140672     77070336
     2408448           64        1770.821    308281344    154140672
     2408448          128        3503.543    616562688    308281344
     2408448          256        7017.864   1233125376    616562688
     2649280            1         273.353      5298560      2649280
     2649280            2         195.093     10597120      5298560
     2649280            4         148.335     21194240     10597120
     2649280            8         267.319     42388480     21194240
     2649280           16         514.299     84776960     42388480
     2649280           32         989.944    169553920     84776960
     2649280           64        1952.518    339107840    169553920
     2649280          128        3884.044    678215680    339107840
     2649280          256        7721.153   1356431360    678215680
     2914176            1         298.041      5828352      2914176
     2914176            2         230.987     11656704      5828352
     2914176            4         161.432     23313408     11656704
     2914176            8         296.968     46626816     23313408
     2914176           16         540.291     93253632     46626816
     2914176           32        1048.376    186507264     93253632
     2914176           64        2067.274    373014528    186507264
     2914176          128        4104.450    746029056    373014528
     2914176          256        8154.415   1492058112    746029056
     3205568            1         332.379      6411136      3205568
     3205568            2         279.214     12822272      6411136
     3205568            4         176.811     25644544     12822272
     3205568            8         323.577     51289088     25644544
     3205568           16         590.891    102578176     51289088
     3205568           32        1146.684    205156352    102578176
     3205568           64        2267.738    410312704    205156352
     3205568          128        4491.621    820625408    410312704
     3205568          256        8922.951   1641250816    820625408
     3526080            1         374.864      7052160      3526080
     3526080            2         334.814     14104320      7052160
     3526080            4         196.869     28208640     14104320
     3526080            8         356.998     56417280     28208640
     3526080           16         667.778    112834560     56417280
     3526080           32        1269.124    225669120    112834560
     3526080           64        2510.831    451338240    225669120
     3526080          128        4967.818    902676480    451338240
     3526080          256        9901.774   1805352960    902676480
     3878656            1         401.777      7757312      3878656
     3878656            2         395.380     15514624      7757312
     3878656            4         222.450     31029248     15514624
     3878656            8         388.842     62058496     31029248
     3878656           16         739.709    124116992     62058496
     3878656           32        1415.553    248233984    124116992
     3878656           64        2807.509    496467968    248233984
     3878656          128        5558.803    992935936    496467968
     3878656          256       11195.870   1985871872    992935936
     4266496            1         453.742      8532992      4266496
     4266496            2         468.147     17065984      8532992
     4266496            4         246.093     34131968     17065984
     4266496            8         439.590     68263936     34131968
     4266496           16         844.280    136527872     68263936
     4266496           32        1635.882    273055744    136527872
     4266496           64        3210.104    546111488    273055744
     4266496          128        6775.428   1092222976    546111488
     4693120            1         488.785      9386240      4693120
     4693120            2         550.850     18772480      9386240
     4693120            4         278.474     37544960     18772480
     4693120            8         500.075     75089920     37544960
     4693120           16         937.094    150179840     75089920
     4693120           32        1807.598    300359680    150179840
     4693120           64        3576.494    600719360    300359680
     4693120          128        7097.313   1201438720    600719360
     5162432            1         544.431     10324864      5162432
     5162432            2         676.871     20649728     10324864
     5162432            4         320.754     41299456     20649728
     5162432            8         566.184     82598912     41299456
     5162432           16        1029.996    165197824     82598912
     5162432           32        1981.073    330395648    165197824
     5162432           64        3936.395    660791296    330395648
     5162432          128        7712.723   1321582592    660791296
     5678656            1         598.579     11357312      5678656
     5678656            2         813.168     22714624     11357312
     5678656            4         425.588     45429248     22714624
     5678656            8         702.043     90858496     45429248
     5678656           16        1269.754    181716992     90858496
     5678656           32        2433.405    363433984    181716992
     5678656           64        4726.106    726867968    363433984
     5678656          128        9369.167   1453735936    726867968
     6246464            1         656.400     12492928      6246464
     6246464            2         959.431     24985856     12492928
     6246464            4         592.381     49971712     24985856
     6246464            8         916.299     99943424     49971712
     6246464           16        1618.053    199886848     99943424
     6246464           32        3030.974    399773696    199886848
     6246464           64        5829.422    799547392    399773696
     6246464          128       11469.403   1599094784    799547392
     6871104            1         719.675     13742208      6871104
     6871104            2        1160.120     27484416     13742208
     6871104            4         803.648     54968832     27484416
     6871104            8        1315.516    109937664     54968832
     6871104           16        2255.108    219875328    109937664
     6871104           32        4203.171    439750656    219875328
     6871104           64        8030.227    879501312    439750656
     6871104          128       15711.680   1759002624    879501312
     7558208            1         798.713     15116416      7558208
     7558208            2        1353.865     30232832     15116416
     7558208            4        1118.808     60465664     30232832
     7558208            8        1779.766    120931328     60465664
     7558208           16        3081.505    241862656    120931328
     7558208           32        5686.851    483725312    241862656
     7558208           64       10915.839    967450624    483725312
     7558208          128       20551.247   1934901248    967450624
     8313984            1         882.410     16627968      8313984
     8313984            2        1580.783     33255936     16627968
     8313984            4        1528.943     66511872     33255936
     8313984            8        2353.768    133023744     66511872
     8313984           16        4335.738    266047488    133023744
     8313984           32        7934.614    532094976    266047488
     8313984           64       14478.241   1064189952    532094976
     8313984          128       26882.919   2128379904   1064189952
     9145344            1         963.062     18290688      9145344
     9145344            2        1788.904     36581376     18290688
     9145344            4        1878.973     73162752     36581376
     9145344            8        2924.047    146325504     73162752
     9145344           16        5137.897    292651008    146325504
     9145344           32        9651.701    585302016    292651008
     9145344           64       17331.509   1170604032    585302016
    10059840            1        1064.870     20119680     10059840
    10059840            2        1954.845     40239360     20119680
    10059840            4        2235.844     80478720     40239360
    10059840            8        3405.458    160957440     80478720
    10059840           16        6653.517    321914880    160957440
    10059840           32       11480.545    643829760    321914880
    10059840           64       21993.418   1287659520    643829760
    11065792            1        1174.091     22131584     11065792
    11065792            2        2201.484     44263168     22131584
    11065792            4        2762.678     88526336     44263168
    11065792            8        4067.289    177052672     88526336
    11065792           16        7091.708    354105344    177052672
    11065792           32       13540.380    708210688    354105344
    11065792           64       26186.680   1416421376    708210688
    12172352            1        1284.780     24344704     12172352
    12172352            2        2390.867     48689408     24344704
    12172352            4        3142.388     97378816     48689408
    12172352            8        4670.883    194757632     97378816
    12172352           16        8034.011    389515264    194757632
    12172352           32       15169.063    779030528    389515264
    12172352           64       29589.969   1558061056    779030528
    13389568            1        1408.837     26779136     13389568
    13389568            2        2665.887     53558272     26779136
    13389568            4        3675.873    107116544     53558272
    13389568            8        5489.984    214233088    107116544
    13389568           16        9254.014    428466176    214233088
    13389568           32       17530.192    856932352    428466176
    13389568           64       35165.522   1713864704    856932352
    14728512            1        1565.043     29457024     14728512
    14728512            2        2977.386     58914048     29457024
    14728512            4        4153.543    117828096     58914048
    14728512            8        6322.934    235656192    117828096
    14728512           16       10744.752    471312384    235656192
    14728512           32       20208.618    942624768    471312384
    14728512           64       39868.005   1885249536    942624768
    16201344            1        1723.363     32402688     16201344
    16201344            2        3310.722     64805376     32402688
    16201344            4        4675.099    129610752     64805376
    16201344            8        7176.855    259221504    129610752
    16201344           16       12359.880    518443008    259221504
    16201344           32       23245.201   1036886016    518443008
    16201344           64       49893.298   2073772032   1036886016
    17821440            1        1898.754     35642880     17821440
    17821440            2        3647.649     71285760     35642880
    17821440            4        5155.797    142571520     71285760
    17821440            8        8025.640    285143040    142571520
    17821440           16       13885.237    570286080    285143040
    17821440           32       26533.110   1140572160    570286080
    19603584            1        2092.467     39207168     19603584
    19603584            2        4051.554     78414336     39207168
    19603584            4        5752.424    156828672     78414336
    19603584            8        9038.859    313657344    156828672
    19603584           16       15802.556    627314688    313657344
    19603584           32       29901.903   1254629376    627314688
    21563904            1        2326.629     43127808     21563904
    21563904            2        4538.407     86255616     43127808
    21563904            4        6432.217    172511232     86255616
    21563904            8       10207.275    345022464    172511232
    21563904           16       17973.406    690044928    345022464
    21563904           32       34602.263   1380089856    690044928
    23720256            1        2579.963     47440512     23720256
    23720256            2        5002.237     94881024     47440512
    23720256            4        7190.739    189762048     94881024
    23720256            8       11472.573    379524096    189762048
    23720256           16       20282.176    759048192    379524096
    23720256           32       38427.142   1518096384    759048192
    26092224            1        2854.220     52184448     26092224
    26092224            2        5533.488    104368896     52184448
    26092224            4        7956.086    208737792    104368896
    26092224            8       12787.091    417475584    208737792
    26092224           16       22755.659    834951168    417475584
    26092224           32       43069.573   1669902336    834951168
    28701440            1        3149.839     57402880     28701440
    28701440            2        6109.004    114805760     57402880
    28701440            4        8839.805    229611520    114805760
    28701440            8       14258.721    459223040    229611520
    28701440           16       25367.750    918446080    459223040
    28701440           32       47968.393   1836892160    918446080
    31571584            1        3452.749     63143168     31571584
    31571584            2        6770.698    126286336     63143168
    31571584            4        9866.426    252572672    126286336
    31571584            8       15895.441    505145344    252572672
    31571584           16       28349.102   1010290688    505145344
    31571584           32       53676.293   2020581376   1010290688
    34728704            1        3881.541     69457408     34728704
    34728704            2        7508.677    138914816     69457408
    34728704            4       10763.899    277829632    138914816
    34728704            8       17657.421    555659264    277829632
    34728704           16       31622.998   1111318528    555659264
    38201536            1        4193.085     76403072     38201536
    38201536            2        8223.456    152806144     76403072
    38201536            4       11978.603    305612288    152806144
    38201536            8       19524.466    611224576    305612288
    38201536           16       35024.856   1222449152    611224576
    42021632            1        4625.112     84043264     42021632
    42021632            2        9171.453    168086528     84043264
    42021632            4       13316.832    336173056    168086528
    42021632            8       21820.258    672346112    336173056
    42021632           16       39057.537   1344692224    672346112
    46223744            1        5115.114     92447488     46223744
    46223744            2       10067.943    184894976     92447488
    46223744            4       14788.100    369789952    184894976
    46223744            8       24335.122    739579904    369789952
    46223744           16       43897.361   1479159808    739579904
    50846080            1        5662.046    101692160     50846080
    50846080            2       11133.443    203384320    101692160
    50846080            4       16336.691    406768640    203384320
    50846080            8       26999.042    813537280    406768640
    50846080           16       48680.689   1627074560    813537280
    55930688            1        6188.026    111861376     55930688
    55930688            2       12185.374    223722752    111861376
    55930688            4       17973.514    447445504    223722752
    55930688            8       30021.509    894891008    447445504
    55930688           16       53503.915   1789782016    894891008
    61523712            1        6821.237    123047424     61523712
    61523712            2       13532.123    246094848    123047424
    61523712            4       19915.878    492189696    246094848
    61523712            8       32921.393    984379392    492189696
    61523712           16       59289.442   1968758784    984379392
    67676032            1        7517.025    135352064     67676032
    67676032            2       14882.617    270704128    135352064
    67676032            4       22022.282    541408256    270704128
    67676032            8       36473.889   1082816512    541408256
    74443584            1        8309.558    148887168     74443584
    74443584            2       16500.353    297774336    148887168
    74443584            4       24355.198    595548672    297774336
    74443584            8       40391.810   1191097344    595548672
    81887936            1        9194.236    163775872     81887936
    81887936            2       18242.934    327551744    163775872
    81887936            4       27498.385    655103488    327551744
    81887936            8       45147.845   1310206976    655103488
    90076672            1       10093.111    180153344     90076672
    90076672            2       20015.176    360306688    180153344
    90076672            4       29844.842    720613376    360306688
    90076672            8       49609.954   1441226752    720613376
    99084288            1       11108.884    198168576     99084288
    99084288            2       22124.961    396337152    198168576
    99084288            4       32927.097    792674304    396337152
    99084288            8       54594.439   1585348608    792674304
   108992704            1       12257.416    217985408    108992704
   108992704            2       24358.469    435970816    217985408
   108992704            4       36425.531    871941632    435970816
   108992704            8       60342.159   1743883264    871941632
   119891968            1       13492.417    239783936    119891968
   119891968            2       26845.740    479567872    239783936
   119891968            4       40122.572    959135744    479567872
   119891968            8       66880.316   1918271488    959135744
   131881152            1       14838.308    263762304    131881152
   131881152            2       29734.269    527524608    263762304
   131881152            4       44315.909   1055049216    527524608
   131881152            8       73479.830   2110098432   1055049216
   145069248            1       16419.950    290138496    145069248
   145069248            2       32763.811    580276992    290138496
   145069248            4       48815.429   1160553984    580276992
   159576128            1       18065.772    319152256    159576128
   159576128            2       36094.857    638304512    319152256
   159576128            4       53929.493   1276609024    638304512
   175533696            1       19921.343    351067392    175533696
   175533696            2       39925.751    702134784    351067392
   175533696            4       60064.988   1404269568    702134784
   193087040            1       21885.256    386174080    193087040
   193087040            2       43991.694    772348160    386174080
   193087040            4       65684.588   1544696320    772348160
   212395712            1       24108.362    424791424    212395712
   212395712            2       48553.383    849582848    424791424
   212395712            4       72350.155   1699165696    849582848
   233635264            1       26518.203    467270528    233635264
   233635264            2       53730.051    934541056    467270528
   233635264            4       79790.301   1869082112    934541056
   256998784            1       29252.990    513997568    256998784
   256998784            2       59420.539   1027995136    513997568
   256998784            4       88066.238   2055990272   1027995136
   282698624            1       32189.214    565397248    282698624
   282698624            2       65296.784   1130794496    565397248
   310968448            1       35243.130    621936896    310968448
   310968448            2       71961.950   1243873792    621936896
   342065280            1       38853.546    684130560    342065280
   342065280            2       79192.461   1368261120    684130560
   376271808            1       42847.890    752543616    376271808
   376271808            2       87675.845   1505087232    752543616
   413898944            1       46989.322    827797888    413898944
   413898944            2       95839.093   1655595776    827797888
   455288832            1       51724.754    910577664    455288832
   455288832            2      105728.959   1821155328    910577664
   500817664            1       57166.397   1001635328    500817664
   500817664            2      116663.788   2003270656   1001635328
   550899392            1       63289.256   1101798784    550899392
   605989312            1       69571.627   1211978624    605989312
   666588224            1       76218.361   1333176448    666588224
   733247040            1       83486.515   1466494080    733247040
   806571712            1       91452.996   1613143424    806571712
   887228864            1      100868.132   1774457728    887228864
   975951744            1      110654.678   1951903488    975951744
  1073546880            1      121080.463   2147093760   1073546880

META_DATA
FLOPS          8
OPENMP_THREADS 8
ERT_VERSION  1.1.0
HOSTNAME  ('laptop', [], ['127.0.1.1'])
UNAME  uname_result(system='Linux', node='laptop', release='6.8.0-84-generic', version='#84-Ubuntu SMP PREEMPT_DYNAMIC Fri Sep  5 22:36:38 UTC 2025', machine='x86_64')
TIMESTAMP_DATA  1765914656.0826728
CONFIG  {'ERT_MPI': ['False'], 'ERT_OPENMP': ['True'], 'ERT_OPENMP_CFLAGS': ['-fopenmp'], 'ERT_OPENMP_LDFLAGS': ['-fopenmp'], 'ERT_PRECISION': ['FP64'], 'ERT_TRIALS_MIN': ['1'], 'ERT_TRIALS': ['3', '#', 'Run', 'each', 'test', '3', 'times', 'to', 'filter', 'out', 'background', 'noise'], 'ERT_RESULTS': ['Results/8250U'], 'ERT_GNUPLOT': ['gnuplot'], 'ERT_DRIVER': ['driver1'], 'ERT_KERNEL': ['kernel1'], 'ERT_CC': ['g++'], 'ERT_LD': ['g++'], 'ERT_CFLAGS': ['-O3', '-march=native', '-fopenmp', '-fstrict-aliasing', '-funroll-loops', '-Wno-all'], 'ERT_LDFLAGS': ['-O3', '-march=native', '-fopenmp'], 'ERT_LDLIBS': ['-lm'], 'ERT_RUN': ['export', 'OMP_NUM_THREADS=ERT_OPENMP_THREADS;', './ERT_CODE'], 'ERT_WORKING_SET_MIN': ['128'], 'ERT_MEMORY_MAX': ['1073741824'], 'ERT_ALIGN': ['64'], 'ERT_MIN_PROCS': ['1'], 'ERT_MAX_PROCS': ['1'], 'ERT_OPENMP_THREADS': ['1,2,4,8', '#', 'Logical', 'Threads'], 'ERT_NUM_EXPERIMENTS': ['4'], 'ERT_FLOPS': ['1,2,4,8'], 'ERT_GPU': [False], 'ERT_HIP': [False], 'ERT_OCL': [False], 'ERT_SYCL': [False], 'ERT_WSS_MULT': [1.1]}
