fp64
        4096            1           9.296         8192         1024
        4096            2           6.351        16384         2048
        4096            4           6.981        32768         4096
        4096            8           7.888        65536         8192
        4096           16           9.611       131072        16384
        4096           32          13.166       262144        32768
        4096           64          20.593       524288        65536
        4096          128          35.203      1048576       131072
        4096          256          64.444      2097152       262144
        4096          512         123.037      4194304       524288
        4096         1024         240.110      8388608      1048576
        4096         2048         474.257     16777216      2097152
        4096         4096         942.606     33554432      4194304
        4096         8192        2013.527     67108864      8388608
        4096        16384        3769.092    134217728     16777216
        4096        32768        7623.705    268435456     33554432
        4096        65536       15149.893    536870912     67108864
        4096       131072       30215.749   1073741824    134217728
        4096       262144       60775.643   2147483648    268435456
        4480            1          19.316         8960         1120
        4480            2        1127.495        17920         2240
        4480            4        1091.680        35840         4480
        4480            8        2112.861        71680         8960
        4480           16        1060.086       143360        17920
        4480           32        1082.273       286720        35840
        4480           64          29.222       573440        71680
        4480          128          38.278      1146880       143360
        4480          256          70.554      2293760       286720
        4480          512         135.147      4587520       573440
        4480         1024         264.443      9175040      1146880
        4480         2048         523.052     18350080      2293760
        4480         4096        1040.199     36700160      4587520
        4480         8192        2120.897     73400320      9175040
        4480        16384        4283.758    146800640     18350080
        4480        32768        8421.035    293601280     36700160
        4480        65536       17101.846    587202560     73400320
        4480       131072       33325.140   1174405120    146800640
        4928            1           6.480         9856         1232
        4928            2           6.501        19712         2464
        4928            4           7.185        39424         4928
        4928            8           8.259        78848         9856
        4928           16          10.296       157696        19712
        4928           32          14.648       315392        39424
        4928           64          23.556       630784        78848
        4928          128          41.426      1261568       157696
        4928          256          76.944      2523136       315392
        4928          512         147.888      5046272       630784
        4928         1024         289.888     10092544      1261568
        4928         2048         610.756     20185088      2523136
        4928         4096        1142.124     40370176      5046272
        4928         8192        2278.008     80740352     10092544
        4928        16384        4659.368    161480704     20185088
        4928        32768        9377.457    322961408     40370176
        4928        65536       18301.803    645922816     80740352
        4928       131072       36621.441   1291845632    161480704
        5408            1           4.704        10816         1352
        5408            2           6.500        21632         2704
        5408            4           7.112        43264         5408
        5408            8           8.314        86528        10816
        5408           16          10.704       173056        21632
        5408           32          15.463       346112        43264
        5408           64          25.776       692224        86528
        5408          128          44.776      1384448       173056
        5408          256          83.407      2768896       346112
        5408          512         160.888      5537792       692224
        5408         1024         315.721     11075584      1384448
        5408         2048         625.442     22151168      2768896
        5408         4096        1276.790     44302336      5537792
        5408         8192        2483.599     88604672     11075584
        5408        16384        4988.346    177209344     22151168
        5408        32768       10017.657    354418688     44302336
        5408        65536       20000.407    708837376     88604672
        5408       131072       40506.477   1417674752    177209344
        5920            1           6.665        11840         1480
        5920            2           6.760        23680         2960
        5920            4           7.370        47360         5920
        5920            8           8.703        94720        11840
        5920           16          11.241       189440        23680
        5920           32          16.315       378880        47360
        5920           64          26.982       757760        94720
        5920          128          47.944      1515520       189440
        5920          256          90.073      3031040       378880
        5920          512         174.111      6062080       757760
        5920         1024         342.257     12124160      1515520
        5920         2048         678.458     24248320      3031040
        5920         4096        1383.345     48496640      6062080
        5920         8192        2696.043     96993280     12124160
        5920        16384        5483.195    193986560     24248320
        5920        32768       10790.598    387973120     48496640
        5920        65536       21824.898    775946240     96993280
        5920       131072       43291.890   1551892480    193986560
        6496            1           9.722        12992         1624
        6496            2           6.778        25984         3248
        6496            4           7.556        51968         6496
        6496            8           8.871       103936        12992
        6496           16          11.777       207872        25984
        6496           32          17.445       415744        51968
        6496           64          29.278       831488       103936
        6496          128          52.444      1662976       207872
        6496          256          99.074      3325952       415744
        6496          512         192.000      6651904       831488
        6496         1024         377.924     13303808      1662976
        6496         2048         775.849     26607616      3325952
        6496         4096        1722.233     53215232      6651904
        6496         8192        3005.801    106430464     13303808
        6496        16384        5972.027    212860928     26607616
        6496        32768       14115.786    425721856     53215232
        6496        65536       24015.776    851443712    106430464
        6496       131072       47866.739   1702887424    212860928
        7136            1          10.055        14272         1784
        7136            2           6.759        28544         3568
        7136            4           7.519        57088         7136
        7136            8           9.167       114176        14272
        7136           16          12.240       228352        28544
        7136           32          18.611       456704        57088
        7136           64          31.481       913408       114176
        7136          128          56.982      1826816       228352
        7136          256         107.926      3653632       456704
        7136          512         209.759      7307264       913408
        7136         1024         413.868     14614528      1826816
        7136         2048         821.292     29229056      3653632
        7136         4096        1688.122     58458112      7307264
        7136         8192        3281.651    116916224     14614528
        7136        16384        6588.025    233832448     29229056
        7136        32768       13887.659    467664896     58458112
        7136        65536       26423.266    935329792    116916224
        7136       131072       52749.309   1870659584    233832448
        7840            1           9.870        15680         1960
        7840            2           6.852        31360         3920
        7840            4           7.778        62720         7840
        7840            8           9.574       125440        15680
        7840           16          12.906       250880        31360
        7840           32          19.907       501760        62720
        7840           64          33.760      1003520       125440
        7840          128          61.481      2007040       250880
        7840          256         116.889      4014080       501760
        7840          512         227.611      8028160      1003520
        7840         1024         449.146     16056320      2007040
        7840         2048         892.237     32112640      4014080
        7840         4096        1811.343     64225280      8028160
        7840         8192        3566.409    128450560     16056320
        7840        16384        7109.727    256901120     32112640
        7840        32768       14302.822    513802240     64225280
        7840        65536       29196.640   1027604480    128450560
        7840       131072       57360.140   2055208960    256901120
        8608            1          11.148        17216         2152
        8608            2           7.073        34432         4304
        8608            4           7.908        68864         8608
        8608            8           9.944       137728        17216
        8608           16          13.685       275456        34432
        8608           32          21.352       550912        68864
        8608           64          36.702      1101824       137728
        8608          128          67.241      2203648       275456
        8608          256         128.481      4407296       550912
        8608          512         250.814      8814592      1101824
        8608         1024         495.589     17629184      2203648
        8608         2048        1060.254     35258368      4407296
        8608         4096        2039.620     70516736      8814592
        8608         8192        4312.869    141033472     17629184
        8608        16384        7908.980    282066944     35258368
        8608        32768       15718.816    564133888     70516736
        8608        65536       31514.038   1128267776    141033472
        9440            1          10.741        18880         2360
        9440            2           7.130        37760         4720
        9440            4           8.297        75520         9440
        9440            8          10.407       151040        18880
        9440           16          14.369       302080        37760
        9440           32          22.816       604160        75520
        9440           64          39.388      1208320       151040
        9440          128          72.722      2416640       302080
        9440          256         139.259      4833280       604160
        9440          512         272.443      9666560      1208320
        9440         1024         538.646     19333120      2416640
        9440         2048        1071.181     38666240      4833280
        9440         4096        2164.119     77332480      9666560
        9440         8192        4431.183    154664960     19333120
        9440        16384        8560.015    309329920     38666240
        9440        32768       17859.528    618659840     77332480
        9440        65536       34531.116   1237319680    154664960
       10368            1          10.648        20736         2592
       10368            2           7.353        41472         5184
       10368            4           8.834        82944        10368
       10368            8          10.870       165888        20736
       10368           16          15.204       331776        41472
       10368           32          24.335       663552        82944
       10368           64          42.629      1327104       165888
       10368          128          78.389      2654208       331776
       10368          256         150.629      5308416       663552
       10368          512         406.035     10616832      1327104
       10368         1024         580.349     21233664      2654208
       10368         2048        1189.847     42467328      5308416
       10368         4096        2317.008     84934656     10616832
       10368         8192        4666.423    169869312     21233664
       10368        16384        9406.974    339738624     42467328
       10368        32768       18613.080    679477248     84934656
       10368        65536       37330.158   1358954496    169869312
       11392            1          28.091        22784         2848
       11392            2           7.445        45568         5696
       11392            4           8.740        91136        11392
       11392            8          11.296       182272        22784
       11392           16          16.111       364544        45568
       11392           32          26.204       729088        91136
       11392           64          46.112      1458176       182272
       11392          128          85.962      2916352       364544
       11392          256         165.703      5832704       729088
       11392          512         345.628     11665408      1458176
       11392         1024         643.960     23330816      2916352
       11392         2048        1281.549     46661632      5832704
       11392         4096        2614.543     93323264     11665408
       11392         8192        5124.477    186646528     23330816
       11392        16384       10252.211    373293056     46661632
       11392        32768       20568.090    746586112     93323264
       11392        65536       41448.473   1493172224    186646528
       12512            1           4.352        25024         3128
       12512            2           2.555        50048         6256
       12512            4           3.018       100096        12512
       12512            8           4.000       200192        25024
       12512           16           5.777       400384        50048
       12512           32           9.426       800768       100096
       12512           64          16.759      1601536       200192
       12512          128          31.463      3203072       400384
       12512          256          60.777      6406144       800768
       12512          512         119.462     12812288      1601536
       12512         1024         236.833     25624576      3203072
       12512         2048         471.516     51249152      6406144
       12512         4096         975.458    102498304     12812288
       12512         8192        1891.510    204996608     25624576
       12512        16384        3758.149    409993216     51249152
       12512        32768       19786.629    819986432    102498304
       12512        65536       45627.472   1639972864    204996608
       13760            1           8.130        27520         3440
       13760            2           7.907        55040         6880
       13760            4           9.389       110080        13760
       13760            8          12.462       220160        27520
       13760           16          18.444       440320        55040
       13760           32          30.666       880640       110080
       13760           64          54.888      1761280       220160
       13760          128         103.481      3522560       440320
       13760          256         200.628      7045120       880640
       13760          512         394.813     14090240      1761280
       13760         1024         783.255     28180480      3522560
       13760         2048        1591.695     56360960      7045120
       13760         4096        3114.207    112721920     14090240
       13760         8192        6268.712    225443840     28180480
       13760        16384       12473.942    450887680     56360960
       13760        32768       25197.549    901775360    112721920
       13760        65536       50190.061   1803550720    225443840
       15136            1          11.574        30272         3784
       15136            2           8.130        60544         7568
       15136            4           9.797       121088        15136
       15136            8          13.131       242176        30272
       15136           16          19.593       484352        60544
       15136           32          32.962       968704       121088
       15136           64          59.518      1937408       242176
       15136          128         112.629      3874816       484352
       15136          256         218.777      7749632       968704
       15136          512         431.146     15499264      1937408
       15136         1024         855.904     30998528      3874816
       15136         2048        1729.270     61997056      7749632
       15136         4096        3498.984    123994112     15499264
       15136         8192        6816.987    247988224     30998528
       15136        16384       13741.454    495976448     61997056
       15136        32768       27332.744    991952896    123994112
       15136        65536       54713.021   1983905792    247988224
       16640            1          12.295        33280         4160
       16640            2           8.222        66560         8320
       16640            4          10.334       133120        16640
       16640            8          13.926       266240        33280
       16640           16          21.313       532480        66560
       16640           32          36.241      1064960       133120
       16640           64          66.056      2129920       266240
       16640          128         125.573      4259840       532480
       16640          256         244.666      8519680      1064960
       16640          512         520.664     17039360      2129920
       16640         1024         959.162     34078720      4259840
       16640         2048        1911.713     68157440      8519680
       16640         4096        3832.908    136314880     17039360
       16640         8192        7652.705    272629760     34078720
       16640        16384       15380.910    545259520     68157440
       16640        32768       30883.244   1090519040    136314880
       18304            1          15.536        36608         4576
       18304            2           8.702        73216         9152
       18304            4          10.760       146432        18304
       18304            8          14.815       292864        36608
       18304           16          23.092       585728        73216
       18304           32          39.462      1171456       146432
       18304           64          72.111      2342912       292864
       18304          128         137.536      4685824       585728
       18304          256         268.313      9371648      1171456
       18304          512         552.849     18743296      2342912
       18304         1024        1054.625     37486592      4685824
       18304         2048        2102.138     74973184      9371648
       18304         4096        4212.406    149946368     18743296
       18304         8192        8475.923    299892736     37486592
       18304        16384       17077.087    599785472     74973184
       18304        32768       34168.562   1199570944    149946368
       20128            1          15.444        40256         5032
       20128            2           8.944        80512        10064
       20128            4          11.352       161024        20128
       20128            8          15.592       322048        40256
       20128           16          24.667       644096        80512
       20128           32          42.611      1288192       161024
       20128           64          78.666      2576384       322048
       20128          128         149.888      5152768       644096
       20128          256         292.923     10305536      1288192
       20128          512         578.959     20611072      2576384
       20128         1024        1182.735     41222144      5152768
       20128         2048        2295.416     82444288     10305536
       20128         4096        4610.330    164888576     20611072
       20128         8192        9268.104    329777152     41222144
       20128        16384       18376.878    659554304     82444288
       20128        32768       36867.197   1319108608    164888576
       22112            1           7.630        44224         5528
       22112            2           3.092        88448        11056
       22112            4           3.926       176896        22112
       22112            8           5.574       353792        44224
       22112           16           8.833       707584        88448
       22112           32          15.408      1415168       176896
       22112           64          28.463      2830336       353792
       22112          128          54.684      5660672       707584
       22112          256         107.017     11321344      1415168
       22112          512         211.537     22642688      2830336
       22112         1024         420.775     45285376      5660672
       22112         2048         839.312     90570752     11321344
       22112         4096        1688.214    181141504     22642688
       22112         8192        3355.670    362283008     45285376
       22112        16384        6703.097    724566016     90570752
       22112        32768       39992.461   1449132032    181141504
       24320            1          13.666        48640         6080
       24320            2           9.685        97280        12160
       24320            4          12.463       194560        24320
       24320            8          17.722       389120        48640
       24320           16          28.611       778240        97280
       24320           32          50.223      1556480       194560
       24320           64          93.315      3112960       389120
       24320          128         179.518      6225920       778240
       24320          256         352.017     12451840      1556480
       24320          512         727.219     24903680      3112960
       24320         1024        1386.772     49807360      6225920
       24320         2048        2782.301     99614720     12451840
       24320         4096        5539.862    199229440     24903680
       24320         8192       11081.521    398458880     49807360
       24320        16384       22230.174    796917760     99614720
       24320        32768       44666.013   1593835520    199229440
       26752            1          12.444        53504         6688
       26752            2          10.037       107008        13376
       26752            4          13.019       214016        26752
       26752            8          18.963       428032        53504
       26752           16          30.722       856064       107008
       26752           32          54.260      1712128       214016
       26752           64         101.371      3424256       428032
       26752          128         195.629      6848512       856064
       26752          256         412.146     13697024      1712128
       26752          512         760.867     27394048      3424256
       26752         1024        1514.419     54788096      6848512
       26752         2048        3117.782    109576192     13697024
       26752         4096        6050.730    219152384     27394048
       26752         8192       12104.778    438304768     54788096
       26752        16384       24697.070    876609536    109576192
       26752        32768       48691.697   1753219072    219152384
       29408            1          11.167        58816         7352
       29408            2           3.519       117632        14704
       29408            4           4.723       235264        29408
       29408            8           6.723       470528        58816
       29408           16          11.073       941056       117632
       29408           32          19.759      1882112       235264
       29408           64          37.074      3764224       470528
       29408          128          71.685      7528448       941056
       29408          256         140.962     15056896      1882112
       29408          512         376.888     30113792      3764224
       29408         1024         601.572     60227584      7528448
       29408         2048        1110.680    120455168     15056896
       29408         4096        2218.915    240910336     30113792
       29408         8192        4528.719    481820672     60227584
       29408        16384        8947.810    963641344    120455168
       29408        32768       17798.638   1927282688    240910336
       32320            1          18.148        64640         8080
       32320            2          11.000       129280        16160
       32320            4          14.537       258560        32320
       32320            8          21.649       517120        64640
       32320           16          35.795      1034240       129280
       32320           32          64.370      2068480       258560
       32320           64         121.314      4136960       517120
       32320          128         235.406      8273920      1034240
       32320          256         463.850     16547840      2068480
       32320          512         919.497     33095680      4136960
       32320         1024        1864.028     66191360      8273920
       32320         2048        3659.519    132382720     16547840
       32320         4096        7409.446    264765440     33095680
       32320         8192       14659.727    529530880     66191360
       32320        16384       29635.879   1059061760    132382720
       32320        32768       59208.815   2118123520    264765440
       35552            1        1159.420        71104         8888
       35552            2        2094.434       142208        17776
       35552            4        1076.180       284416        35552
       35552            8        1083.643       568832        71104
       35552           16        1152.087      1137664       142208
       35552           32        1197.643      2275328       284416
       35552           64         785.126      4550656       568832
       35552          128         258.369      9101312      1137664
       35552          256         508.756     18202624      2275328
       35552          512        1009.903     36405248      4550656
       35552         1024        2026.065     72810496      9101312
       35552         2048        4031.388    145620992     18202624
       35552         4096        8223.386    291241984     36405248
       35552         8192       16101.926    582483968     72810496
       35552        16384       32528.477   1164967936    145620992
       39104            1          15.352        78208         9776
       39104            2          11.926       156416        19552
       39104            4          16.389       312832        39104
       39104            8          25.037       625664        78208
       39104           16          42.148      1251328       156416
       39104           32          76.666      2502656       312832
       39104           64         206.703      5005312       625664
       39104          128         283.184     10010624      1251328
       39104          256         558.534     20021248      2502656
       39104          512        1109.458     40042496      5005312
       39104         1024        2279.786     80084992     10010624
       39104         2048        4443.607    160169984     20021248
       39104         4096        8893.865    320339968     40042496
       39104         8192       15665.370    640679936     80084992
       39104        16384       11848.128   1281359872    160169984
       43008            1          58.889        86016        10752
       43008            2          12.685       172032        21504
       43008            4          17.370       344064        43008
       43008            8          26.852       688128        86016
       43008           16          45.759      1376256       172032
       43008           32          83.537      2752512       344064
       43008           64         159.239      5505024       688128
       43008          128         326.461     11010048      1376256
       43008          256         612.608     22020096      2752512
       43008          512        1217.679     44040192      5505024
       43008         1024        2442.415     88080384     11010048
       43008         2048        4862.274    176160768     22020096
       43008         4096        9732.343    352321536     44040192
       43008         8192       19876.610    704643072     88080384
       43008        16384       39120.982   1409286144    176160768
       47296            1          34.722        94592        11824
       47296            2          13.406       189184        23648
       47296            4          18.369       378368        47296
       47296            8          29.055       756736        94592
       47296           16          49.722      1513472       189184
       47296           32          91.296      3026944       378368
       47296           64         174.519      6053888       756736
       47296          128         340.684     12107776      1513472
       47296          256         692.459     24215552      3026944
       47296          512        1337.771     48431104      6053888
       47296         1024        2682.172     96862208     12107776
       47296         2048        5341.179    193724416     24215552
       47296         4096       10684.357    387448832     48431104
       47296         8192       21491.122    774897664     96862208
       47296        16384       42809.150   1549795328    193724416
       52000            1          35.741       104000        13000
       52000            2          14.648       208000        26000
       52000            4          20.796       416000        52000
       52000            8          33.000       832000       104000
       52000           16          57.572      1664000       208000
       52000           32         106.536      3328000       416000
       52000           64         204.332      6656000       832000
       52000          128         400.404     13312000      1664000
       52000          256         792.089     26624000      3328000
       52000          512        1601.455     53248000      6656000
       52000         1024        3142.726    106496000     13312000
       52000         2048        6342.675    212992000     26624000
       52000         4096       12650.071    425984000     53248000
       52000         8192       25276.733    851968000    106496000
       52000        16384       50391.912   1703936000    212992000
       57184            1          46.093       114368        14296
       57184            2          15.943       228736        28592
       57184            4          23.037       457472        57184
       57184            8          36.982       914944       114368
       57184           16          64.556      1829888       228736
       57184           32         119.980      3659776       457472
       57184           64         230.666      7319552       914944
       57184          128         452.146     14639104      1829888
       57184          256         916.255     29278208      3659776
       57184          512        1781.084     58556416      7319552
       57184         1024        3570.687    117112832     14639104
       57184         2048        7127.820    234225664     29278208
       57184         4096       14245.673    468451328     58556416
       57184         8192       28724.791    936902656    117112832
       57184        16384       57015.417   1873805312    234225664
       62880            1          45.741       125760        15720
       62880            2          16.890       251520        31440
       62880            4          24.240       503040        62880
       62880            8          39.148      1006080       125760
       62880           16          68.426      2012160       251520
       62880           32         126.962      4024320       503040
       62880           64         244.481      8048640      1006080
       62880          128         478.701     16097280      2012160
       62880          256         947.939     32194560      4024320
       62880          512        1919.121     64389120      8048640
       62880         1024        3793.575    128778240     16097280
       62880         2048        7551.447    257556480     32194560
       62880         4096       15288.484    515112960     64389120
       62880         8192       30336.875   1030225920    128778240
       62880        16384       61045.361   2060451840    257556480
       69152            1          42.444       138304        17288
       69152            2          17.741       276608        34576
       69152            4          25.833       553216        69152
       69152            8          41.888      1106432       138304
       69152           16          74.295      2212864       276608
       69152           32         139.055      4425728       553216
       69152           64         395.368      8851456      1106432
       69152          128         526.405     17702912      2212864
       69152          256        1041.977     35405824      4425728
       69152          512        2113.008     70811648      8851456
       69152         1024        4178.999    141623296     17702912
       69152         2048        8312.943    283246592     35405824
       69152         4096       16627.032    566493184     70811648
       69152         8192       33249.491   1132986368    141623296
       76064            1          50.852       152128        19016
       76064            2          18.889       304256        38032
       76064            4          27.981       608512        76064
       76064            8          45.482      1217024       152128
       76064           16          81.240      2434048       304256
       76064           32         152.647      4868096       608512
       76064           64         295.277      9736192      1217024
       76064          128         580.701     19472384      2434048
       76064          256        1151.716     38944768      4868096
       76064          512        2316.155     77889536      9736192
       76064         1024        4599.368    155779072     19472384
       76064         2048        9182.864    311558144     38944768
       76064         4096       18354.358    623116288     77889536
       76064         8192       36680.197   1246232576    155779072
       83648            1          51.111       167296        20912
       83648            2          20.295       334592        41824
       83648            4          30.055       669184        83648
       83648            8          49.556      1338368       167296
       83648           16          88.111      2676736       334592
       83648           32         166.128      5353472       669184
       83648           64         322.443     10706944      1338368
       83648          128         656.793     21413888      2676736
       83648          256        1260.755     42827776      5353472
       83648          512        2503.155     85655552     10706944
       83648         1024        5036.105    171311104     21413888
       83648         2048       10176.229    342622208     42827776
       83648         4096       20059.831    685244416     85655552
       83648         8192       40120.292   1370488832    171311104
       92000            1          56.203       184000        23000
       92000            2          22.018       368000        46000
       92000            4          32.870       736000        92000
       92000            8          53.740      1472000       184000
       92000           16          96.629      2944000       368000
       92000           32         181.831      5888000       736000
       92000           64         352.146     11776000      1472000
       92000          128         693.886     23552000      2944000
       92000          256        1421.531     47104000      5888000
       92000          512        2745.560     94208000     11776000
       92000         1024        5602.547    188416000     23552000
       92000         2048       11022.373    376832000     47104000
       92000         4096       21980.415    753664000     94208000
       92000         8192       43935.459   1507328000    188416000
      101184            1        1123.847       202368        25296
      101184            2        1118.549       404736        50592
      101184            4        1163.848       809472       101184
      101184            8        1185.402      1618944       202368
      101184           16        1337.086      3237888       404736
      101184           32        6815.876      6475776       809472
      101184           64        1829.399     12951552      1618944
      101184          128       10997.688     25903104      3237888
      101184          256        4124.776     51806208      6475776
      101184          512        7136.726    103612416     12951552
      101184         1024       13165.808    207224832     25903104
      101184         2048       24139.943    414449664     51806208
      101184         4096       48200.588    828899328    103612416
      101184         8192       88739.192   1657798656    207224832
      111296            1          46.259       222592        27824
      111296            2          26.240       445184        55648
      111296            4          39.241       890368       111296
      111296            8          63.574      1780736       222592
      111296           16         114.481      3561472       445184
      111296           32         213.721      7122944       890368
      111296           64         423.979     14245888      1780736
      111296          128         844.144     28491776      3561472
      111296          256        1718.140     56983552      7122944
      111296          512        3576.798    113967104     14245888
      111296         1024        6771.562    227934208     28491776
      111296         2048       13515.363    455868416     56983552
      111296         4096       27067.150    911736832    113967104
      111296         8192       55184.294   1823473664    227934208
      122400            1          69.222       244800        30600
      122400            2          28.815       489600        61200
      122400            4          44.500       979200       122400
      122400            8          73.408      1958400       244800
      122400           16         133.573      3916800       489600
      122400           32         252.240      7833600       979200
      122400           64         489.905     15667200      1958400
      122400          128         962.384     31334400      3916800
      122400          256        1957.176     62668800      7833600
      122400          512        3819.075    125337600     15667200
      122400         1024        7628.964    250675200     31334400
      122400         2048       15219.039    501350400     62668800
      122400         4096       30439.967   1002700800    125337600
      122400         8192       62381.965   2005401600    250675200
      134624            1          55.592       269248        33656
      134624            2          31.981       538496        67312
      134624            4          47.907      1076992       134624
      134624            8          80.630      2153984       269248
      134624           16         144.314      4307968       538496
      134624           32         271.147      8615936      1076992
      134624           64         604.812     17231872      2153984
      134624          128        1039.570     34463744      4307968
      134624          256        2106.398     68927488      8615936
      134624          512        4196.703    137854976     17231872
      134624         1024        9018.827    275709952     34463744
      134624         2048       20821.365    551419904     68927488
      134624         4096       33295.712   1102839808    137854976
      148064            1          71.315       296128        37016
      148064            2          33.925       592256        74032
      148064            4          52.462      1184512       148064
      148064            8          87.426      2369024       296128
      148064           16         153.665      4738048       592256
      148064           32         292.907      9476096      1184512
      148064           64         589.997     18952192      2369024
      148064          128        1134.013     37904384      4738048
      148064          256        2225.100     75808768      9476096
      148064          512        4467.053    151617536     18952192
      148064         1024        8925.457    303235072     37904384
      148064         2048       19218.909    606470144     75808768
      148064         4096       36073.570   1212940288    151617536
      162848            1        2137.064       325696        40712
      162848            2        2156.526       651392        81424
      162848            4        2152.416      1302784       162848
      162848            8        2303.674      2605568       325696
      162848           16        1817.900      5211136       651392
      162848           32         332.832     10422272      1302784
      162848           64         635.960     20844544      2605568
      162848          128        1246.013     41689088      5211136
      162848          256        2515.358     83378176     10422272
      162848          512        4974.902    166756352     20844544
      162848         1024        9964.971    333512704     41689088
      162848         2048       20697.383    667025408     83378176
      162848         4096       39897.089   1334050816    166756352
      179104            1         213.332       358208        44776
      179104            2          46.222       716416        89552
      179104            4          69.370      1432832       179104
      179104            8         111.611      2865664       358208
      179104           16         235.036      5731328       716416
      179104           32         374.498     11462656      1432832
      179104           64         727.792     22925312      2865664
      179104          128        1437.698     45850624      5731328
      179104          256        2977.023     91701248     11462656
      179104          512        5847.194    183402496     22925312
      179104         1024       11509.112    366804992     45850624
      179104         2048       22951.892    733609984     91701248
      179104         4096       46758.426   1467219968    183402496
      196992            1          68.352       393984        49248
      196992            2          50.278       787968        98496
      196992            4          75.147      1575936       196992
      196992            8         124.110      3151872       393984
      196992           16         221.425      6303744       787968
      196992           32         418.442     12607488      1575936
      196992           64         851.257     25214976      3151872
      196992          128        1619.233     50429952      6303744
      196992          256        3209.799    100859904     12607488
      196992          512        6526.376    201719808     25214976
      196992         1024       12841.680    403439616     50429952
      196992         2048       26034.746    806879232    100859904
      196992         4096       51851.384   1613758464    201719808
      216672            1          76.776       433344        54168
      216672            2          55.481       866688       108336
      216672            4          82.296      1733376       216672
      216672            8         135.685      3466752       433344
      216672           16         241.684      6933504       866688
      216672           32         451.015     13867008      1733376
      216672           64         922.236     27734016      3466752
      216672          128        1761.733     55468032      6933504
      216672          256        3525.650    110936064     13867008
      216672          512        7041.744    221872128     27734016
      216672         1024       14081.655    443744256     55468032
      216672         2048       28283.922    887488512    110936064
      216672         4096       56477.418   1774977024    221872128
      238336            1         100.795       476672        59584
      238336            2          61.111       953344       119168
      238336            4          90.944      1906688       238336
      238336            8         150.148      3813376       476672
      238336           16         269.332      7626752       953344
      238336           32         503.090     15253504      1906688
      238336           64         986.180     30507008      3813376
      238336          128        1997.120     61014016      7626752
      238336          256        3926.370    122028032     15253504
      238336          512        7843.130    244056064     30507008
      238336         1024       15956.536    488112128     61014016
      238336         2048       31548.461    976224256    122028032
      238336         4096       62912.091   1952448512    244056064
      262144            1         120.426       524288        65536
      262144            2          70.407      1048576       131072
      262144            4         103.241      2097152       262144
      262144            8         170.055      4194304       524288
      262144           16         303.868      8388608      1048576
      262144           32         574.404     16777216      2097152
      262144           64        1112.402     33554432      4194304
      262144          128        2226.358     67108864      8388608
      262144          256        5177.957    134217728     16777216
      262144          512        8740.515    268435456     33554432
      262144         1024       17736.324    536870912     67108864
      262144         2048       35512.184   1073741824    134217728
      262144         4096       70608.425   2147483648    268435456
      288352            1       11802.499       576704        72088
      288352            2        1288.122      1153408       144176
      288352            4        1238.494      2306816       288352
      288352            8         171.944      4613632       576704
      288352           16         303.221      9227264      1153408
      288352           32        3044.393     18454528      2306816
      288352           64        4222.813     36909056      4613632
      288352          128        6310.433     73818112      9227264
      288352          256       10559.783    147636224     18454528
      288352          512       18898.614    295272448     36909056
      288352         1024       21782.804    590544896     73818112
      288352         2048       39163.981   1181089792    147636224
      317184            1         124.982       634368        79296
      317184            2          87.908      1268736       158592
      317184            4         130.111      2537472       317184
      317184            8         214.999      5074944       634368
      317184           16         385.296     10149888      1268736
      317184           32         718.516     20299776      2537472
      317184           64        1433.807     40599552      5074944
      317184          128        2827.782     81199104     10149888
      317184          256        5536.900    162398208     20299776
      317184          512       11295.557    324796416     40599552
      317184         1024       22155.061    649592832     81199104
      317184         2048       44521.825   1299185664    162398208
      348896            1         153.461       697792        87224
      348896            2          98.704      1395584       174448
      348896            4         143.296      2791168       348896
      348896            8         236.073      5582336       697792
      348896           16         422.128     11164672      1395584
      348896           32         791.662     22329344      2791168
      348896           64        1544.512     44658688      5582336
      348896          128        3167.206     89317376     11164672
      348896          256        6091.119    178634752     22329344
      348896          512       13033.438    357269504     44658688
      348896         1024       24866.715    714539008     89317376
      348896         2048       48498.344   1429078016    178634752
      383776            1         213.832       767552        95944
      383776            2         109.055      1535104       191888
      383776            4         158.147      3070208       383776
      383776            8         260.943      6140416       767552
      383776           16         467.646     12280832      1535104
      383776           32         880.384     24561664      3070208
      383776           64        1736.695     49123328      6140416
      383776          128        3371.150     98246656     12280832
      383776          256        6680.320    196493312     24561664
      383776          512       13378.474    392986624     49123328
      383776         1024       26671.224    785973248     98246656
      383776         2048       53412.321   1571946496    196493312
      422144            1         173.517       844288       105536
      422144            2         123.185      1688576       211072
      422144            4         175.389      3377152       422144
      422144            8         289.240      6754304       844288
      422144           16         517.331     13508608      1688576
      422144           32        1010.290     27017216      3377152
      422144           64        1890.158     54034432      6754304
      422144          128        3750.074    108068864     13508608
      422144          256        7489.520    216137728     27017216
      422144          512       14847.300    432275456     54034432
      422144         1024       32433.678    864550912    108068864
      422144         2048       60031.437   1729101824    216137728
      464352            1         198.000       928704       116088
      464352            2         139.555      1857408       232176
      464352            4         192.963      3714816       464352
      464352            8         354.720      7429632       928704
      464352           16         569.127     14859264      1857408
      464352           32        1072.828     29718528      3714816
      464352           64        2103.860     59437056      7429632
      464352          128        4201.999    118874112     14859264
      464352          256        8204.184    237748224     29718528
      464352          512       16353.718    475496448     59437056
      464352         1024       32804.622    950992896    118874112
      464352         2048       66180.148   1901985792    237748224
      510784            1         249.610      1021568       127696
      510784            2         157.592      2043136       255392
      510784            4         211.499      4086272       510784
      510784            8         350.331      8172544      1021568
      510784           16         627.830     16345088      2043136
      510784           32        1180.142     32690176      4086272
      510784           64        2341.915     65380352      8172544
      510784          128        4547.164    130760704     16345088
      510784          256        9088.567    261521408     32690176
      510784          512       17992.118    523042816     65380352
      510784         1024       36016.922   1046085632    130760704
      510784         2048       72813.543   2092171264    261521408
      561856            1         283.184      1123712       140464
      561856            2         173.999      2247424       280928
      561856            4         233.018      4494848       561856
      561856            8         384.740      8989696      1123712
      561856           16         690.627     17979392      2247424
      561856           32        1299.493     35958784      4494848
      561856           64        3326.429     71917568      8989696
      561856          128        9888.046    143835136     17979392
      561856          256       10480.284    287670272     35958784
      561856          512       19886.184    575340544     71917568
      561856         1024       39532.923   1150681088    143835136
      618016            1         249.350      1236032       154504
      618016            2         199.444      2472064       309008
      618016            4         260.388      4944128       618016
      618016            8         428.627      9888256      1236032
      618016           16         767.885     19776512      2472064
      618016           32        1495.994     39553024      4944128
      618016           64        2801.358     79106048      9888256
      618016          128        5550.993    158212096     19776512
      618016          256       11060.411    316424192     39553024
      618016          512       22384.858    632848384     79106048
      618016         1024       49396.319   1265696768    158212096
      679808            1         336.925      1359616       169952
      679808            2         237.776      2719232       339904
      679808            4         294.332      5438464       679808
      679808            8         478.924     10876928      1359616
      679808           16         847.070     21753856      2719232
      679808           32        1667.436     43507712      5438464
      679808           64        3204.781     87015424     10876928
      679808          128        6197.470    174030848     21753856
      679808          256       12305.348    348061696     43507712
      679808          512       24286.699    696123392     87015424
      679808         1024       49114.488   1392246784    174030848
      747776            1         401.571      1495552       186944
      747776            2         315.295      2991104       373888
      747776            4         360.239      5982208       747776
      747776            8         582.775     11964416      1495552
      747776           16        1053.624     23928832      2991104
      747776           32        2103.842     47857664      5982208
      747776           64        3902.630     95715328     11964416
      747776          128        7967.629    191430656     23928832
      747776          256       15587.167    382861312     47857664
      747776          512       30978.648    765722624     95715328
      747776         1024       61601.004   1531445248    191430656
      822528            1         481.053      1645056       205632
      822528            2         398.941      3290112       411264
      822528            4         446.368      6580224       822528
      822528            8         695.830     13160448      1645056
      822528           16        1337.123     26320896      3290112
      822528           32        2470.895     52641792      6580224
      822528           64        4656.200    105283584     13160448
      822528          128        9268.474    210567168     26320896
      822528          256       18294.857    421134336     52641792
      822528          512       36733.492    842268672    105283584
      822528         1024       73338.539   1684537344    210567168
      904768            1         503.628      1809536       226192
      904768            2         498.294      3619072       452384
      904768            4         600.479      7238144       904768
      904768            8        1044.828     14476288      1809536
      904768           16        1828.732     28952576      3619072
      904768           32        3309.632     57905152      7238144
      904768           64        6636.801    115810304     14476288
      904768          128       13836.637    231620608     28952576
      904768          256       26294.208    463241216     57905152
      904768          512       51336.570    926482432    115810304
      904768         1024      102251.125   1852964864    231620608
      995232            1         533.794      1990464       248808
      995232            2         855.533      3980928       497616
      995232            4         980.199      7961856       995232
      995232            8        1435.308     15923712      1990464
      995232           16        2649.895     31847424      3980928
      995232           32        4721.829     63694848      7961856
      995232           64        8981.142    127389696     15923712
      995232          128       18771.485    254779392     31847424
      995232          256       35828.959    509558784     63694848
      995232          512       71836.213   1019117568    127389696
      995232         1024      140870.495   2038235136    254779392
     1094752            1         637.904      2189504       273688
     1094752            2        1051.514      4379008       547376
     1094752            4        1357.641      8758016      1094752
     1094752            8        2178.915     17516032      2189504
     1094752           16        3838.241     35032064      4379008
     1094752           32        6847.282     70064128      8758016
     1094752           64       13110.438    140128256     17516032
     1094752          128       24445.865    280256512     35032064
     1094752          256       49581.597    560513024     70064128
     1094752          512      106264.678   1121026048    140128256
     1204224            1         901.088      2408448       301056
     1204224            2        1397.382      4816896       602112
     1204224            4        1847.565      9633792      1204224
     1204224            8        2816.672     19267584      2408448
     1204224           16        5100.198     38535168      4816896
     1204224           32        9417.900     77070336      9633792
     1204224           64       18006.025    154140672     19267584
     1204224          128       35439.923    308281344     38535168
     1204224          256       72385.488    616562688     77070336
     1204224          512      138766.097   1233125376    154140672
     1324640            1         825.145      2649280       331160
     1324640            2        1875.620      5298560       662320
     1324640            4        2445.377     10597120      1324640
     1324640            8        3878.629     21194240      2649280
     1324640           16        6959.818     42388480      5298560
     1324640           32       12701.605     84776960     10597120
     1324640           64       24587.345    169553920     21194240
     1324640          128       47775.198    339107840     42388480
     1324640          256       97525.516    678215680     84776960
     1324640          512      189252.189   1356431360    169553920
     1457088            1         936.403      2914176       364272
     1457088            2        1948.491      5828352       728544
     1457088            4        2865.672     11656704      1457088
     1457088            8        4689.255     23313408      2914176
     1457088           16        8354.145     46626816      5828352
     1457088           32       15717.443     93253632     11656704
     1457088           64       31238.332    186507264     23313408
     1457088          128       60220.621    373014528     46626816
     1457088          256      117139.015    746029056     93253632
     1457088          512      235083.267   1492058112    186507264
     1602784            1        1070.161      3205568       400696
     1602784            2        2476.562      6411136       801392
     1602784            4        3320.225     12822272      1602784
     1602784            8        5701.769     25644544      3205568
     1602784           16       10201.229     51289088      6411136
     1602784           32       18390.487    102578176     12822272
     1602784           64       36447.382    205156352     25644544
     1602784          128       71691.584    410312704     51289088
     1602784          256      141143.289    820625408    102578176
     1602784          512      285231.655   1641250816    205156352
     1763040            1        1171.698      3526080       440760
     1763040            2        2643.413      7052160       881520
     1763040            4        3875.592     14104320      1763040
     1763040            8        6553.394     28208640      3526080
     1763040           16       11568.852     56417280      7052160
     1763040           32       21848.340    112834560     14104320
     1763040           64       41230.469    225669120     28208640
     1763040          128       85147.278    451338240     56417280
     1763040          256      161790.097    902676480    112834560
     1763040          512      333883.533   1805352960    225669120
     1939328            1        1391.994      3878656       484832
     1939328            2        3079.263      7757312       969664
     1939328            4        4465.701     15514624      1939328
     1939328            8        7303.465     31029248      3878656
     1939328           16       13359.972     62058496      7757312
     1939328           32       24313.273    124116992     15514624
     1939328           64       47147.294    248233984     31029248
     1939328          128       95009.120    496467968     62058496
     1939328          256      184602.764    992935936    124116992
     1939328          512      376185.274   1985871872    248233984
     2133248            1        1574.919      4266496       533312
     2133248            2        3452.354      8532992      1066624
     2133248            4        5167.883     17065984      2133248
     2133248            8        8333.460     34131968      4266496
     2133248           16       14384.191     68263936      8532992
     2133248           32       31676.571    136527872     17065984
     2133248           64       53811.983    273055744     34131968
     2133248          128      105755.087    546111488     68263936
     2133248          256      210344.567   1092222976    136527872
     2346560            1        1721.843      4693120       586640
     2346560            2        3898.741      9386240      1173280
     2346560            4        5649.288     18772480      2346560
     2346560            8        9734.175     37544960      4693120
     2346560           16       16993.104     75089920      9386240
     2346560           32       31177.201    150179840     18772480
     2346560           64       59929.953    300359680     37544960
     2346560          128      118253.155    600719360     75089920
     2346560          256      236250.072   1201438720    150179840
     2581216            1        1970.213      5162432       645304
     2581216            2        4160.832     10324864      1290608
     2581216            4        6147.767     20649728      2581216
     2581216            8       10327.747     41299456      5162432
     2581216           16       18424.246     82598912     10324864
     2581216           32       33792.041    165197824     20649728
     2581216           64       67629.972    330395648     41299456
     2581216          128      133746.359    660791296     82598912
     2581216          256      267314.664   1321582592    165197824
     2839328            1        1920.028      5678656       709832
     2839328            2        4118.073     11357312      1419664
     2839328            4        6477.043     22714624      2839328
     2839328            8       10690.986     45429248      5678656
     2839328           16       19669.461     90858496     11357312
     2839328           32       38422.502    181716992     22714624
     2839328           64       78134.940    363433984     45429248
     2839328          128      148799.898    726867968     90858496
     2839328          256      295662.898   1453735936    181716992
     3123232            1        2342.729      6246464       780808
     3123232            2        5202.197     12492928      1561616
     3123232            4        7666.630     24985856      3123232
     3123232            8       12973.641     49971712      6246464
     3123232           16       23094.334     99943424     12492928
     3123232           32       43380.163    199886848     24985856
     3123232           64       83950.672    399773696     49971712
     3123232          128      165506.225    799547392     99943424
     3123232          256      331082.949   1599094784    199886848
     3435552            1        2336.452      6871104       858888
     3435552            2        5021.161     13742208      1717776
     3435552            4        8535.311     27484416      3435552
     3435552            8       13301.807     54968832      6871104
     3435552           16       25628.043    109937664     13742208
     3435552           32       47935.123    219875328     27484416
     3435552           64       93967.660    439750656     54968832
     3435552          128      188300.985    879501312    109937664
     3435552          256      369928.317   1759002624    219875328
     3779104            1        2950.968      7558208       944776
     3779104            2        6550.116     15116416      1889552
     3779104            4        9650.601     30232832      3779104
     3779104            8       15742.147     60465664      7558208
     3779104           16       28435.975    120931328     15116416
     3779104           32       52291.323    241862656     30232832
     3779104           64      104857.811    483725312     60465664
     3779104          128      204500.333    967450624    120931328
     3779104          256      409476.625   1934901248    241862656
     4156992            1        3521.853      8313984      1039248
     4156992            2        6956.948     16627968      2078496
     4156992            4       18466.504     33255936      4156992
     4156992            8       21525.211     66511872      8313984
     4156992           16       38159.594    133023744     16627968
     4156992           32       59008.569    266047488     33255936
     4156992           64      114698.376    532094976     66511872
     4156992          128      227926.812   1064189952    133023744
     4156992          256      452378.141   2128379904    266047488
     4572672            1        3509.391      9145344      1143168
     4572672            2        7527.946     18290688      2286336
     4572672            4       11097.874     36581376      4572672
     4572672            8       18512.763     73162752      9145344
     4572672           16       34747.814    146325504     18290688
     4572672           32       66616.124    292651008     36581376
     4572672           64      130301.244    585302016     73162752
     4572672          128      244591.398   1170604032    146325504
     5029920            1        4128.628     10059840      1257480
     5029920            2        8539.272     20119680      2514960
     5029920            4       12878.751     40239360      5029920
     5029920            8       21274.342     80478720     10059840
     5029920           16       37714.152    160957440     20119680
     5029920           32       73497.516    321914880     40239360
     5029920           64      140587.176    643829760     80478720
     5029920          128      277059.816   1287659520    160957440
     5532896            1        4617.534     11065792      1383224
     5532896            2        9454.269     22131584      2766448
     5532896            4       14435.875     44263168      5532896
     5532896            8       23916.125     88526336     11065792
     5532896           16       41028.228    177052672     22131584
     5532896           32       81476.385    354105344     44263168
     5532896           64      156795.652    708210688     88526336
     5532896          128      316657.440   1416421376    177052672
     6086176            1        5170.346     12172352      1521544
     6086176            2       10106.563     24344704      3043088
     6086176            4       15229.019     48689408      6086176
     6086176            8       26027.468     97378816     12172352
     6086176           16       46899.756    194757632     24344704
     6086176           32       89298.552    389515264     48689408
     6086176           64      171379.749    779030528     97378816
     6086176          128      340714.600   1558061056    194757632
     6694784            1        5646.102     13389568      1673696
     6694784            2       11638.667     26779136      3347392
     6694784            4       17506.304     53558272      6694784
     6694784            8       28640.899    107116544     13389568
     6694784           16       59862.248    214233088     26779136
     6694784           32      104484.107    428466176     53558272
     6694784           64      195968.834    856932352    107116544
     6694784          128      373426.995   1713864704    214233088
     7364256            1        6336.193     14728512      1841064
     7364256            2       13104.510     29457024      3682128
     7364256            4       19653.831     58914048      7364256
     7364256            8       31885.069    117828096     14728512
     7364256           16       55403.491    235656192     29457024
     7364256           32      109293.750    471312384     58914048
     7364256           64      208772.271    942624768    117828096
     7364256          128      419438.939   1885249536    235656192
     8100672            1        5791.824     16201344      2025168
     8100672            2       12263.644     32402688      4050336
     8100672            4       18507.707     64805376      8100672
     8100672            8       38031.465    129610752     16201344
     8100672           16       80276.909    259221504     32402688
     8100672           32      119780.386    518443008     64805376
     8100672           64      230403.332   1036886016    129610752
     8100672          128      457893.902   2073772032    259221504
     8910720            1        7981.648     17821440      2227680
     8910720            2       15721.146     35642880      4455360
     8910720            4       24163.494     71285760      8910720
     8910720            8       38641.295    142571520     17821440
     8910720           16       68017.062    285143040     35642880
     8910720           32      135185.681    570286080     71285760
     8910720           64      256088.022   1140572160    142571520
     9801792            1        8260.756     19603584      2450448
     9801792            2       17302.879     39207168      4900896
     9801792            4       25708.894     78414336      9801792
     9801792            8       43354.512    156828672     19603584
     9801792           16       74803.527    313657344     39207168
     9801792           32      145303.983    627314688     78414336
     9801792           64      281384.215   1254629376    156828672
    10781952            1        9096.345     21563904      2695488
    10781952            2       18869.279     43127808      5390976
    10781952            4       29307.359     86255616     10781952
    10781952            8       46866.237    172511232     21563904
    10781952           16       84050.538    345022464     43127808
    10781952           32      160077.726    690044928     86255616
    10781952           64      315181.848   1380089856    172511232
    11860128            1       10354.802     23720256      2965032
    11860128            2       21414.156     47440512      5930064
    11860128            4       31617.513     94881024     11860128
    11860128            8       50399.423    189762048     23720256
    11860128           16       99772.870    379524096     47440512
    11860128           32      176360.314    759048192     94881024
    11860128           64      356640.960   1518096384    189762048
    13046112            1       11341.501     26092224      3261528
    13046112            2       23323.368     52184448      6523056
    13046112            4       33544.042    104368896     13046112
    13046112            8       56642.856    208737792     26092224
    13046112           16      102763.429    417475584     52184448
    13046112           32      194508.652    834951168    104368896
    13046112           64      378526.020   1669902336    208737792
    14350720            1       12472.716     28701440      3587680
    14350720            2       24842.806     57402880      7175360
    14350720            4       36448.712    114805760     14350720
    14350720            8       63877.709    229611520     28701440
    14350720           16      111794.701    459223040     57402880
    14350720           32      214949.812    918446080    114805760
    14350720           64      414642.122   1836892160    229611520
    15785792            1       13727.915     31571584      3946448
    15785792            2       28002.475     63143168      7892896
    15785792            4       40347.879    126286336     15785792
    15785792            8       70831.342    252572672     31571584
    15785792           16      128377.859    505145344     63143168
    15785792           32      223296.788   1010290688    126286336
    15785792           64      459080.183   2020581376    252572672
    17364352            1       14476.597     34728704      4341088
    17364352            2       30617.999     69457408      8682176
    17364352            4       47353.326    138914816     17364352
    17364352            8       74872.933    277829632     34728704
    17364352           16      138649.624    555659264     69457408
    17364352           32      263364.760   1111318528    138914816
    19100768            1       15863.904     38201536      4775192
    19100768            2       29826.726     76403072      9550384
    19100768            4       48870.596    152806144     19100768
    19100768            8       86070.009    305612288     38201536
    19100768           16      150701.509    611224576     76403072
    19100768           32      287824.085   1222449152    152806144
    21010816            1       17642.803     42021632      5252704
    21010816            2       35755.308     84043264     10505408
    21010816            4       55793.248    168086528     21010816
    21010816            8       92347.664    336173056     42021632
    21010816           16      166265.582    672346112     84043264
    21010816           32      318666.805   1344692224    168086528
    23111872            1       17494.971     46223744      5777968
    23111872            2       35918.307     92447488     11555936
    23111872            4       59858.635    184894976     23111872
    23111872            8      102533.391    369789952     46223744
    23111872           16      182805.261    739579904     92447488
    23111872           32      347915.496   1479159808    184894976
    25423040            1       33517.652     50846080      6355760
    25423040            2       54493.070    101692160     12711520
    25423040            4       72042.002    203384320     25423040
    25423040            8      110961.109    406768640     50846080
    25423040           16      224149.726    813537280    101692160
    25423040           32      381153.556   1627074560    203384320
    27965344            1       23585.089     55930688      6991336
    27965344            2       48586.672    111861376     13982672
    27965344            4       75081.413    223722752     27965344
    27965344            8      123072.975    447445504     55930688
    27965344           16      220890.222    894891008    111861376
    27965344           32      427221.904   1789782016    223722752
    30761856            1       26372.982     61523712      7690464
    30761856            2       55492.767    123047424     15380928
    30761856            4       80778.329    246094848     30761856
    30761856            8      136194.949    492189696     61523712
    30761856           16      233218.662    984379392    123047424
    30761856           32      475479.964   1968758784    246094848
    33838016            1       28896.730     67676032      8459504
    33838016            2       62821.009    135352064     16919008
    33838016            4       90674.855    270704128     33838016
    33838016            8      149680.660    541408256     67676032
    33838016           16      269293.560   1082816512    135352064
    37221792            1       27637.847     74443584      9305448
    37221792            2       58346.604    148887168     18610896
    37221792            4       97742.413    297774336     37221792
    37221792            8      164146.886    595548672     74443584
    37221792           16      296978.869   1191097344    148887168
    40943968            1       36536.026     81887936     10235992
    40943968            2       70243.769    163775872     20471984
    40943968            4      112957.487    327551744     40943968
    40943968            8      180397.769    655103488     81887936
    40943968           16      325943.819   1310206976    163775872
    45038336            1       40303.766     90076672     11259584
    45038336            2       79188.022    180153344     22519168
    45038336            4      120025.340    360306688     45038336
    45038336            8      197204.908    720613376     90076672
    45038336           16      363660.969   1441226752    180153344
    49542144            1       47560.491     99084288     12385536
    49542144            2       87495.406    198168576     24771072
    49542144            4      130661.696    396337152     49542144
    49542144            8      218649.415    792674304     99084288
    49542144           16      392655.436   1585348608    198168576
    54496352            1       48151.190    108992704     13624088
    54496352            2       95578.293    217985408     27248176
    54496352            4      144455.536    435970816     54496352
    54496352            8      245175.063    871941632    108992704
    54496352           16      433047.184   1743883264    217985408
    59945984            1       51149.528    119891968     14986496
    59945984            2      106244.945    239783936     29972992
    59945984            4      179440.179    479567872     59945984
    59945984            8      270045.663    959135744    119891968
    59945984           16      482354.088   1918271488    239783936
    65940576            1       57873.865    131881152     16485144
    65940576            2      116784.208    263762304     32970288
    65940576            4      174124.649    527524608     65940576
    65940576            8      294263.117   1055049216    131881152
    65940576           16      530263.261   2110098432    263762304
    72534624            1       62994.359    145069248     18133656
    72534624            2      145565.992    290138496     36267312
    72534624            4      221688.712    580276992     72534624
    72534624            8      396533.932   1160553984    145069248
    79788064            1       71545.206    159576128     19947016
    79788064            2      141048.736    319152256     39894032
    79788064            4      209364.550    638304512     79788064
    79788064            8      341526.569   1276609024    159576128
    87766848            1       75631.370    175533696     21941712
    87766848            2      153653.840    351067392     43883424
    87766848            4      237066.784    702134784     87766848
    87766848            8      384529.711   1404269568    175533696
    96543520            1       86026.190    193087040     24135880
    96543520            2      168473.101    386174080     48271760
    96543520            4      240822.968    772348160     96543520
    96543520            8      429781.338   1544696320    193087040
   106197856            1       91816.698    212395712     26549464
   106197856            2      188773.372    424791424     53098928
   106197856            4      280775.699    849582848    106197856
   106197856            8      538227.307   1699165696    212395712
   116817632            1      104310.340    233635264     29204408
   116817632            2      221838.708    467270528     58408816
   116817632            4      345555.157    934541056    116817632
   116817632            8      516527.411   1869082112    233635264
   128499392            1      116894.260    256998784     32124848
   128499392            2      223814.754    513997568     64249696
   128499392            4      328778.183   1027995136    128499392
   128499392            8      646316.679   2055990272    256998784
   141349312            1      122259.789    282698624     35337328
   141349312            2      246100.347    565397248     70674656
   141349312            4      370046.053   1130794496    141349312
   155484224            1      139369.464    310968448     38871056
   155484224            2      271445.592    621936896     77742112
   155484224            4      411632.792   1243873792    155484224
   171032640            1      148868.787    342065280     42758160
   171032640            2      294804.772    684130560     85516320
   171032640            4      436740.112   1368261120    171032640
   188135904            1      164664.820    376271808     47033976
   188135904            2      328449.237    752543616     94067952
   188135904            4      530897.591   1505087232    188135904
   206949472            1      179662.523    413898944     51737368
   206949472            2      362209.015    827797888    103474736
   206949472            4      540679.948   1655595776    206949472
   227644416            1      203704.775    455288832     56911104
   227644416            2      375168.447    910577664    113822208
   227644416            4      595606.918   1821155328    227644416
   250408832            1      218659.867    500817664     62602208
   250408832            2      436256.425   1001635328    125204416
   250408832            4      648646.987   2003270656    250408832
   275449696            1      239049.970    550899392     68862424
   275449696            2      490617.970   1101798784    137724848
   302994656            1      263484.885    605989312     75748664
   302994656            2      517183.300   1211978624    151497328
   333294112            1      300907.977    666588224     83323528
   333294112            2      588802.721   1333176448    166647056
   366623520            1      350092.882    733247040     91655880
   366623520            2      746212.054   1466494080    183311760
   403285856            1      352861.627    806571712    100821464
   403285856            2      683368.233   1613143424    201642928
   443614432            1      392396.799    887228864    110903608
   443614432            2      777929.615   1774457728    221807216
   487975872            1      430247.741    975951744    121993968
   487975872            2      858880.490   1951903488    243987936
   536773440            1      476290.327   1073546880    134193360
   536773440            2      920335.627   2147093760    268386720
   590450784            1      546498.496   1180901568    147612696
   649495840            1      572289.349   1298991680    162373960
   714445408            1      634466.410   1428890816    178611352
   785889920            1      690071.668   1571779840    196472480
   864478912            1      760633.613   1728957824    216119728
   950926784            1      844416.713   1901853568    237731696
  1046019456            1      922306.140   2092038912    261504864

META_DATA
FLOPS          2
OPENMP_THREADS 4
ERT_VERSION  1.1.0
HOSTNAME  ('raspi', [], ['127.0.1.1'])
UNAME  uname_result(system='Linux', node='raspi', release='6.1.21-v8+', version='#1642 SMP PREEMPT Mon Apr  3 17:24:16 BST 2023', machine='aarch64')
TIMESTAMP_DATA  1765911637.3623989
CONFIG  {'ERT_MPI': ['False'], 'ERT_OPENMP': ['True'], 'ERT_OPENMP_CFLAGS': ['-fopenmp'], 'ERT_OPENMP_LDFLAGS': ['-fopenmp'], 'ERT_PRECISION': ['FP64'], 'ERT_TRIALS_MIN': ['1'], 'ERT_TRIALS': ['3', '#', 'Run', 'each', 'test', '3', 'times', 'to', 'filter', 'out', 'background', 'noise'], 'ERT_RESULTS': ['Results/Raspi'], 'ERT_GNUPLOT': ['gnuplot'], 'ERT_DRIVER': ['driver1'], 'ERT_KERNEL': ['kernel1'], 'ERT_CC': ['g++'], 'ERT_LD': ['g++'], 'ERT_CFLAGS': ['-O3', '-march=native', '-fopenmp', '-fstrict-aliasing', '-funroll-loops', '-Wno-all'], 'ERT_LDFLAGS': ['-O3', '-march=native', '-fopenmp'], 'ERT_LDLIBS': ['-lm'], 'ERT_RUN': ['export', 'OMP_NUM_THREADS=ERT_OPENMP_THREADS;', './ERT_CODE'], 'ERT_WORKING_SET_MIN': ['128'], 'ERT_MEMORY_MAX': ['1073741824'], 'ERT_ALIGN': ['64'], 'ERT_MIN_PROCS': ['1'], 'ERT_MAX_PROCS': ['1'], 'ERT_OPENMP_THREADS': ['1,2,4', '#', 'Logical', 'Threads'], 'ERT_NUM_EXPERIMENTS': ['3'], 'ERT_FLOPS': ['1,2,4'], 'ERT_GPU': [False], 'ERT_HIP': [False], 'ERT_OCL': [False], 'ERT_SYCL': [False], 'ERT_WSS_MULT': [1.1]}
