fp64
        8192            1          11.917        16384         8192
        8192            2           0.275        32768        16384
        8192            4           0.367        65536        32768
        8192            8           0.459       131072        65536
        8192           16           0.641       262144       131072
        8192           32           1.008       524288       262144
        8192           64           1.925      1048576       524288
        8192          128           6.050      2097152      1048576
        8192          256          11.733      4194304      2097152
        8192          512          16.225      8388608      4194304
        8192         1024          28.325     16777216      8388608
        8192         2048          63.250     33554432     16777216
        8192         4096         126.683     67108864     33554432
        8192         8192         258.958    134217728     67108864
        8192        16384         494.358    268435456    134217728
        8192        32768         970.659    536870912    268435456
        8192        65536        1862.025   1073741824    536870912
        8192       131072        3730.008   2147483648   1073741824
        8960            1           1.009        17920         8960
        8960            2           0.367        35840        17920
        8960            4           0.367        71680        35840
        8960            8           0.367       143360        71680
        8960           16           5.683       286720       143360
        8960           32           5.133       573440       286720
        8960           64           2.108      1146880       573440
        8960          128           3.942      2293760      1146880
        8960          256           7.884      4587520      2293760
        8960          512          15.217      9175040      4587520
        8960         1024          30.067     18350080      9175040
        8960         2048          60.133     36700160     18350080
        8960         4096         129.525     73400320     36700160
        8960         8192         244.109    146800640     73400320
        8960        16384         544.041    293601280    146800640
        8960        32768        1097.159    587202560    293601280
        8960        65536        2151.050   1174405120    587202560
        9856            1          77.367        19712         9856
        9856            2           0.458        39424        19712
        9856            4           5.867        78848        39424
        9856            8           0.916       157696        78848
        9856           16           0.733       315392       157696
        9856           32           1.191       630784       315392
        9856           64           2.842      1261568       630784
        9856          128           5.134      2523136      1261568
        9856          256           9.900      5046272      2523136
        9856          512          20.259     10092544      5046272
        9856         1024          40.700     20185088     10092544
        9856         2048          84.334     40370176     20185088
        9856         4096         162.250     80740352     40370176
        9856         8192         325.692    161480704     80740352
        9856        16384         681.358    322961408    161480704
        9856        32768        1232.275    645922816    322961408
        9856        65536        2346.300   1291845632    645922816
       10816            1          39.325        21632        10816
       10816            2           0.367        43264        21632
       10816            4           0.458        86528        43264
       10816            8           0.366       173056        86528
       10816           16           1.008       346112       173056
       10816           32           1.283       692224       346112
       10816           64           2.566      1384448       692224
       10816          128          10.908      2768896      1384448
       10816          256          10.725      5537792      2768896
       10816          512          26.308     11075584      5537792
       10816         1024          45.467     22151168     11075584
       10816         2048          82.775     44302336     22151168
       10816         4096         187.092     88604672     44302336
       10816         8192         351.725    177209344     88604672
       10816        16384         725.266    354418688    177209344
       10816        32768        1273.525    708837376    354418688
       10816        65536        2503.600   1417674752    708837376
       11840            1          69.758        23680        11840
       11840            2           2.108        47360        23680
       11840            4           0.458        94720        47360
       11840            8           0.550       189440        94720
       11840           16           1.009       378880       189440
       11840           32           1.650       757760       378880
       11840           64           3.392      1515520       757760
       11840          128           6.142      3031040      1515520
       11840          256          12.375      6062080      3031040
       11840          512          24.475     12124160      6062080
       11840         1024          54.634     24248320     12124160
       11840         2048         107.709     48496640     24248320
       11840         4096         195.434     96993280     48496640
       11840         8192         381.517    193986560     96993280
       11840        16384         741.400    387973120    193986560
       11840        32768        1399.658    775946240    387973120
       11840        65536        2725.067   1551892480    775946240
       12992            1           0.825        25984        12992
       12992            2           0.458        51968        25984
       12992            4           0.458       103936        51968
       12992            8           0.550       207872       103936
       12992           16           0.916       415744       207872
       12992           32           1.833       831488       415744
       12992           64           3.391      1662976       831488
       12992          128           6.783      3325952      1662976
       12992          256          15.675      6651904      3325952
       12992          512          35.933     13303808      6651904
       12992         1024          54.083     26607616     13303808
       12992         2048         107.342     53215232     26607616
       12992         4096         214.409    106430464     53215232
       12992         8192         456.042    212860928    106430464
       12992        16384        1019.425    425721856    212860928
       12992        32768        1512.775    851443712    425721856
       12992        65536        2878.517   1702887424    851443712
       14272            1          43.450        28544        14272
       14272            2           0.275        57088        28544
       14272            4           0.642       114176        57088
       14272            8           5.042       228352       114176
       14272           16           3.758       456704       228352
       14272           32           2.017       913408       456704
       14272           64           8.617      1826816       913408
       14272          128           7.516      3653632      1826816
       14272          256          37.859      7307264      3653632
       14272          512          31.992     14614528      7307264
       14272         1024          57.475     29229056     14614528
       14272         2048         115.134     58458112     29229056
       14272         4096         231.000    116916224     58458112
       14272         8192         476.575    233832448    116916224
       14272        16384         865.058    467664896    233832448
       14272        32768        1693.083    935329792    467664896
       14272        65536        3344.459   1870659584    935329792
       15680            1           0.825        31360        15680
       15680            2           5.316        62720        31360
       15680            4           0.459       125440        62720
       15680            8           0.642       250880       125440
       15680           16           1.191       501760       250880
       15680           32           2.200      1003520       501760
       15680           64           7.334      2007040      1003520
       15680          128           7.792      4014080      2007040
       15680          256          15.675      8028160      4014080
       15680          512          31.167     16056320      8028160
       15680         1024          63.617     32112640     16056320
       15680         2048         122.558     64225280     32112640
       15680         4096         246.033    128450560     64225280
       15680         8192         526.441    256901120    128450560
       15680        16384         953.883    513802240    256901120
       15680        32768        1816.833   1027604480    513802240
       15680        65536        3588.658   2055208960   1027604480
       17216            1          40.334        34432        17216
       17216            2           0.458        68864        34432
       17216            4           0.459       137728        68864
       17216            8           0.734       275456       137728
       17216           16           5.500       550912       275456
       17216           32           2.017      1101824       550912
       17216           64           3.942      2203648      1101824
       17216          128           7.334      4407296      2203648
       17216          256          14.758      8814592      4407296
       17216          512          28.784     17629184      8814592
       17216         1024          57.475     35258368     17629184
       17216         2048         114.950     70516736     35258368
       17216         4096         252.175    141033472     70516736
       17216         8192         482.900    282066944    141033472
       17216        16384        1041.334    564133888    282066944
       17216        32768        1974.317   1128267776    564133888
       18880            1          43.634        37760        18880
       18880            2           0.550        75520        37760
       18880            4           0.550       151040        75520
       18880            8           0.917       302080       151040
       18880           16           1.558       604160       302080
       18880           32           2.750      1208320       604160
       18880           64           5.317      2416640      1208320
       18880          128          10.450      4833280      2416640
       18880          256          20.808      9666560      4833280
       18880          512          43.175     19333120      9666560
       18880         1024          82.317     38666240     19333120
       18880         2048         163.992     77332480     38666240
       18880         4096         329.358    154664960     77332480
       18880         8192         589.875    309329920    154664960
       18880        16384        1157.842    618659840    309329920
       18880        32768        2191.475   1237319680    618659840
       20736            1          67.558        41472        20736
       20736            2           1.191        82944        41472
       20736            4           0.642       165888        82944
       20736            8           0.825       331776       165888
       20736           16           1.466       663552       331776
       20736           32           8.708      1327104       663552
       20736           64           5.317      2654208      1327104
       20736          128          10.359      5308416      2654208
       20736          256          36.300     10616832      5308416
       20736          512          40.608     21233664     10616832
       20736         1024         104.592     42467328     21233664
       20736         2048         179.575     84934656     42467328
       20736         4096         328.991    169869312     84934656
       20736         8192         688.416    339738624    169869312
       20736        16384        1241.075    679477248    339738624
       20736        32768        2455.017   1358954496    679477248
       22784            1          13.292        45568        22784
       22784            2           0.550        91136        45568
       22784            4           0.641       182272        91136
       22784            8           1.009       364544       182272
       22784           16           1.559       729088       364544
       22784           32           3.116      1458176       729088
       22784           64           5.958      2916352      1458176
       22784          128          11.734      5832704      2916352
       22784          256          23.650     11665408      5832704
       22784          512          47.117     23330816     11665408
       22784         1024          98.175     46661632     23330816
       22784         2048         185.900     93323264     46661632
       22784         4096         383.625    186646528     93323264
       22784         8192         686.034    373293056    186646528
       22784        16384        1359.416    746586112    373293056
       22784        32768        2621.209   1493172224    746586112
       25024            1           9.900        50048        25024
       25024            2           3.575       100096        50048
       25024            4           0.733       200192       100096
       25024            8           1.009       400384       200192
       25024           16           1.742       800768       400384
       25024           32           3.117      1601536       800768
       25024           64           5.775      3203072      1601536
       25024          128          11.825      6406144      3203072
       25024          256          23.466     12812288      6406144
       25024          512          50.233     25624576     12812288
       25024         1024          91.941     51249152     25624576
       25024         2048         184.708    102498304     51249152
       25024         4096         374.092    204996608    102498304
       25024         8192         757.717    409993216    204996608
       25024        16384        1444.850    819986432    409993216
       25024        32768        2917.842   1639972864    819986432
       27520            1          69.117        55040        27520
       27520            2           0.642       110080        55040
       27520            4           0.733       220160       110080
       27520            8           1.100       440320       220160
       27520           16           1.925       880640       440320
       27520           32           3.300      1761280       880640
       27520           64           6.692      3522560      1761280
       27520          128          13.292      7045120      3522560
       27520          256          27.042     14090240      7045120
       27520          512          53.442     28180480     14090240
       27520         1024         113.575     56360960     28180480
       27520         2048         202.950    112721920     56360960
       27520         4096         363.825    225443840    112721920
       27520         8192         814.642    450887680    225443840
       27520        16384        1580.792    901775360    450887680
       27520        32768        2958.817   1803550720    901775360
       30272            1          45.558        60544        30272
       30272            2           1.284       121088        60544
       30272            4           0.733       242176       121088
       30272            8           1.191       484352       242176
       30272           16           7.883       968704       484352
       30272           32           8.708      1937408       968704
       30272           64           6.783      3874816      1937408
       30272          128          13.933      7749632      3874816
       30272          256          26.858     15499264      7749632
       30272          512          52.617     30998528     15499264
       30272         1024         105.783     61997056     30998528
       30272         2048         212.392    123994112     61997056
       30272         4096         426.158    247988224    123994112
       30272         8192         899.067    495976448    247988224
       30272        16384        1758.442    991952896    495976448
       30272        32768        3366.825   1983905792    991952896
       33280            1          43.542        66560        33280
       33280            2           0.550       133120        66560
       33280            4           0.734       266240       133120
       33280            8           1.191       532480       266240
       33280           16           2.108      1064960       532480
       33280           32           4.217      2129920      1064960
       33280           64           8.067      4259840      2129920
       33280          128          16.225      8519680      4259840
       33280          256          32.175     17039360      8519680
       33280          512          84.334     34078720     17039360
       33280         1024         127.142     68157440     34078720
       33280         2048         259.875    136314880     68157440
       33280         4096         517.641    272629760    136314880
       33280         8192         980.833    545259520    272629760
       33280        16384        1955.342   1090519040    545259520
       36608            1          29.333        73216        36608
       36608            2           1.100       146432        73216
       36608            4           0.642       292864       146432
       36608            8           1.375       585728       292864
       36608           16           2.566      1171456       585728
       36608           32           9.350      2342912      1171456
       36608           64          12.742      4685824      2342912
       36608          128          18.700      9371648      4685824
       36608          256          37.675     18743296      9371648
       36608          512          74.159     37486592     18743296
       36608         1024         150.608     74973184     37486592
       36608         2048         294.983    149946368     74973184
       36608         4096         636.258    299892736    149946368
       36608         8192        1082.216    599785472    299892736
       36608        16384        2104.117   1199570944    599785472
       40256            1          24.475        80512        40256
       40256            2           1.192       161024        80512
       40256            4           0.825       322048       161024
       40256            8           1.467       644096       322048
       40256           16           3.025      1288192       644096
       40256           32           5.408      2576384      1288192
       40256           64          10.541      5152768      2576384
       40256          128          22.183     10305536      5152768
       40256          256          41.800     20611072     10305536
       40256          512          82.591     41222144     20611072
       40256         1024         186.542     82444288     41222144
       40256         2048         320.559    164888576     82444288
       40256         4096         612.241    329777152    164888576
       40256         8192        1191.208    659554304    329777152
       40256        16384        2335.208   1319108608    659554304
       44224            1          51.150        88448        44224
       44224            2           0.642       176896        88448
       44224            4           1.008       353792       176896
       44224            8           1.833       707584       353792
       44224           16           2.933      1415168       707584
       44224           32           5.591      2830336      1415168
       44224           64          15.950      5660672      2830336
       44224          128          21.542     11321344      5660672
       44224          256          43.267     22642688     11321344
       44224          512          93.225     45285376     22642688
       44224         1024         202.492     90570752     45285376
       44224         2048         344.025    181141504     90570752
       44224         4096         682.458    362283008    181141504
       44224         8192        1281.684    724566016    362283008
       44224        16384        2572.900   1449132032    724566016
       48640            1           1.467        97280        48640
       48640            2           0.641       194560        97280
       48640            4           0.825       389120       194560
       48640            8           1.925       778240       389120
       48640           16           3.300      1556480       778240
       48640           32           5.775      3112960      1556480
       48640           64          11.550      6225920      3112960
       48640          128          22.641     12451840      6225920
       48640          256          46.016     24903680     12451840
       48640          512          89.192     49807360     24903680
       48640         1024         178.567     99614720     49807360
       48640         2048         356.767    199229440     99614720
       48640         4096         736.541    398458880    199229440
       48640         8192        1416.250    796917760    398458880
       48640        16384        2813.158   1593835520    796917760
       53504            1          17.142       107008        53504
       53504            2           0.641       214016       107008
       53504            4           1.009       428032       214016
       53504            8           1.925       856064       428032
       53504           16           3.758      1712128       856064
       53504           32           6.875      3424256      1712128
       53504           64          13.384      6848512      3424256
       53504          128          26.400     13697024      6848512
       53504          256          52.525     27394048     13697024
       53504          512         105.050     54788096     27394048
       53504         1024         211.842    109576192     54788096
       53504         2048         424.142    219152384    109576192
       53504         4096         844.342    438304768    219152384
       53504         8192        1541.650    876609536    438304768
       53504        16384        2970.642   1753219072    876609536
       58816            1          64.166       117632        58816
       58816            2           0.733       235264       117632
       58816            4           1.283       470528       235264
       58816            8           2.292       941056       470528
       58816           16           3.758      1882112       941056
       58816           32           7.241      3764224      1882112
       58816           64          18.975      7528448      3764224
       58816          128          30.616     15056896      7528448
       58816          256          54.725     30113792     15056896
       58816          512         108.075     60227584     30113792
       58816         1024         225.592    120455168     60227584
       58816         2048         466.858    240910336    120455168
       58816         4096         939.675    481820672    240910336
       58816         8192        1763.025    963641344    481820672
       58816        16384        3371.959   1927282688    963641344
       64640            1          47.575       129280        64640
       64640            2           1.833       258560       129280
       64640            4           1.558       517120       258560
       64640            8           6.325      1034240       517120
       64640           16           4.217      2068480      1034240
       64640           32           7.700      4136960      2068480
       64640           64          15.125      8273920      4136960
       64640          128          30.159     16547840      8273920
       64640          256          61.416     33095680     16547840
       64640          512         124.850     66191360     33095680
       64640         1024         247.317    132382720     66191360
       64640         2048         479.325    264765440    132382720
       64640         4096         956.908    529530880    264765440
       64640         8192        1954.425   1059061760    529530880
       64640        16384        3720.291   2118123520   1059061760
       71104            1          72.141       142208        71104
       71104            2           0.734       284416       142208
       71104            4           5.408       568832       284416
       71104            8           2.567      1137664       568832
       71104           16           4.125      2275328      1137664
       71104           32           8.250      4550656      2275328
       71104           64          16.042      9101312      4550656
       71104          128          39.508     18202624      9101312
       71104          256          62.700     36405248     18202624
       71104          512         125.125     72810496     36405248
       71104         1024         251.717    145620992     72810496
       71104         2048         521.125    291241984    145620992
       71104         4096        1065.900    582483968    291241984
       71104         8192        2183.684   1164967936    582483968
       78208            1          11.825       156416        78208
       78208            2           4.400       312832       156416
       78208            4           2.108       625664       312832
       78208            8           2.842      1251328       625664
       78208           16           5.408      2502656      1251328
       78208           32           9.808      5005312      2502656
       78208           64          20.717     10010624      5005312
       78208          128          38.317     20021248     10010624
       78208          256          80.025     40042496     20021248
       78208          512         155.558     80084992     40042496
       78208         1024         307.175    160169984     80084992
       78208         2048         661.283    320339968    160169984
       78208         4096        1158.208    640679936    320339968
       78208         8192        2389.109   1281359872    640679936
       86016            1          41.709       172032        86016
       86016            2           5.683       344064       172032
       86016            4           1.925       688128       344064
       86016            8           6.691      1376256       688128
       86016           16           5.958      2752512      1376256
       86016           32          11.367      5505024      2752512
       86016           64          25.850     11010048      5505024
       86016          128          40.242     22020096     11010048
       86016          256          79.933     44040192     22020096
       86016          512         158.858     88080384     44040192
       86016         1024         316.525    176160768     88080384
       86016         2048         649.184    352321536    176160768
       86016         4096        1266.375    704643072    352321536
       86016         8192        2367.016   1409286144    704643072
       94592            1          51.058       189184        94592
       94592            2           1.100       378368       189184
       94592            4           2.017       756736       378368
       94592            8           3.483      1513472       756736
       94592           16           6.325      3026944      1513472
       94592           32          15.950      6053888      3026944
       94592           64          23.650     12107776      6053888
       94592          128          46.292     24215552     12107776
       94592          256          92.584     48431104     24215552
       94592          512         183.425     96862208     48431104
       94592         1024         374.183    193724416     96862208
       94592         2048         729.850    387448832    193724416
       94592         4096        1398.100    774897664    387448832
       94592         8192        2737.167   1549795328    774897664
      104000            1          72.508       208000       104000
      104000            2           1.100       416000       208000
      104000            4           2.200       832000       416000
      104000            8           3.759      1664000       832000
      104000           16           6.600      3328000      1664000
      104000           32          13.108      6656000      3328000
      104000           64          25.392     13312000      6656000
      104000          128          49.592     26624000     13312000
      104000          256          98.634     53248000     26624000
      104000          512         204.416    106496000     53248000
      104000         1024         410.667    212992000    106496000
      104000         2048         816.292    425984000    212992000
      104000         4096        1594.725    851968000    425984000
      104000         8192        3063.500   1703936000    851968000
      114368            1          27.683       228736       114368
      114368            2          13.750       457472       228736
      114368            4           7.242       914944       457472
      114368            8           4.309      1829888       914944
      114368           16           7.150      3659776      1829888
      114368           32          16.867      7319552      3659776
      114368           64          27.042     14639104      7319552
      114368          128          53.258     29278208     14639104
      114368          256         105.691     58556416     29278208
      114368          512         210.192    117112832     58556416
      114368         1024         417.175    234225664    117112832
      114368         2048         828.209    468451328    234225664
      114368         4096        1580.791    936902656    468451328
      114368         8192        3148.750   1873805312    936902656
      125760            1          17.417       251520       125760
      125760            2           1.375       503040       251520
      125760            4          21.267      1006080       503040
      125760            8           4.308      2012160      1006080
      125760           16           8.434      4024320      2012160
      125760           32          16.042      8048640      4024320
      125760           64          36.025     16097280      8048640
      125760          128          65.816     32194560     16097280
      125760          256         122.833     64389120     32194560
      125760          512         353.742    128778240     64389120
      125760         1024         476.117    257556480    128778240
      125760         2048        1014.933    515112960    257556480
      125760         4096        1862.392   1030225920    515112960
      125760         8192        3564.550   2060451840   1030225920
      138304            1           6.416       276608       138304
      138304            2           2.750       553216       276608
      138304            4           3.575      1106432       553216
      138304            8           5.133      2212864      1106432
      138304           16           9.167      4425728      2212864
      138304           32          18.150      8851456      4425728
      138304           64          35.383     17702912      8851456
      138304          128          70.491     35405824     17702912
      138304          256         141.167     70811648     35405824
      138304          512         281.692    141623296     70811648
      138304         1024         572.366    283246592    141623296
      138304         2048        1067.092    566493184    283246592
      138304         4096        2120.708   1132986368    566493184
      152128            1          10.450       304256       152128
      152128            2           1.559       608512       304256
      152128            4           2.750      1217024       608512
      152128            8           5.225      2434048      1217024
      152128           16          10.084      4868096      2434048
      152128           32          19.708      9736192      4868096
      152128           64          39.050     19472384      9736192
      152128          128          83.417     38944768     19472384
      152128          256         151.525     77889536     38944768
      152128          512         305.800    155779072     77889536
      152128         1024         579.058    311558144    155779072
      152128         2048        1172.875    623116288    311558144
      152128         4096        2287.725   1246232576    623116288
      167296            1          17.417       334592       167296
      167296            2           1.925       669184       334592
      167296            4           3.758      1338368       669184
      167296            8           6.600      2676736      1338368
      167296           16          12.100      5353472      2676736
      167296           32          23.925     10706944      5353472
      167296           64          46.750     21413888     10706944
      167296          128          92.584     42827776     21413888
      167296          256         188.100     85655552     42827776
      167296          512         379.500    171311104     85655552
      167296         1024         741.858    342622208    171311104
      167296         2048        1458.417    685244416    342622208
      167296         4096        2822.325   1370488832    685244416
      184000            1          88.459       368000       184000
      184000            2           1.925       736000       368000
      184000            4           4.217      1472000       736000
      184000            8          10.817      2944000      1472000
      184000           16          13.842      5888000      2944000
      184000           32          26.217     11776000      5888000
      184000           64          53.350     23552000     11776000
      184000          128         101.108     47104000     23552000
      184000          256         222.016     94208000     47104000
      184000          512         400.492    188416000     94208000
      184000         1024         828.391    376832000    188416000
      184000         2048        1625.617    753664000    376832000
      184000         4096        3043.883   1507328000    753664000
      202368            1          62.700       404736       202368
      202368            2           7.334       809472       404736
      202368            4           7.150      1618944       809472
      202368            8           8.250      3237888      1618944
      202368           16          17.417      6475776      3237888
      202368           32          28.875     12951552      6475776
      202368           64          56.559     25903104     12951552
      202368          128         115.683     51806208     25903104
      202368          256         200.566    103612416     51806208
      202368          512         415.525    207224832    103612416
      202368         1024         833.984    414449664    207224832
      202368         2048        1658.525    828899328    414449664
      202368         4096        3266.725   1657798656    828899328
      222592            1          69.116       445184       222592
      222592            2           3.025       890368       445184
      222592            4           5.408      1780736       890368
      222592            8           9.350      3561472      1780736
      222592           16          17.050      7122944      3561472
      222592           32          32.542     14245888      7122944
      222592           64          63.891     28491776     14245888
      222592          128         123.750     56983552     28491776
      222592          256         246.766    113967104     56983552
      222592          512         465.758    227934208    113967104
      222592         1024         877.616    455868416    227934208
      222592         2048        1784.842    911736832    455868416
      222592         4096        3508.266   1823473664    911736832
      244800            1          48.858       489600       244800
      244800            2           3.666       979200       489600
      244800            4           5.592      1958400       979200
      244800            8          13.750      3916800      1958400
      244800           16          18.791      7833600      3916800
      244800           32          35.109     15667200      7833600
      244800           64          68.016     31334400     15667200
      244800          128         134.200     62668800     31334400
      244800          256         278.025    125337600     62668800
      244800          512         536.800    250675200    125337600
      244800         1024        1012.367    501350400    250675200
      244800         2048        2003.558   1002700800    501350400
      244800         4096        3875.575   2005401600   1002700800
      269248            1          73.333       538496       269248
      269248            2           2.934      1076992       538496
      269248            4          10.175      2153984      1076992
      269248            8          10.725      4307968      2153984
      269248           16          22.183      8615936      4307968
      269248           32          42.900     17231872      8615936
      269248           64          77.917     34463744     17231872
      269248          128         150.058     68927488     34463744
      269248          256         277.934    137854976     68927488
      269248          512         561.917    275709952    137854976
      269248         1024        1138.133    551419904    275709952
      269248         2048        2152.058   1102839808    551419904
      296128            1          13.933       592256       296128
      296128            2           3.850      1184512       592256
      296128            4           6.691      2369024      1184512
      296128            8          11.642      4738048      2369024
      296128           16          21.908      9476096      4738048
      296128           32          71.959     18952192      9476096
      296128           64          81.767     37904384     18952192
      296128          128         162.250     75808768     37904384
      296128          256         368.500    151617536     75808768
      296128          512         712.891    303235072    151617536
      296128         1024        1281.133    606470144    303235072
      296128         2048        2477.475   1212940288    606470144
      325696            1           2.291       651392       325696
      325696            2           4.584      1302784       651392
      325696            4           7.608      2605568      1302784
      325696            8          13.016      5211136      2605568
      325696           16          28.050     10422272      5211136
      325696           32          45.925     20844544     10422272
      325696           64          90.934     41689088     20844544
      325696          128         181.134     83378176     41689088
      325696          256         366.759    166756352     83378176
      325696          512         648.175    333512704    166756352
      325696         1024        1313.767    667025408    333512704
      325696         2048        2680.425   1334050816    667025408
      358208            1          25.850       716416       358208
      358208            2          11.184      1432832       716416
      358208            4           9.166      2865664      1432832
      358208            8          14.208      5731328      2865664
      358208           16          21.909     11462656      5731328
      358208           32          50.508     22925312     11462656
      358208           64          99.733     45850624     22925312
      358208          128         202.033     91701248     45850624
      358208          256         413.692    183402496     91701248
      358208          512         829.217    366804992    183402496
      358208         1024        1530.742    733609984    366804992
      358208         2048        2921.325   1467219968    733609984
      393984            1           5.592       787968       393984
      393984            2          19.159      1575936       787968
      393984            4          12.741      3151872      1575936
      393984            8          15.858      6303744      3151872
      393984           16          29.058     12607488      6303744
      393984           32          55.734     25214976     12607488
      393984           64         116.234     50429952     25214976
      393984          128         218.992    100859904     50429952
      393984          256         438.991    201719808    100859904
      393984          512         833.434    403439616    201719808
      393984         1024        1578.225    806879232    403439616
      393984         2048        3134.908   1613758464    806879232
      433344            1          51.241       866688       433344
      433344            2           4.766      1733376       866688
      433344            4           9.350      3466752      1733376
      433344            8          16.866      6933504      3466752
      433344           16          31.625     13867008      6933504
      433344           32          66.000     27734016     13867008
      433344           64         124.575     55468032     27734016
      433344          128         248.875    110936064     55468032
      433344          256         449.166    221872128    110936064
      433344          512         904.842    443744256    221872128
      433344         1024        1878.709    887488512    443744256
      433344         2048        3475.175   1774977024    887488512
      476672            1          63.525       953344       476672
      476672            2          11.275      1906688       953344
      476672            4          10.266      3813376      1906688
      476672            8          17.783      7626752      3813376
      476672           16          33.184     15253504      7626752
      476672           32          65.267     30507008     15253504
      476672           64         127.050     61014016     30507008
      476672          128         251.533    122028032     61014016
      476672          256         499.400    244056064    122028032
      476672          512        1021.167    488112128    244056064
      476672         1024        1815.917    976224256    488112128
      476672         2048        3707.275   1952448512    976224256
      524288            1          15.583      1048576       524288
      524288            2           8.708      2097152      1048576
      524288            4          11.000      4194304      2097152
      524288            8          21.083      8388608      4194304
      524288           16          35.842     16777216      8388608
      524288           32          69.483     33554432     16777216
      524288           64         135.025     67108864     33554432
      524288          128         265.100    134217728     67108864
      524288          256         541.659    268435456    134217728
      524288          512        1111.275    536870912    268435456
      524288         1024        2064.608   1073741824    536870912
      524288         2048        3886.116   2147483648   1073741824
      576704            1           4.125      1153408       576704
      576704            2           9.625      2306816      1153408
      576704            4          14.300      4613632      2306816
      576704            8          24.566      9227264      4613632
      576704           16          43.908     18454528      9227264
      576704           32          88.825     36909056     18454528
      576704           64         160.325     73818112     36909056
      576704          128         317.900    147636224     73818112
      576704          256         592.534    295272448    147636224
      576704          512        1174.250    590544896    295272448
      576704         1024        2278.833   1181089792    590544896
      634368            1          36.116      1268736       634368
      634368            2           8.433      2537472      1268736
      634368            4          13.750      5074944      2537472
      634368            8          23.375     10149888      5074944
      634368           16          42.167     20299776     10149888
      634368           32          90.567     40599552     20299776
      634368           64         157.209     81199104     40599552
      634368          128         316.158    162398208     81199104
      634368          256         648.175    324796416    162398208
      634368          512        1325.133    649592832    324796416
      634368         1024        2415.050   1299185664    649592832
      697792            1          18.608      1395584       697792
      697792            2          11.550      2791168      1395584
      697792            4          14.941      5582336      2791168
      697792            8          23.100     11164672      5582336
      697792           16          51.608     22329344     11164672
      697792           32         105.233     44658688     22329344
      697792           64         172.517     89317376     44658688
      697792          128         372.625    178634752     89317376
      697792          256         702.900    357269504    178634752
      697792          512        1406.625    714539008    357269504
      697792         1024        2635.692   1429078016    714539008
      767552            1           4.584      1535104       767552
      767552            2          10.725      3070208      1535104
      767552            4          16.775      6140416      3070208
      767552            8          28.600     12280832      6140416
      767552           16          51.975     24561664     12280832
      767552           32         100.100     49123328     24561664
      767552           64         196.442     98246656     49123328
      767552          128         390.592    196493312     98246656
      767552          256         763.308    392986624    196493312
      767552          512        1570.617    785973248    392986624
      767552         1024        2834.792   1571946496    785973248
      844288            1          85.891      1688576       844288
      844288            2          11.367      3377152      1688576
      844288            4          18.791      6754304      3377152
      844288            8          31.900     13508608      6754304
      844288           16          60.317     27017216     13508608
      844288           32         114.125     54034432     27017216
      844288           64         222.200    108068864     54034432
      844288          128         443.117    216137728    108068864
      844288          256         834.075    432275456    216137728
      844288          512        1704.817    864550912    432275456
      844288         1024        3169.284   1729101824    864550912
      928704            1          13.017      1857408       928704
      928704            2          14.758      3714816      1857408
      928704            4          23.650      7429632      3714816
      928704            8          41.617     14859264      7429632
      928704           16          71.134     29718528     14859264
      928704           32         136.125     59437056     29718528
      928704           64         280.500    118874112     59437056
      928704          128         491.242    237748224    118874112
      928704          256         924.642    475496448    237748224
      928704          512        1847.541    950992896    475496448
      928704         1024        3506.342   1901985792    950992896
     1021568            1          77.000      2043136      1021568
     1021568            2          13.109      4086272      2043136
     1021568            4          22.275      8172544      4086272
     1021568            8          38.408     16345088      8172544
     1021568           16          70.033     32690176     16345088
     1021568           32         133.558     65380352     32690176
     1021568           64         260.058    130760704     65380352
     1021568          128         511.959    261521408    130760704
     1021568          256        1012.000    523042816    261521408
     1021568          512        1945.259   1046085632    523042816
     1021568         1024        3665.750   2092171264   1046085632
     1123712            1          74.433      2247424      1123712
     1123712            2          12.100      4494848      2247424
     1123712            4          21.817      8989696      4494848
     1123712            8          42.167     17979392      8989696
     1123712           16          73.058     35958784     17979392
     1123712           32         141.625     71917568     35958784
     1123712           64         266.475    143835136     71917568
     1123712          128         527.633    287670272    143835136
     1123712          256        1119.250    575340544    287670272
     1123712          512        2031.242   1150681088    575340544
     1236032            1          80.392      2472064      1236032
     1236032            2          14.300      4944128      2472064
     1236032            4          23.833      9888256      4944128
     1236032            8          43.450     19776512      9888256
     1236032           16          80.667     39553024     19776512
     1236032           32         156.475     79106048     39553024
     1236032           64         308.091    158212096     79106048
     1236032          128         615.358    316424192    158212096
     1236032          256        1232.916    632848384    316424192
     1236032          512        2287.083   1265696768    632848384
     1359616            1          34.742      2719232      1359616
     1359616            2          20.533      5438464      2719232
     1359616            4          28.325     10876928      5438464
     1359616            8          49.317     21753856     10876928
     1359616           16          89.466     43507712     21753856
     1359616           32         179.850     87015424     43507712
     1359616           64         356.400    174030848     87015424
     1359616          128         680.809    348061696    174030848
     1359616          256        1335.675    696123392    348061696
     1359616          512        2293.958   1392246784    696123392
     1495552            1          17.692      2991104      1495552
     1495552            2          17.417      5982208      2991104
     1495552            4          28.600     11964416      5982208
     1495552            8          55.091     23928832     11964416
     1495552           16         100.467     47857664     23928832
     1495552           32         195.067     95715328     47857664
     1495552           64         374.917    191430656     95715328
     1495552          128         767.250    382861312    191430656
     1495552          256        1449.709    765722624    382861312
     1495552          512        2786.209   1531445248    765722624
     1645056            1          28.600      3290112      1645056
     1645056            2          20.075      6580224      3290112
     1645056            4          40.241     13160448      6580224
     1645056            8          60.775     26320896     13160448
     1645056           16         112.933     52641792     26320896
     1645056           32         221.008    105283584     52641792
     1645056           64         439.725    210567168    105283584
     1645056          128         824.084    421134336    210567168
     1645056          256        1615.534    842268672    421134336
     1645056          512        3022.158   1684537344    842268672
     1809536            1           9.258      3619072      1809536
     1809536            2          20.900      7238144      3619072
     1809536            4          35.200     14476288      7238144
     1809536            8          60.133     28952576     14476288
     1809536           16         112.017     57905152     28952576
     1809536           32         217.708    115810304     57905152
     1809536           64         432.484    231620608    115810304
     1809536          128         931.517    463241216    231620608
     1809536          256        1780.258    926482432    463241216
     1809536          512        3252.792   1852964864    926482432
     1990464            1          95.975      3980928      1990464
     1990464            2          23.283      7961856      3980928
     1990464            4          38.775     15923712      7961856
     1990464            8          69.391     31847424     15923712
     1990464           16         139.975     63694848     31847424
     1990464           32         253.825    127389696     63694848
     1990464           64         498.758    254779392    127389696
     1990464          128        1029.325    509558784    254779392
     1990464          256        1874.217   1019117568    509558784
     1990464          512        3545.300   2038235136   1019117568
     2189504            1         101.384      4379008      2189504
     2189504            2          25.025      8758016      4379008
     2189504            4          41.067     17516032      8758016
     2189504            8          72.416     35032064     17516032
     2189504           16         136.217     70064128     35032064
     2189504           32         264.917    140128256     70064128
     2189504           64         522.592    280256512    140128256
     2189504          128        1112.100    560513024    280256512
     2189504          256        1997.234   1121026048    560513024
     2408448            1          29.333      4816896      2408448
     2408448            2          30.250      9633792      4816896
     2408448            4          44.825     19267584      9633792
     2408448            8          84.700     38535168     19267584
     2408448           16         165.092     77070336     38535168
     2408448           32         307.633    154140672     77070336
     2408448           64         605.091    308281344    154140672
     2408448          128        1177.459    616562688    308281344
     2408448          256        2258.575   1233125376    616562688
     2649280            1          24.934      5298560      2649280
     2649280            2          37.309     10597120      5298560
     2649280            4          57.475     21194240     10597120
     2649280            8          96.342     42388480     21194240
     2649280           16         175.816     84776960     42388480
     2649280           32         335.684    169553920     84776960
     2649280           64         690.158    339107840    169553920
     2649280          128        1339.159    678215680    339107840
     2649280          256        2541.733   1356431360    678215680
     2914176            1          35.933      5828352      2914176
     2914176            2          49.867     11656704      5828352
     2914176            4          74.800     23313408     11656704
     2914176            8         130.717     46626816     23313408
     2914176           16         223.483     93253632     46626816
     2914176           32         440.917    186507264     93253632
     2914176           64         765.691    373014528    186507264
     2914176          128        1466.575    746029056    373014528
     2914176          256        2885.942   1492058112    746029056
     3205568            1          16.500      6411136      3205568
     3205568            2          45.283     12822272      6411136
     3205568            4          68.291     25644544     12822272
     3205568            8         117.334     51289088     25644544
     3205568           16         214.134    102578176     51289088
     3205568           32         409.108    205156352    102578176
     3205568           64         823.900    410312704    205156352
     3205568          128        1585.284    820625408    410312704
     3205568          256        2971.833   1641250816    820625408
     3526080            1         111.100      7052160      3526080
     3526080            2          41.525     14104320      7052160
     3526080            4          67.283     28208640     14104320
     3526080            8         119.075     56417280     28208640
     3526080           16         224.492    112834560     56417280
     3526080           32         510.308    225669120    112834560
     3526080           64         948.200    451338240    225669120
     3526080          128        1759.450    902676480    451338240
     3526080          256        3328.600   1805352960    902676480
     3878656            1          51.792      7757312      3878656
     3878656            2          47.942     15514624      7757312
     3878656            4          74.525     31029248     15514624
     3878656            8         163.442     62058496     31029248
     3878656           16         247.133    124116992     62058496
     3878656           32         490.508    248233984    124116992
     3878656           64        1033.359    496467968    248233984
     3878656          128        1895.483    992935936    496467968
     3878656          256        3530.909   1985871872    992935936
     4266496            1         108.442      8532992      4266496
     4266496            2          49.500     17065984      8532992
     4266496            4          86.258     34131968     17065984
     4266496            8         145.933     68263936     34131968
     4266496           16         273.717    136527872     68263936
     4266496           32         574.200    273055744    136527872
     4266496           64        1104.308    546111488    273055744
     4266496          128        2048.200   1092222976    546111488
     4693120            1          31.167      9386240      4693120
     4693120            2          57.200     18772480      9386240
     4693120            4          90.841     37544960     18772480
     4693120            8         169.766     75089920     37544960
     4693120           16         317.717    150179840     75089920
     4693120           32         618.384    300359680    150179840
     4693120           64        1176.267    600719360    300359680
     4693120          128        2257.933   1201438720    600719360
     5162432            1         111.284     10324864      5162432
     5162432            2          62.884     20649728     10324864
     5162432            4         102.208     41299456     20649728
     5162432            8         185.625     82598912     41299456
     5162432           16         348.975    165197824     82598912
     5162432           32         676.683    330395648    165197824
     5162432           64        1309.733    660791296    330395648
     5162432          128        2483.800   1321582592    660791296
     5678656            1         177.742     11357312      5678656
     5678656            2         139.150     22714624     11357312
     5678656            4         127.508     45429248     22714624
     5678656            8         216.333     90858496     45429248
     5678656           16         427.716    181716992     90858496
     5678656           32         800.250    363433984    181716992
     5678656           64        1436.692    726867968    363433984
     5678656          128        2803.991   1453735936    726867968
     6246464            1         121.550     12492928      6246464
     6246464            2          99.366     24985856     12492928
     6246464            4         127.691     49971712     24985856
     6246464            8         225.683     99943424     49971712
     6246464           16         460.716    199886848     99943424
     6246464           32         823.533    399773696    199886848
     6246464           64        1620.575    799547392    399773696
     6246464          128        2951.850   1599094784    799547392
     6871104            1          49.500     13742208      6871104
     6871104            2          92.033     27484416     13742208
     6871104            4         139.242     54968832     27484416
     6871104            8         261.066    109937664     54968832
     6871104           16         505.816    219875328    109937664
     6871104           32         932.342    439750656    219875328
     6871104           64        1740.200    879501312    439750656
     6871104          128        3225.017   1759002624    879501312
     7558208            1          49.592     15116416      7558208
     7558208            2         106.608     30232832     15116416
     7558208            4         153.908     60465664     30232832
     7558208            8         272.066    120931328     60465664
     7558208           16         529.100    241862656    120931328
     7558208           32        1008.150    483725312    241862656
     7558208           64        1929.951    967450624    483725312
     7558208          128        3487.916   1934901248    967450624
     8313984            1         240.350     16627968      8313984
     8313984            2         141.900     33255936     16627968
     8313984            4         176.000     66511872     33255936
     8313984            8         300.575    133023744     66511872
     8313984           16         590.242    266047488    133023744
     8313984           32        1085.700    532094976    266047488
     8313984           64        1936.183   1064189952    532094976
     8313984          128        3840.834   2128379904   1064189952
     9145344            1          81.767     18290688      9145344
     9145344            2         126.958     36581376     18290688
     9145344            4         178.933     73162752     36581376
     9145344            8         317.991    146325504     73162752
     9145344           16         587.216    292651008    146325504
     9145344           32        1139.234    585302016    292651008
     9145344           64        2191.841   1170604032    585302016
    10059840            1         184.984     20119680     10059840
    10059840            2         168.025     40239360     20119680
    10059840            4         200.200     80478720     40239360
    10059840            8         348.608    160957440     80478720
    10059840           16         656.516    321914880    160957440
    10059840           32        1237.683    643829760    321914880
    10059840           64        2429.533   1287659520    643829760
    11065792            1         315.058     22131584     11065792
    11065792            2         213.492     44263168     22131584
    11065792            4         222.567     88526336     44263168
    11065792            8         459.892    177052672     88526336
    11065792           16         882.750    354105344    177052672
    11065792           32        1360.516    708210688    354105344
    11065792           64        2609.017   1416421376    708210688
    12172352            1         253.825     24344704     12172352
    12172352            2         211.108     48689408     24344704
    12172352            4         295.258     97378816     48689408
    12172352            8         419.833    194757632     97378816
    12172352           16         821.150    389515264    194757632
    12172352           32        1540.184    779030528    389515264
    12172352           64        2940.666   1558061056    779030528
    13389568            1         181.500     26779136     13389568
    13389568            2         175.634     53558272     26779136
    13389568            4         297.183    107116544     53558272
    13389568            8         486.750    214233088    107116544
    13389568           16         915.200    428466176    214233088
    13389568           32        1726.358    856932352    428466176
    13389568           64        3094.025   1713864704    856932352
    14728512            1         337.700     29457024     14728512
    14728512            2         345.033     58914048     29457024
    14728512            4         332.567    117828096     58914048
    14728512            8         556.325    235656192    117828096
    14728512           16         986.241    471312384    235656192
    14728512           32        1903.825    942624768    471312384
    14728512           64        3431.817   1885249536    942624768
    16201344            1         346.409     32402688     16201344
    16201344            2         587.492     64805376     32402688
    16201344            4         401.317    129610752     64805376
    16201344            8         570.808    259221504    129610752
    16201344           16        1102.842    518443008    259221504
    16201344           32        2019.233   1036886016    518443008
    16201344           64        3707.642   2073772032   1036886016
    17821440            1         467.225     35642880     17821440
    17821440            2         554.675     71285760     35642880
    17821440            4         467.225    142571520     71285760
    17821440            8         640.750    285143040    142571520
    17821440           16        1206.791    570286080    285143040
    17821440           32        2139.500   1140572160    570286080
    19603584            1         493.442     39207168     19603584
    19603584            2         749.925     78414336     39207168
    19603584            4         639.559    156828672     78414336
    19603584            8         788.242    313657344    156828672
    19603584           16        1295.250    627314688    313657344
    19603584           32        2439.433   1254629376    627314688
    21563904            1         591.800     43127808     21563904
    21563904            2         760.650     86255616     43127808
    21563904            4         639.558    172511232     86255616
    21563904            8         795.575    345022464    172511232
    21563904           16        1431.100    690044928    345022464
    21563904           32        2698.300   1380089856    690044928
    23720256            1         287.192     47440512     23720256
    23720256            2         524.609     94881024     47440512
    23720256            4         513.333    189762048     94881024
    23720256            8         872.850    379524096    189762048
    23720256           16        1406.442    759048192    379524096
    23720256           32        2974.125   1518096384    759048192
    26092224            1         684.200     52184448     26092224
    26092224            2        1033.725    104368896     52184448
    26092224            4         966.075    208737792    104368896
    26092224            8        1057.558    417475584    208737792
    26092224           16        1788.691    834951168    417475584
    26092224           32        3230.058   1669902336    834951168
    28701440            1         596.658     57402880     28701440
    28701440            2         726.459    114805760     57402880
    28701440            4         719.216    229611520    114805760
    28701440            8        1054.716    459223040    229611520
    28701440           16        1996.683    918446080    459223040
    28701440           32        3441.717   1836892160    918446080
    31571584            1         737.825     63143168     31571584
    31571584            2         979.458    126286336     63143168
    31571584            4         907.133    252572672    126286336
    31571584            8        1208.900    505145344    252572672
    31571584           16        2137.942   1010290688    505145344
    31571584           32        3700.950   2020581376   1010290688
    34728704            1         774.033     69457408     34728704
    34728704            2        1072.591    138914816     69457408
    34728704            4        1001.275    277829632    138914816
    34728704            8        1347.225    555659264    277829632
    34728704           16        2320.908   1111318528    555659264
    38201536            1        1057.283     76403072     38201536
    38201536            2        1517.358    152806144     76403072
    38201536            4        1545.500    305612288    152806144
    38201536            8        1585.558    611224576    305612288
    38201536           16        2583.717   1222449152    611224576
    42021632            1        1154.450     84043264     42021632
    42021632            2        1599.216    168086528     84043264
    42021632            4        1674.658    336173056    168086528
    42021632            8        1816.008    672346112    336173056
    42021632           16        2900.792   1344692224    672346112
    46223744            1        1085.791     92447488     46223744
    46223744            2        1679.333    184894976     92447488
    46223744            4        1729.200    369789952    184894976
    46223744            8        1885.400    739579904    369789952
    46223744           16        3144.259   1479159808    739579904
    50846080            1        1294.241    101692160     50846080
    50846080            2        1833.791    203384320    101692160
    50846080            4        1997.691    406768640    203384320
    50846080            8        2053.609    813537280    406768640
    50846080           16        3431.266   1627074560    813537280
    55930688            1        1812.984    111861376     55930688
    55930688            2        2511.850    223722752    111861376
    55930688            4        2258.575    447445504    223722752
    55930688            8        2180.016    894891008    447445504
    55930688           16        3573.441   1789782016    894891008
    61523712            1        2053.883    123047424     61523712
    61523712            2        3092.650    246094848    123047424
    61523712            4        3613.775    492189696    246094848
    61523712            8        3109.516    984379392    492189696
    61523712           16        4067.708   1968758784    984379392
    67676032            1        2310.183    135352064     67676032
    67676032            2        2531.192    270704128    135352064
    67676032            4        1436.417    541408256    270704128
    67676032            8        2475.825   1082816512    541408256
    74443584            1        2461.434    148887168     74443584
    74443584            2        3819.292    297774336    148887168
    74443584            4        3794.083    595548672    297774336
    74443584            8        2792.442   1191097344    595548672
    81887936            1        2696.926    163775872     81887936
    81887936            2        4137.650    327551744    163775872
    81887936            4        3194.858    655103488    327551744
    81887936            8        3026.009   1310206976    655103488
    90076672            1        2838.092    180153344     90076672
    90076672            2        4602.858    360306688    180153344
    90076672            4        2836.808    720613376    360306688
    90076672            8        3646.500   1441226752    720613376
    99084288            1        3291.658    198168576     99084288
    99084288            2        4922.408    396337152    198168576
    99084288            4        3086.875    792674304    396337152
    99084288            8        4205.300   1585348608    792674304
   108992704            1        3648.700    217985408    108992704
   108992704            2        5308.233    435970816    217985408
   108992704            4        4378.000    871941632    435970816
   108992704            8        5707.992   1743883264    871941632
   119891968            1        4011.242    239783936    119891968
   119891968            2        6010.309    479567872    239783936
   119891968            4        5162.391    959135744    479567872
   119891968            8        6623.925   1918271488    959135744
   131881152            1        4178.350    263762304    131881152
   131881152            2        6372.025    527524608    263762304
   131881152            4        6941.276   1055049216    527524608
   131881152            8        9282.442   2110098432   1055049216
   145069248            1        4755.392    290138496    145069248
   145069248            2        6956.308    580276992    290138496
   145069248            4        7307.209   1160553984    580276992
   159576128            1        5276.608    319152256    159576128
   159576128            2        7391.083    638304512    319152256
   159576128            4        8292.533   1276609024    638304512
   175533696            1        5805.433    351067392    175533696
   175533696            2        8655.167    702134784    351067392
   175533696            4       10200.667   1404269568    702134784
   193087040            1        6235.075    386174080    193087040
   193087040            2        9682.659    772348160    386174080
   193087040            4       11755.242   1544696320    772348160
   212395712            1        6965.659    424791424    212395712
   212395712            2       10364.567    849582848    424791424
   212395712            4       13865.500   1699165696    849582848
   233635264            1        7550.033    467270528    233635264
   233635264            2       11796.492    934541056    467270528
   233635264            4       15638.792   1869082112    934541056
   256998784            1        8533.525    513997568    256998784
   256998784            2       13117.501   1027995136    513997568
   256998784            4       17894.801   2055990272   1027995136
   282698624            1        9261.908    565397248    282698624
   282698624            2       15023.617   1130794496    565397248
   310968448            1       10083.792    621936896    310968448
   310968448            2       16999.492   1243873792    621936896
   342065280            1       11491.151    684130560    342065280
   342065280            2       20446.709   1368261120    684130560
   376271808            1       11976.158    752543616    376271808
   376271808            2       20942.168   1505087232    752543616
   413898944            1       13670.250    827797888    413898944
   413898944            2       24888.601   1655595776    827797888
   455288832            1       15180.092    910577664    455288832
   455288832            2       28596.517   1821155328    910577664
   500817664            1       16041.392   1001635328    500817664
   500817664            2       31262.551   2003270656   1001635328
   550899392            1       18654.900   1101798784    550899392
   605989312            1       19927.692   1211978624    605989312
   666588224            1       22227.059   1333176448    666588224
   733247040            1       23924.817   1466494080    733247040
   806571712            1       26718.542   1613143424    806571712
   887228864            1       29947.684   1774457728    887228864
   975951744            1       32388.309   1951903488    975951744
  1073546880            1       35028.768   2147093760   1073546880

META_DATA
FLOPS          8
OPENMP_THREADS 8
ERT_VERSION  1.1.0
HOSTNAME  ('DESKTOP-1DMF7BU.localdomain', ['DESKTOP-1DMF7BU'], ['127.0.1.1'])
UNAME  uname_result(system='Linux', node='DESKTOP-1DMF7BU', release='6.6.87.2-microsoft-standard-WSL2', version='#1 SMP PREEMPT_DYNAMIC Thu Jun  5 18:30:46 UTC 2025', machine='x86_64')
TIMESTAMP_DATA  1765959928.626721
CONFIG  {'ERT_MPI': ['False'], 'ERT_OPENMP': ['True'], 'ERT_OPENMP_CFLAGS': ['-fopenmp'], 'ERT_OPENMP_LDFLAGS': ['-fopenmp'], 'ERT_PRECISION': ['FP64'], 'ERT_TRIALS_MIN': ['1'], 'ERT_TRIALS': ['3', '#', 'Run', 'each', 'test', '3', 'times', 'to', 'filter', 'out', 'background', 'noise'], 'ERT_RESULTS': ['Results/7800X3D'], 'ERT_GNUPLOT': ['gnuplot'], 'ERT_DRIVER': ['driver1'], 'ERT_KERNEL': ['kernel1'], 'ERT_CC': ['g++'], 'ERT_LD': ['g++'], 'ERT_CFLAGS': ['-O3', '-march=native', '-fopenmp', '-fstrict-aliasing', '-funroll-loops', '-Wno-all'], 'ERT_LDFLAGS': ['-O3', '-march=native', '-fopenmp'], 'ERT_LDLIBS': ['-lm'], 'ERT_RUN': ['export', 'OMP_NUM_THREADS=ERT_OPENMP_THREADS;', './ERT_CODE'], 'ERT_WORKING_SET_MIN': ['128'], 'ERT_MEMORY_MAX': ['1073741824'], 'ERT_ALIGN': ['64'], 'ERT_MIN_PROCS': ['1'], 'ERT_MAX_PROCS': ['1'], 'ERT_OPENMP_THREADS': ['1,2,4,8,16', '#', 'Logical', 'Threads'], 'ERT_NUM_EXPERIMENTS': ['5'], 'ERT_FLOPS': ['1,2,4,8,16', '#', '16', 'for', 'AVX-51'], 'ERT_GPU': [False], 'ERT_HIP': [False], 'ERT_OCL': [False], 'ERT_SYCL': [False], 'ERT_WSS_MULT': [1.1]}
