fp64
 8192 131072 5395.782 5400.564 5416.844 396.4455406136858 397.64062568279905 397.993033817897 99.11138515342145 99.41015642069976 99.49825845447425
 8960 65536 2990.594 3001.994 3010.539 390.0979592026544 391.2083501832449 392.6996175341755 97.5244898006636 97.80208754581122 98.17490438354388
 9856 65536 3485.745 3497.556 3498.577 369.2488780438447 369.3566684850793 370.60818619835936 92.31221951096117 92.33916712126982 92.65204654958984
 10816 65536 3740.062 3754.89 3777.327 375.3116296259233 377.554269765559 379.05113658543627 93.82790740648082 94.38856744138975 94.76278414635907
 11840 65536 4142.929 4154.549 4161.996 372.87216998766934 373.5405407422082 374.58823938329624 93.21804249691733 93.38513518555204 93.64705984582406
 12992 65536 4531.475 4542.827 4548.283 374.4022577311042 374.8519201809798 375.7909784341743 93.60056443277605 93.71298004524495 93.94774460854357
 14272 65536 5038.62 5040.131 5046.383 370.693144773197 371.15296884148444 371.264271566421 92.67328619329925 92.78824221037111 92.81606789160524
 15680 65536 5333.75 5340.513 5344.816 384.52380025804445 384.8336217887682 385.3215767518162 96.13095006451111 96.20840544719205 96.33039418795406
 17216 32768 2903.744 2905.049 2967.557 380.2008776916501 388.381667916789 388.5562143219237 95.05021942291252 97.09541697919725 97.13905358048092
 18880 32768 3215.717 3219.016 3247.278 381.032877382226 384.37823235423497 384.77256549627964 95.2582193455565 96.09455808855874 96.19314137406991
 20736 32768 3421.533 3427.999 3442.845 394.7184656875346 396.42791494396585 397.17708290406665 98.67961642188365 99.10697873599146 99.29427072601666
 22784 32768 3743.321 3750.205 3759.191 397.20573495733527 398.15749379033946 398.8897088975271 99.30143373933382 99.53937344758486 99.72242722438178
 25024 32768 4218.246 4223.088 4231.291 387.5821502231825 388.3349965712294 388.7807548445491 96.89553755579563 97.08374914280735 97.19518871113728
 27520 32768 4574.999 4575.907 4583.001 393.53050981223873 394.14059770008436 394.2188227800706 98.38262745305968 98.53514942502109 98.55470569501765
 30272 32768 5073.823 5081.815 5084.512 390.18607724792474 390.39315520143884 391.0080804947275 97.54651931198119 97.59828880035971 97.75202012368187
 33280 16384 2748.897 2758.897 2765.515 394.3276532580731 395.2735604120053 396.71149555621764 98.58191331451827 98.81839010300132 99.17787388905441
 36608 16384 3009.568 3013.244 3028.668 396.072116191012 398.0995047198302 398.5857584875969 99.018029047753 99.52487617995754 99.64643962189922
 40256 16384 3330.886 3339.245 3339.407 395.0128295233256 395.0319931601305 396.02334273823845 98.7532073808314 98.75799829003263 99.00583568455961
 44224 16384 3682.514 3686.941 3687.489 392.986130128117 393.04454071817264 393.5170462352621 98.24653253202925 98.26113517954316 98.37926155881553
 48640 16384 4004.304 4005.766 4007.915 397.67198655660115 397.8853282992566 398.0305990753949 99.41799663915029 99.47133207481416 99.50764976884872
 53504 16384 4401.532 4404.423 4407.843 397.74989081961405 398.058740497904 398.3201921512782 99.43747270490351 99.514685124476 99.58004803781955
 58816 16384 4885.692 4887.167 4888.038 394.2855370600638 394.35580736242486 394.47486415435117 98.57138426501595 98.58895184060621 98.61871603858779
 64640 16384 5342.5 5346.718 5363.038 394.948445265538 396.15396211283263 396.4667328029949 98.7371113163845 99.03849052820816 99.11668320074872
 71104 8192 2986.459 2988.474 2989.793 389.64835893321043 389.8203350606363 390.0833515544664 97.41208973330261 97.45508376515907 97.5208378886166
 78208 8192 3254.447 3263.145 3266.03 392.32948625701533 392.67635118880713 393.7258379073311 98.08237156425383 98.16908779720178 98.43145947683277
 86016 8192 3572.331 3576.206 3617.521 389.5723463664758 394.07297678042033 394.5004379493389 97.39308659161895 98.51824419510508 98.62510948733473
 94592 8192 3894.521 3899.043 3899.639 397.4202042804475 397.4809531467081 397.9424755958435 99.35505107011187 99.37023828667702 99.48561889896088
 104000 8192 4303.289 4310.382 4319.715 394.45565274560937 395.30974284877766 395.9613216774425 98.61391318640234 98.82743571219441 98.99033041936063
 114368 8192 4736.01 4752.88 4755.978 393.98948270997045 394.24629109087545 395.65062404851335 98.49737067749261 98.56157277271886 98.91265601212834
 125760 8192 5178.261 5186.952 5216.965 394.95220688657093 397.2374990167636 397.9042076094657 98.73805172164273 99.3093747541909 99.47605190236642
 138304 4096 2951.835 2957.547 2957.707 383.06240881872344 383.083132068569 383.8244237906252 95.76560220468086 95.77078301714225 95.9561059476563
 152128 4096 3455.191 3460.248 3466.269 359.53140855484673 360.15701071137096 360.68413468314776 89.88285213871168 90.03925267784274 90.17103367078694
 167296 4096 3879.892 3882.887 3898.345 351.5565790098106 352.9561462901186 353.2286032704003 87.88914475245265 88.23903657252966 88.30715081760007
 184000 4096 4326.306 4340.662 4356.402 346.0029629956097 347.25763028773025 348.4099367913412 86.50074074890243 86.81440757193256 87.1024841978353
 202368 4096 4760.264 4763.216 4764.171 347.9721143510592 348.0418809476622 348.2577134377421 86.9930285877648 87.01047023691555 87.06442835943552
 222592 4096 5143.265 5158.665 5163.146 353.1710441657083 353.4778211029404 354.5362068647056 88.29276104142707 88.3694552757351 88.6340517161764
 244800 4096 5742.881 5757.896 5758.318 348.26169725256574 348.287221582328 349.1978329343756 87.06542431314143 87.071805395582 87.2994582335939
 269248 2048 3106.753 3183.141 3196.96 344.9651568990541 346.4627573833518 354.98148967748637 86.24128922476352 86.61568934583795 88.74537241937159
 296128 2048 3466.224 3698.629 3707.963 327.1176891463048 327.94321571587744 349.9313050743403 81.7794222865762 81.98580392896936 87.48282626858507
 325696 2048 3823.651 4071.023 4208.6 316.9820881053081 327.6942468760309 348.89450318556794 79.24552202632702 81.92356171900772 87.22362579639199
 358208 2048 4130.946 4469.484 4560.623 321.71481133169743 328.27502414148927 355.1777166779716 80.42870283292436 82.06875603537232 88.7944291694929
 393984 2048 4782.59 5056.854 5082.002 317.5438466966365 319.1230088905078 337.42354331021477 79.38596167415912 79.78075222262694 84.35588582755369
 433344 2048 5271.211 5506.5 5721.702 310.2183622984909 322.3421454644511 336.73040673196346 77.55459057462272 80.58553636611278 84.18260168299086
 476672 2048 5780.841 6102.116 6156.69 317.1263311941969 319.9625362743022 337.74471776684396 79.28158279854922 79.99063406857555 84.43617944171099
 524288 2048 6483.167 6769.04 6871.774 312.50789796055574 317.2508432510371 331.2399091370005 78.12697449013893 79.31271081275928 82.80997728425012
 576704 1024 3647.991 3814.216 3960.443 298.2216363169474 309.65466874450743 323.7644478837804 74.55540907923685 77.41366718612686 80.9411119709451
 634368 1024 4018.112 4156.211 4525.901 287.05569653423703 312.5889575866095 323.33236704203364 71.76392413355926 78.14723939665238 80.83309176050841
 697792 1024 4414.078 4553.815 4947.565 288.84471775509775 313.8199544777292 323.7545906529065 72.21117943877444 78.4549886194323 80.93864766322662
 767552 1024 5066.755 5092.308 5491.07 286.27325748897755 308.69038086462956 310.247188979929 71.56831437224439 77.17259521615739 77.56179724498224
 844288 1024 5659.734 5697.587 5997.616 288.2981878132912 303.4796702533897 305.5093797694379 72.0745469533228 75.86991756334743 76.37734494235947
 928704 1024 6241.102 6545.223 6608.221 287.8211536811496 290.59144233893943 304.7515954714408 71.9552884202874 72.64786058473486 76.1878988678602
 1021568 1024 7125.863 7459.355 7527.453 277.93880134489046 280.47616234915756 293.60251018017044 69.48470033622262 70.11904058728939 73.40062754504261
 1123712 512 4016.065 4119.933 4206.687 273.5361789455693 279.2960681642153 286.5195379058855 68.38404473639233 69.82401704105382 71.62988447647137
 1236032 512 4565.26 4597.936 4669.842 271.0363151472791 275.27498599371546 277.24527584409213 67.75907878681977 68.81874649842887 69.31131896102303
 1359616 512 5135.828 5183.503 5305.533 262.41412201186944 268.5918738737105 271.08516562470544 65.60353050296736 67.14796846842762 67.77129140617636
 1495552 512 5690.569 5830.024 5923.943 258.5178905333829 262.6824946175179 269.1198802791074 64.62947263334573 65.67062365437947 67.27997006977685
 1645056 512 6376.591 6537.824 6716.359 250.8110933319675 257.66024658969104 264.17522215240086 62.702773332991875 64.41506164742276 66.04380553810022
 1809536 512 7232.475 7307.075 7455.776 248.5274321546141 253.58503423052318 256.200659387001 62.131858038653526 63.396258557630794 64.05016484675025
 1990464 512 8153.139 8330.532 8409.454 242.37425354844677 244.67046474342814 249.99391473639784 60.59356338711169 61.167616185857035 62.49847868409946
 2189504 256 4622.115 4691.842 4737.571 236.62464330349877 238.93090347032148 242.53529996549202 59.15616082587469 59.73272586758037 60.633824991373004
 2408448 256 5228.069 5257.647 5481.327 224.96840199462648 234.53940061019694 235.86631622497714 56.24210049865662 58.634850152549234 58.966579056244285
 2649280 256 5743.313 5751.213 5752.495 235.79878991637543 235.8513517061531 236.1757682369044 58.94969747909386 58.96283792653828 59.0439420592261
 2914176 256 6357.908 6371.056 6390.666 233.47458809457416 234.1932188321685 234.67752474556093 58.36864702364354 58.548304708042124 58.66938118639023
 3205568 256 6992.337 7024.419 7047.661 232.87879709310647 233.64933327581969 234.72135510631136 58.21969927327662 58.41233331895492 58.68033877657784
 3526080 256 7762.514 7772.618 7794.039 231.63252839766392 232.27089765636237 232.57323078579955 57.90813209941598 58.06772441409059 58.14330769644989
 3878656 256 8621.629 8655.472 8696.713 228.3474080379564 229.4354221237155 230.33603881586646 57.0868520094891 57.35885553092888 57.584009703966615
 4266496 128 4818.232 4900.491 5014.894 217.7958249965004 222.8803146460222 226.68542652159547 54.4489562491251 55.72007866150555 56.67135663039887
 4693120 128 5457.28 5549.913 5624.919 213.59218150519146 216.47883849710803 220.15339509792426 53.398045376297866 54.11970962427701 55.038348774481065
 5162432 128 6189.313 6393.656 6549.759 201.775758772193 206.7021735295111 213.52654034462304 50.44393969304825 51.675543382377775 53.38163508615576
 5678656 128 7409.472 7773.492 8133.322 178.73827397956208 187.0119549875397 196.19966658892835 44.68456849489052 46.752988746884924 49.04991664723209
 6246464 128 9594.892 10571.219 10794.721 148.13674054197418 151.26872161100817 166.66105090083352 37.034185135493544 37.817180402752044 41.66526272520838
 6871104 128 13770.512 14732.673 14835.492 118.5671917048656 119.39466952127425 127.7369079668207 29.6417979262164 29.848667380318563 31.934226991705174
 7558208 128 16947.754 17882.013 18136.299 106.68666457252388 108.20377146577403 114.16859413937681 26.67166614313097 27.050942866443506 28.542148534844202
 8313984 128 20670.849 22037.568 23964.835 88.81262499825264 96.57961822284564 102.96528720228183 22.20315624956316 24.14490455571141 25.741321800570457
 9145344 64 13656.223 14994.127 15164.8 77.19218400506436 78.07083613470793 85.71945786181142 19.29804600126609 19.517709033676983 21.429864465452855
 10059840 64 21285.226 21908.152 22770.088 56.5504850047132 58.77535996646364 60.495459150868314 14.1376212511783 14.69383999161591 15.123864787717078
 11065792 64 21936.887 27047.183 27114.039 52.2394091120102 52.368535976556224 64.56802079529334 13.05985227800255 13.092133994139056 16.142005198823334
 12172352 64 30750.481 31081.326 31579.839 49.337207070625034 50.12852591938967 50.66785966697562 12.334301767656259 12.532131479847418 12.666964916743906
 13389568 64 35596.891 36022.427 36152.081 47.40708298368772 47.57771329510918 48.146471667989196 11.85177074592193 11.894428323777294 12.036617916997299
 14728512 64 40940.099 41350.53 42566.441 44.28957393924477 45.59190743141624 46.04897355035707 11.072393484811192 11.39797685785406 11.512243387589267
 16201344 64 45900.771 47207.174 47871.009 43.31999837312809 43.92917127384071 45.17945966528536 10.829999593282022 10.982292818460177 11.29486491632134
 17821440 32 26889.038 27279.982 27337.549 41.721814929348646 41.809857499172836 42.41773766692583 10.430453732337162 10.452464374793209 10.604434416731458
 19603584 32 29921.831 30918.725 31090.794 40.3537258006341 40.57830250115424 41.93023401542506 10.088431450158525 10.14457562528856 10.482558503856264
 21563904 32 34090.365 34897.043 35118.144 39.2984850224431 39.547472718533776 40.483281889178954 9.824621255610776 9.886868179633444 10.120820472294739
 23720256 32 37951.63 39026.877 40016.295 37.93695503294345 38.898741090659136 40.00082167748789 9.484238758235863 9.724685272664784 10.000205419371973
 26092224 32 42554.09 43556.523 44762.245 37.30604521734779 38.33874287899427 39.24187630378185 9.326511304336947 9.584685719748567 9.810469075945463
 28701440 32 48129.465 48870.351 50209.518 36.58454080359824 37.587046591910095 38.1656467612927 9.14613520089956 9.396761647977524 9.541411690323175
 31571584 32 53388.426 54784.433 55754.2 36.24088187078283 36.88240007886912 37.84680552297983 9.060220467695707 9.22060001971728 9.461701380744957
 34728704 16 31632.678 32185.798 33011.329 33.66476181555732 34.52822664207362 35.13197738111203 8.41619045388933 8.632056660518405 8.782994345278007
 38201536 16 35168.859 36045.609 36481.411 33.50882321958436 33.9139547344033 34.75942031556953 8.37720580489609 8.478488683600824 8.689855078892382
 42021632 16 39237.734 39865.656 40681.908 33.05381409347861 33.73059317022151 34.270384319339136 8.263453523369652 8.432648292555378 8.567596079834784
 46223744 16 43804.533 44676.048 45245.435 32.691912631627915 33.108564302733306 33.767277190239646 8.172978157906979 8.277141075683327 8.441819297559912
 50846080 16 48670.023 49760.88 50351.688 32.314200866513154 32.69786547183249 33.430733328398055 8.078550216628289 8.174466367958123 8.357683332099514
 55930688 16 53893.593 54942.001 55841.926 32.05086472124905 32.575843315207976 33.209550827312626 8.012716180312262 8.143960828801994 8.302387706828156
 61523712 16 60090.122 60885.602 61284.107 32.1251117194218 32.335375184431946 32.76343462907264 8.03127792985545 8.083843796107987 8.19085865726816
 67676032 8 37241.327 37791.997 37866.061 28.59596386326003 28.65200566141027 29.07566940350971 7.148990965815008 7.163001415352568 7.268917350877428
 74443584 8 41268.562 41808.918 41944.86 28.396741436257027 28.48907364691906 28.862099532326813 7.099185359064257 7.122268411729765 7.215524883081703
 81887936 8 45679.84 46156.681 46686.306 28.064053215090524 28.386074293340112 28.682389780699754 7.016013303772631 7.096518573335028 7.170597445174939
 90076672 8 50657.092 51092.981 51389.488 28.04516659126863 28.207920614379496 28.45064126460319 7.011291647817157 7.051980153594874 7.112660316150797
 99084288 8 55884.366 56631.214 56661.606 27.979238851789695 27.99425433472078 28.36837422473398 6.994809712947424 6.998563583680195 7.092093556183495
 108992704 8 61714.235 62441.552 62563.035 27.87401960278941 27.928249829536586 28.257390924476336 6.9685049006973525 6.9820624573841465 7.064347731119084
 119891968 8 67992.158 68895.687 69330.874 27.668358659375908 27.84312881588654 28.213128461079293 6.917089664843977 6.960782203971635 7.053282115269823
 131881152 8 75164.648 76016.284 76421.797 27.611211916411754 27.758505427600223 28.07301687889232 6.902802979102939 6.939626356900056 7.01825421972308
 145069248 4 49735.989 51135.294 51195.907 22.668882182319773 22.695752643956638 23.334289864025827 5.667220545579943 5.6739381609891595 5.833572466006457
 159576128 4 54759.088 56339.009 56612.942 22.549773583573877 22.659415681237846 23.313190022448875 5.637443395893469 5.664853920309461 5.828297505612219
 175533696 4 60419.7 62280.443 62532.932 22.456480498947336 22.54752054348746 23.24191560037537 5.614120124736834 5.636880135871865 5.810478900093843
 193087040 4 66636.449 68484.873 68769.581 22.46191262965525 22.55529217379143 23.18095191416938 5.615478157413812 5.638823043447857 5.795237978542345
 212395712 4 73427.219 75531.847 75668.207 22.455477186078955 22.496016759659007 23.140815070226203 5.613869296519739 5.624004189914752 5.785203767556551
 233635264 4 81107.701 83275.096 83531.453 22.375788339273832 22.444670757269375 23.044446938521904 5.593947084818458 5.611167689317344 5.761111734630476
 256998784 4 89354.782 91503.586 92246.278 22.28805667367956 22.468958451529975 23.00929201528352 5.57201416841989 5.617239612882494 5.75232300382088
 282698624 2 65953.175 68227.299 68270.118 16.5635351033083 16.573930268000204 17.145414091133595 4.140883775827075 4.143482567000051 4.286353522783399
 310968448 2 72549.154 75618.079 75731.328 16.424824770007994 16.4494233184633 17.14525564281563 4.106206192501999 4.112355829615825 4.286313910703908
 342065280 2 79956.065 83211.911 83227.39 16.440033984004547 16.443092143383176 17.11266206009513 4.110008496001137 4.110773035845794 4.278165515023782
 376271808 2 87215.945 91346.841 91760.107 16.402413654552515 16.476620488715096 17.25701913795694 4.100603413638129 4.119155122178774 4.314254784489235
 413898944 2 96780.763 100823.401 100929.179 16.40353951556467 16.42074914731353 17.10666174433859 4.100884878891168 4.105187286828382 4.276665436084648
 455288832 2 106391.888 111152.396 111234.357 16.372237653156027 16.384310132190045 17.117426546655512 4.093059413289007 4.096077533047511 4.279356636663878
 500817664 2 117101.936 122209.256 122528.211 16.34946466328477 16.39213527328896 17.107066923300057 4.087366165821193 4.09803381832224 4.276766730825014
 550899392 1 63837.325 64956.907 65247.285 16.886507752774694 16.961995804387673 17.25947608237031 4.2216269381936735 4.240498951096918 4.314869020592577
 605989312 1 70547.281 71654.038 71770.908 16.88676732360694 16.91431017467571 17.17966457133904 4.221691830901735 4.228577543668927 4.29491614283476
 666588224 1 77240.977 79028.215 79140.559 16.845678939417144 16.869626221470394 17.25996355535482 4.211419734854286 4.217406555367599 4.314990888838705
 733247040 1 84651.756 86711.495 86881.498 16.87924487674004 16.91233763182148 17.323847127282274 4.21981121918501 4.22808440795537 4.330961781820569
 806571712 1 92921.636 95313.109 95334.459 16.92088507052838 16.92467532456632 17.360256377750385 4.230221267632095 4.23116883114158 4.340064094437596
 887228864 1 101528.1 104658.643 104751.841 16.939632860485958 16.954717519125488 17.47750354827875 4.234908215121489 4.238679379781372 4.369375887069688
 975951744 1 112203.928 115148.519 115252.953 16.935821922063898 16.951181873211933 17.396035261795827 4.2339554805159745 4.237795468302983 4.349008815448957
 1073546880 1 123112.168 126553.123 126696.107 16.946801372515733 16.965948442062547 17.440142553577644 4.236700343128933 4.241487110515637 4.360035638394411
 
META_DATA
 FLOPS          4
 OPENMP_THREADS 8
 ERT_VERSION  1.1.0
 HOSTNAME  ('laptop', [], ['127.0.1.1'])
 UNAME  uname_result(system='Linux', node='laptop', release='6.8.0-84-generic', version='#84-Ubuntu SMP PREEMPT_DYNAMIC Fri Sep  5 22:36:38 UTC 2025', machine='x86_64')
 TIMESTAMP_DATA  1765914209.6906295
 CONFIG  {'ERT_MPI': ['False'], 'ERT_OPENMP': ['True'], 'ERT_OPENMP_CFLAGS': ['-fopenmp'], 'ERT_OPENMP_LDFLAGS': ['-fopenmp'], 'ERT_PRECISION': ['FP64'], 'ERT_TRIALS_MIN': ['1'], 'ERT_TRIALS': ['3', '#', 'Run', 'each', 'test', '3', 'times', 'to', 'filter', 'out', 'background', 'noise'], 'ERT_RESULTS': ['Results/8250U'], 'ERT_GNUPLOT': ['gnuplot'], 'ERT_DRIVER': ['driver1'], 'ERT_KERNEL': ['kernel1'], 'ERT_CC': ['g++'], 'ERT_LD': ['g++'], 'ERT_CFLAGS': ['-O3', '-march=native', '-fopenmp', '-fstrict-aliasing', '-funroll-loops', '-Wno-all'], 'ERT_LDFLAGS': ['-O3', '-march=native', '-fopenmp'], 'ERT_LDLIBS': ['-lm'], 'ERT_RUN': ['export', 'OMP_NUM_THREADS=ERT_OPENMP_THREADS;', './ERT_CODE'], 'ERT_WORKING_SET_MIN': ['128'], 'ERT_MEMORY_MAX': ['1073741824'], 'ERT_ALIGN': ['64'], 'ERT_MIN_PROCS': ['1'], 'ERT_MAX_PROCS': ['1'], 'ERT_OPENMP_THREADS': ['1,2,4,8', '#', 'Logical', 'Threads'], 'ERT_NUM_EXPERIMENTS': ['4'], 'ERT_FLOPS': ['1,2,4,8'], 'ERT_GPU': [False], 'ERT_HIP': [False], 'ERT_OCL': [False], 'ERT_SYCL': [False], 'ERT_WSS_MULT': [1.1]}
 TIMESTAMP_DATA  1765914231.1225076
 TIMESTAMP_DATA  1765914252.6147652
 TIMESTAMP_DATA  1765914274.0510995
 