fp64
        8192            1           3.411        16384         4096
        8192            2           1.903        32768         8192
        8192            4           1.886        65536        16384
        8192            8           2.064       131072        32768
        8192           16           2.322       262144        65536
        8192           32           2.645       524288       131072
        8192           64           3.952      1048576       262144
        8192          128           6.512      2097152       524288
        8192          256          11.778      4194304      1048576
        8192          512          22.236      8388608      2097152
        8192         1024          43.252     16777216      4194304
        8192         2048          85.171     33554432      8388608
        8192         4096         176.241     67108864     16777216
        8192         8192         336.309    134217728     33554432
        8192        16384         678.495    268435456     67108864
        8192        32768        1348.107    536870912    134217728
        8192        65536        2701.166   1073741824    268435456
        8192       131072        5395.782   2147483648    536870912
        8960            1           2.104        17920         4480
        8960            2           1.860        35840         8960
        8960            4           1.940        71680        17920
        8960            8           2.041       143360        35840
        8960           16           2.235       286720        71680
        8960           32           2.814       573440       143360
        8960           64           4.233      1146880       286720
        8960          128           7.116      2293760       573440
        8960          256          12.930      4587520      1146880
        8960          512          24.588      9175040      2293760
        8960         1024          48.009     18350080      4587520
        8960         2048          94.493     36700160      9175040
        8960         4096         187.305     73400320     18350080
        8960         8192         421.293    146800640     36700160
        8960        16384         749.726    293601280     73400320
        8960        32768        1515.975    587202560    146800640
        8960        65536        2993.250   1174405120    293601280
        9856            1           2.361        19712         4928
        9856            2           1.962        39424         9856
        9856            4           2.013        78848        19712
        9856            8           2.168       157696        39424
        9856           16           2.333       315392        78848
        9856           32           3.020       630784       157696
        9856           64           4.797      1261568       315392
        9856          128           8.216      2523136       630784
        9856          256          14.924      5046272      1261568
        9856          512          28.464     10092544      2523136
        9856         1024          55.699     20185088      5046272
        9856         2048         109.900     40370176     10092544
        9856         4096         218.081     80740352     20185088
        9856         8192         441.782    161480704     40370176
        9856        16384         865.376    322961408     80740352
        9856        32768        1747.575    645922816    161480704
        9856        65536        3498.577   1291845632    322961408
       10816            1           3.230        21632         5408
       10816            2           1.990        43264        10816
       10816            4           1.990        86528        21632
       10816            8           2.125       173056        43264
       10816           16           2.578       346112        86528
       10816           32           3.272       692224       173056
       10816           64           4.993      1384448       346112
       10816          128           8.672      2768896       692224
       10816          256          16.019      5537792      1384448
       10816          512          30.815     11075584      2768896
       10816         1024          60.301     22151168      5537792
       10816         2048         119.053     44302336     11075584
       10816         4096         244.201     88604672     22151168
       10816         8192         469.894    177209344     44302336
       10816        16384         944.915    354418688     88604672
       10816        32768        1888.494    708837376    177209344
       10816        65536        3777.327   1417674752    354418688
       11840            1           2.801        23680         5920
       11840            2           1.862        47360        11840
       11840            4           1.985        94720        23680
       11840            8           2.266       189440        47360
       11840           16           2.411       378880        94720
       11840           32           3.437       757760       189440
       11840           64           5.473      1515520       378880
       11840          128           9.371      3031040       757760
       11840          256          17.378      6062080      1515520
       11840          512          33.518     12124160      3031040
       11840         1024          66.017     24248320      6062080
       11840         2048         130.211     48496640     12124160
       11840         4096         267.296     96993280     24248320
       11840         8192         515.885    193986560     48496640
       11840        16384        1038.902    387973120     96993280
       11840        32768        2073.944    775946240    193986560
       11840        65536        4154.549   1551892480    387973120
       12992            1           2.802        25984         6496
       12992            2           1.899        51968        12992
       12992            4           2.092       103936        25984
       12992            8           2.396       207872        51968
       12992           16           2.509       415744       103936
       12992           32           3.591       831488       207872
       12992           64           6.051      1662976       415744
       12992          128          10.172      3325952       831488
       12992          256          18.906      6651904      1662976
       12992          512          36.713     13303808      3325952
       12992         1024          71.892     26607616      6651904
       12992         2048         142.632     53215232     13303808
       12992         4096         283.532    106430464     26607616
       12992         8192         572.893    212860928     53215232
       12992        16384        1136.876    425721856    106430464
       12992        32768        2273.203    851443712    212860928
       12992        65536        4548.283   1702887424    425721856
       14272            1           2.913        28544         7136
       14272            2           1.996        57088        14272
       14272            4           1.987       114176        28544
       14272            8           2.280       228352        57088
       14272           16           2.628       456704       114176
       14272           32           3.822       913408       228352
       14272           64           6.236      1826816       456704
       14272          128          11.204      3653632       913408
       14272          256          20.878      7307264      1826816
       14272          512          40.586     14614528      3653632
       14272         1024          79.661     29229056      7307264
       14272         2048         157.844     58458112     14614528
       14272         4096         323.164    116916224     29229056
       14272         8192         627.490    233832448     58458112
       14272        16384        1267.347    467664896    116916224
       14272        32768        2522.327    935329792    233832448
       14272        65536        5040.123   1870659584    467664896
       15680            1           2.291        31360         7840
       15680            2           1.968        62720        15680
       15680            4           2.118       125440        31360
       15680            8           2.291       250880        62720
       15680           16           2.861       501760       125440
       15680           32           3.979      1003520       250880
       15680           64           6.523      2007040       501760
       15680          128          11.692      4014080      1003520
       15680          256          22.138      8028160      2007040
       15680          512          42.734     16056320      4014080
       15680         1024          84.402     32112640      8028160
       15680         2048         167.087     64225280     16056320
       15680         4096         340.514    128450560     32112640
       15680         8192         662.472    256901120     64225280
       15680        16384        1339.802    513802240    128450560
       15680        32768        2677.662   1027604480    256901120
       15680        65536        5340.513   2055208960    513802240
       17216            1           3.718        34432         8608
       17216            2           1.937        68864        17216
       17216            4           2.148       137728        34432
       17216            8           2.298       275456        68864
       17216           16           2.812       550912       137728
       17216           32           4.168      1101824       275456
       17216           64           6.985      2203648       550912
       17216          128          12.591      4407296      1101824
       17216          256          23.784      8814592      2203648
       17216          512          46.447     17629184      4407296
       17216         1024          91.727     35258368      8814592
       17216         2048         181.571     70516736     17629184
       17216         4096         370.223    141033472     35258368
       17216         8192         720.751    282066944     70516736
       17216        16384        1455.604    564133888    141033472
       17216        32768        2905.049   1128267776    282066944
       18880            1           3.760        37760         9440
       18880            2           2.029        75520        18880
       18880            4           2.042       151040        37760
       18880            8           2.375       302080        75520
       18880           16           2.897       604160       151040
       18880           32           4.469      1208320       302080
       18880           64           7.628      2416640       604160
       18880          128          13.879      4833280      1208320
       18880          256          26.338      9666560      2416640
       18880          512          51.422     19333120      4833280
       18880         1024         101.408     38666240      9666560
       18880         2048         201.172     77332480     19333120
       18880         4096         408.986    154664960     38666240
       18880         8192         807.360    309329920     77332480
       18880        16384        1604.901    618659840    154664960
       18880        32768        3217.736   1237319680    309329920
       20736            1           3.037        41472        10368
       20736            2           1.976        82944        20736
       20736            4           2.147       165888        41472
       20736            8           2.588       331776        82944
       20736           16           3.893       663552       165888
       20736           32           4.683      1327104       331776
       20736           64           7.936      2654208       663552
       20736          128          14.593      5308416      1327104
       20736          256          27.926     10616832      2654208
       20736          512          54.649     21233664      5308416
       20736         1024         107.661     42467328     10616832
       20736         2048         214.280     84934656     21233664
       20736         4096         434.866    169869312     42467328
       20736         8192         864.655    339738624     84934656
       20736        16384        1709.221    679477248    169869312
       20736        32768        3427.999   1358954496    339738624
       22784            1           3.335        45568        11392
       22784            2           1.998        91136        22784
       22784            4           2.250       182272        45568
       22784            8           2.860       364544        91136
       22784           16           3.116       729088       182272
       22784           32           5.300      1458176       364544
       22784           64           8.635      2916352       729088
       22784          128          15.821      5832704      1458176
       22784          256          30.633     11665408      2916352
       22784          512          59.881     23330816      5832704
       22784         1024         117.880     46661632     11665408
       22784         2048         234.135     93323264     23330816
       22784         4096         466.973    186646528     46661632
       22784         8192         939.266    373293056     93323264
       22784        16384        1876.581    746586112    186646528
       22784        32768        3750.205   1493172224    373293056
       25024            1           3.786        50048        12512
       25024            2           2.106       100096        25024
       25024            4           2.335       200192        50048
       25024            8           2.876       400384       100096
       25024           16           3.672       800768       200192
       25024           32           5.489      1601536       400384
       25024           64           9.580      3203072       800768
       25024          128          17.770      6406144      1601536
       25024          256          34.151     12812288      3203072
       25024          512          67.113     25624576      6406144
       25024         1024         132.542     51249152     12812288
       25024         2048         263.631    102498304     25624576
       25024         4096         531.543    204996608     51249152
       25024         8192        1056.717    409993216    102498304
       25024        16384        2109.284    819986432    204996608
       25024        32768        4218.246   1639972864    409993216
       27520            1           2.237        55040        13760
       27520            2           2.099       110080        27520
       27520            4           2.256       220160        55040
       27520            8           3.025       440320       110080
       27520           16           3.604       880640       220160
       27520           32           5.759      1761280       440320
       27520           64          10.250      3522560       880640
       27520          128          19.225      7045120      1761280
       27520          256          36.948     14090240      3522560
       27520          512          72.429     28180480      7045120
       27520         1024         143.638     56360960     14090240
       27520         2048         284.159    112721920     28180480
       27520         4096         576.440    225443840     56360960
       27520         8192        1142.419    450887680    112721920
       27520        16384        2285.316    901775360    225443840
       27520        32768        4575.907   1803550720    450887680
       30272            1           4.233        60544        15136
       30272            2           2.041       121088        30272
       30272            4           2.511       242176        60544
       30272            8           2.715       484352       121088
       30272           16           3.900       968704       242176
       30272           32           6.280      1937408       484352
       30272           64          11.168      3874816       968704
       30272          128          21.078      7749632      1937408
       30272          256          40.761     15499264      3874816
       30272          512          80.453     30998528      7749632
       30272         1024         158.816     61997056     15499264
       30272         2048         323.269    123994112     30998528
       30272         4096         631.662    247988224     61997056
       30272         8192        1275.394    495976448    123994112
       30272        16384        2534.340    991952896    247988224
       30272        32768        5076.270   1983905792    495976448
       33280            1           2.006        66560        16640
       33280            2           2.120       133120        33280
       33280            4           2.409       266240        66560
       33280            8           3.370       532480       133120
       33280           16           4.060      1064960       266240
       33280           32           6.814      2129920       532480
       33280           64          12.007      4259840      1064960
       33280          128          22.646      8519680      2129920
       33280          256          44.282     17039360      4259840
       33280          512          86.975     34078720      8519680
       33280         1024         172.270     68157440     17039360
       33280         2048         343.314    136314880     34078720
       33280         4096         690.674    272629760     68157440
       33280         8192        1380.142    545259520    136314880
       33280        16384        2748.897   1090519040    272629760
       36608            1           4.943        73216        18304
       36608            2           2.199       146432        36608
       36608            4           2.350       292864        73216
       36608            8           2.999       585728       146432
       36608           16           4.542      1171456       292864
       36608           32           7.259      2342912       585728
       36608           64          13.043      4685824      1171456
       36608          128          25.032      9371648      2342912
       36608          256          48.323     18743296      4685824
       36608          512          94.898     37486592      9371648
       36608         1024         188.116     74973184     18743296
       36608         2048         375.211    149946368     37486592
       36608         4096         755.192    299892736     74973184
       36608         8192        1506.992    599785472    149946368
       36608        16384        3010.384   1199570944    299892736
       40256            1           4.718        80512        20128
       40256            2           2.232       161024        40256
       40256            4           2.481       322048        80512
       40256            8           3.146       644096       161024
       40256           16           4.723      1288192       322048
       40256           32           7.959      2576384       644096
       40256           64          14.326      5152768      1288192
       40256          128          27.286     10305536      2576384
       40256          256          53.392     20611072      5152768
       40256          512         105.232     41222144     10305536
       40256         1024         208.307     82444288     20611072
       40256         2048         421.755    164888576     41222144
       40256         4096         836.148    329777152     82444288
       40256         8192        1662.460    659554304    164888576
       40256        16384        3339.245   1319108608    329777152
       44224            1           4.603        88448        22112
       44224            2           2.258       176896        44224
       44224            4           2.543       353792        88448
       44224            8           3.344       707584       176896
       44224           16           5.041      1415168       353792
       44224           32           8.643      2830336       707584
       44224           64          15.834      5660672      1415168
       44224          128          30.261     11321344      2830336
       44224          256          58.854     22642688      5660672
       44224          512         116.206     45285376     11321344
       44224         1024         238.735     90570752     22642688
       44224         2048         459.974    181141504     45285376
       44224         4096         925.168    362283008     90570752
       44224         8192        1848.375    724566016    181141504
       44224        16384        3687.489   1449132032    362283008
       48640            1           5.104        97280        24320
       48640            2           2.297       194560        48640
       48640            4           2.953       389120        97280
       48640            8           4.559       778240       194560
       48640           16           5.760      1556480       389120
       48640           32           9.213      3112960       778240
       48640           64          16.989      6225920      1556480
       48640          128          32.511     12451840      3112960
       48640          256          63.672     24903680      6225920
       48640          512         125.922     49807360     12451840
       48640         1024         250.176     99614720     24903680
       48640         2048         507.000    199229440     49807360
       48640         4096        1002.935    398458880     99614720
       48640         8192        2003.138    796917760    199229440
       48640        16384        4004.304   1593835520    398458880
       53504            1           7.781       107008        26752
       53504            2           2.350       214016        53504
       53504            4           2.610       428032       107008
       53504            8           3.690       856064       214016
       53504           16           5.710      1712128       428032
       53504           32           9.978      3424256       856064
       53504           64          18.570      6848512      1712128
       53504          128          35.705     13697024      3424256
       53504          256          69.937     27394048      6848512
       53504          512         138.281     54788096     13697024
       53504         1024         283.083    109576192     27394048
       53504         2048         548.314    219152384     54788096
       53504         4096        1102.257    438304768    109576192
       53504         8192        2200.894    876609536    219152384
       53504        16384        4407.843   1753219072    438304768
       58816            1           4.857       117632        29408
       58816            2           2.474       235264        58816
       58816            4           3.222       470528       117632
       58816            8           3.982       941056       235264
       58816           16           6.210      1882112       470528
       58816           32          10.939      3764224       941056
       58816           64          20.456      7528448      1882112
       58816          128          39.407     15056896      3764224
       58816          256          77.659     30113792      7528448
       58816          512         161.280     60227584     15056896
       58816         1024         304.843    120455168     30113792
       58816         2048         608.231    240910336     60227584
       58816         4096        1227.010    481820672    120455168
       58816         8192        2481.847    963641344    240910336
       58816        16384        4887.167   1927282688    481820672
       64640            1           5.433       129280        32320
       64640            2           2.377       258560        64640
       64640            4           2.917       517120       129280
       64640            8           4.232      1034240       258560
       64640           16           6.671      2068480       517120
       64640           32          11.839      4136960      1034240
       64640           64          22.559      8273920      2068480
       64640          128          42.999     16547840      4136960
       64640          256          93.479     33095680      8273920
       64640          512         167.486     66191360     16547840
       64640         1024         333.472    132382720     33095680
       64640         2048         672.165    264765440     66191360
       64640         4096        1336.147    529530880    132382720
       64640         8192        2676.369   1059061760    264765440
       64640        16384        5346.718   2118123520    529530880
       71104            1           4.664       142208        35552
       71104            2           2.643       284416        71104
       71104            4           3.820       568832       142208
       71104            8           4.501      1137664       284416
       71104           16           7.388      2275328       568832
       71104           32          13.184      4550656      1137664
       71104           64          24.678      9101312      2275328
       71104          128          47.949     18202624      4550656
       71104          256          94.451     36405248      9101312
       71104          512         186.990     72810496     18202624
       71104         1024         371.999    145620992     36405248
       71104         2048         750.067    291241984     72810496
       71104         4096        1511.296    582483968    145620992
       71104         8192        2989.793   1164967936    291241984
       78208            1           7.327       156416        39104
       78208            2           2.690       312832        78208
       78208            4           3.607       625664       156416
       78208            8           4.716      1251328       312832
       78208           16           7.836      2502656       625664
       78208           32          14.269      5005312      1251328
       78208           64          26.830     10010624      2502656
       78208          128          52.160     20021248      5005312
       78208          256         102.676     40042496     10010624
       78208          512         221.871     80084992     20021248
       78208         1024         412.455    160169984     40042496
       78208         2048         817.407    320339968     80084992
       78208         4096        1624.057    640679936    160169984
       78208         8192        3261.234   1281359872    320339968
       86016            1           8.834       172032        43008
       86016            2           2.787       344064        86016
       86016            4           3.564       688128       172032
       86016            8           5.077      1376256       344064
       86016           16           8.522      2752512       688128
       86016           32          15.465      5505024      1376256
       86016           64          29.196     11010048      2752512
       86016          128          56.914     22020096      5505024
       86016          256         112.095     44040192     11010048
       86016          512         222.548     88080384     22020096
       86016         1024         459.822    176160768     44040192
       86016         2048         894.626    352321536     88080384
       86016         4096        1778.659    704643072    176160768
       86016         8192        3617.521   1409286144    352321536
       94592            1           7.964       189184        47296
       94592            2           2.714       378368        94592
       94592            4           3.684       756736       189184
       94592            8           5.445      1513472       378368
       94592           16           9.207      3026944       756736
       94592           32          16.774      6053888      1513472
       94592           64          32.124     12107776      3026944
       94592          128          62.222     24215552      6053888
       94592          256         122.516     48431104     12107776
       94592          512         250.979     96862208     24215552
       94592         1024         483.922    193724416     48431104
       94592         2048         977.055    387448832     96862208
       94592         4096        1947.775    774897664    193724416
       94592         8192        3898.726   1549795328    387448832
      104000            1          10.004       208000        52000
      104000            2           2.830       416000       104000
      104000            4           3.996       832000       208000
      104000            8           6.020      1664000       416000
      104000           16          10.071      3328000       832000
      104000           32          18.407      6656000      1664000
      104000           64          35.184     13312000      3328000
      104000          128          76.778     26624000      6656000
      104000          256         135.497     53248000     13312000
      104000          512         269.308    106496000     26624000
      104000         1024         536.185    212992000     53248000
      104000         2048        1083.816    425984000    106496000
      104000         4096        2156.532    851968000    212992000
      104000         8192        4303.289   1703936000    425984000
      114368            1           9.961       228736        57184
      114368            2           2.888       457472       114368
      114368            4           4.242       914944       228736
      114368            8           6.445      1829888       457472
      114368           16          11.032      3659776       914944
      114368           32          20.216      7319552      1829888
      114368           64          38.876     14639104      3659776
      114368          128          75.859     29278208      7319552
      114368          256         157.581     58556416     14639104
      114368          512         296.679    117112832     29278208
      114368         1024         600.870    234225664     58556416
      114368         2048        1187.063    468451328    117112832
      114368         4096        2374.456    936902656    234225664
      114368         8192        4752.880   1873805312    468451328
      125760            1          12.362       251520        62880
      125760            2           3.501       503040       125760
      125760            4           4.636      1006080       251520
      125760            8           7.136      2012160       503040
      125760           16          12.081      4024320      1006080
      125760           32          22.081      8048640      2012160
      125760           64          42.173     16097280      4024320
      125760          128          82.398     32194560      8048640
      125760          256         162.698     64389120     16097280
      125760          512         330.260    128778240     32194560
      125760         1024         643.113    257556480     64389120
      125760         2048        1303.622    515112960    128778240
      125760         4096        2583.741   1030225920    257556480
      125760         8192        5181.914   2060451840    515112960
      138304            1          13.762       276608        69152
      138304            2           3.378       553216       138304
      138304            4           4.993      1106432       276608
      138304            8           7.876      2212864       553216
      138304           16          13.626      4425728      1106432
      138304           32          25.029      8851456      2212864
      138304           64          48.185     17702912      4425728
      138304          128          94.159     35405824      8851456
      138304          256         185.365     70811648     17702912
      138304          512         377.683    141623296     35405824
      138304         1024         733.974    283246592     70811648
      138304         2048        1485.272    566493184    141623296
      138304         4096        2955.114   1132986368    283246592
      152128            1          14.877       304256        76064
      152128            2           3.692       608512       152128
      152128            4           5.861      1217024       304256
      152128            8           9.089      2434048       608512
      152128           16          15.997      4868096      1217024
      152128           32          29.436      9736192      2434048
      152128           64          56.667     19472384      4868096
      152128          128         110.333     38944768      9736192
      152128          256         225.231     77889536     19472384
      152128          512         429.905    155779072     38944768
      152128         1024         870.980    311558144     77889536
      152128         2048        1733.556    623116288    155779072
      152128         4096        3460.248   1246232576    311558144
      167296            1          16.310       334592        83648
      167296            2           3.985       669184       167296
      167296            4           6.461      1338368       334592
      167296            8          10.233      2676736       669184
      167296           16          17.576      5353472      1338368
      167296           32          32.711     10706944      2676736
      167296           64          61.744     21413888      5353472
      167296          128         121.842     42827776     10706944
      167296          256         243.283     85655552     21413888
      167296          512         492.795    171311104     42827776
      167296         1024         969.463    342622208     85655552
      167296         2048        1946.232    685244416    171311104
      167296         4096        3879.892   1370488832    342622208
      184000            1          19.867       368000        92000
      184000            2           4.382       736000       184000
      184000            4           6.977      1472000       368000
      184000            8          11.219      2944000       736000
      184000           16          19.526      5888000      1472000
      184000           32          36.291     11776000      2944000
      184000           64          70.001     23552000      5888000
      184000          128         136.230     47104000     11776000
      184000          256         271.666     94208000     23552000
      184000          512         547.981    188416000     47104000
      184000         1024        1088.632    376832000     94208000
      184000         2048        2162.113    753664000    188416000
      184000         4096        4326.306   1507328000    376832000
      202368            1          18.573       404736       101184
      202368            2           4.974       809472       202368
      202368            4           7.588      1618944       404736
      202368            8          12.269      3237888       809472
      202368           16          21.382      6475776      1618944
      202368           32          39.924     12951552      3237888
      202368           64          76.901     25903104      6475776
      202368          128         150.297     51806208     12951552
      202368          256         297.914    103612416     25903104
      202368          512         601.302    207224832     51806208
      202368         1024        1192.805    414449664    103612416
      202368         2048        2376.537    828899328    207224832
      202368         4096        4763.216   1657798656    414449664
      222592            1          21.136       445184       111296
      222592            2           4.912       890368       222592
      222592            4           8.119      1780736       445184
      222592            8          13.059      3561472       890368
      222592           16          23.199      7122944      1780736
      222592           32          51.133     14245888      3561472
      222592           64          83.452     28491776      7122944
      222592          128         163.501     56983552     14245888
      222592          256         323.151    113967104     28491776
      222592          512         650.916    227934208     56983552
      222592         1024        1287.703    455868416    113967104
      222592         2048        2590.048    911736832    227934208
      222592         4096        5143.265   1823473664    455868416
      244800            1          23.745       489600       122400
      244800            2           5.946       979200       244800
      244800            4           8.915      1958400       489600
      244800            8          14.583      3916800       979200
      244800           16          25.735      7833600      1958400
      244800           32          48.129     15667200      3916800
      244800           64          92.383     31334400      7833600
      244800          128         182.022     62668800     15667200
      244800          256         368.563    125337600     31334400
      244800          512         726.863    250675200     62668800
      244800         1024        1438.544    501350400    125337600
      244800         2048        2885.142   1002700800    250675200
      244800         4096        5758.318   2005401600    501350400
      269248            1          24.496       538496       134624
      269248            2           6.440      1076992       269248
      269248            4           9.750      2153984       538496
      269248            8          15.724      4307968      1076992
      269248           16          27.736      8615936      2153984
      269248           32          52.096     17231872      4307968
      269248           64          99.871     34463744      8615936
      269248          128         196.316     68927488     17231872
      269248          256         397.287    137854976     34463744
      269248          512         776.941    275709952     68927488
      269248         1024        1561.697    551419904    137854976
      269248         2048        3106.753   1102839808    275709952
      296128            1          29.333       592256       148064
      296128            2           6.639      1184512       296128
      296128            4          10.525      2369024       592256
      296128            8          17.319      4738048      1184512
      296128           16          30.622      9476096      2369024
      296128           32          65.768     18952192      4738048
      296128           64         111.996     37904384      9476096
      296128          128         220.808     75808768     18952192
      296128          256         434.602    151617536     37904384
      296128          512         874.575    303235072     75808768
      296128         1024        1743.248    606470144    151617536
      296128         2048        3466.224   1212940288    303235072
      325696            1          31.567       651392       162848
      325696            2           7.411      1302784       325696
      325696            4          11.527      2605568       651392
      325696            8          18.939      5211136      1302784
      325696           16          33.864     10422272      2605568
      325696           32          63.391     20844544      5211136
      325696           64         122.663     41689088     10422272
      325696          128         240.344     83378176     20844544
      325696          256         486.504    166756352     41689088
      325696          512         961.459    333512704     83378176
      325696         1024        1914.947    667025408    166756352
      325696         2048        3823.651   1334050816    333512704
      358208            1          35.630       716416       179104
      358208            2           8.311      1432832       358208
      358208            4          12.575      2865664       716416
      358208            8          20.525      5731328      1432832
      358208           16          36.646     11462656      2865664
      358208           32          68.911     22925312      5731328
      358208           64         133.113     45850624     11462656
      358208          128         268.131     91701248     22925312
      358208          256         516.905    183402496     45850624
      358208          512        1039.953    366804992     91701248
      358208         1024        2068.533    733609984    183402496
      358208         2048        4130.946   1467219968    366804992
      393984            1          45.316       787968       196992
      393984            2           9.389      1575936       393984
      393984            4          13.880      3151872       787968
      393984            8          21.482      6303744      1575936
      393984           16          40.198     12607488      3151872
      393984           32          77.329     25214976      6303744
      393984           64         151.647     50429952     12607488
      393984          128         299.742    100859904     25214976
      393984          256         603.989    201719808     50429952
      393984          512        1187.526    403439616    100859904
      393984         1024        2357.648    806879232    201719808
      393984         2048        4782.590   1613758464    403439616
      433344            1          40.938       866688       216672
      433344            2           9.523      1733376       433344
      433344            4          14.953      3466752       866688
      433344            8          24.717      6933504      1733376
      433344           16          52.628     13867008      3466752
      433344           32          84.685     27734016      6933504
      433344           64         167.104     55468032     13867008
      433344          128         330.932    110936064     27734016
      433344          256         668.566    221872128     55468032
      433344          512        1336.013    443744256    110936064
      433344         1024        2616.636    887488512    221872128
      433344         2048        5271.211   1774977024    443744256
      476672            1          49.179       953344       238336
      476672            2          10.352      1906688       476672
      476672            4          16.292      3813376       953344
      476672            8          27.252      7626752      1906688
      476672           16          48.465     15253504      3813376
      476672           32          93.417     30507008      7626752
      476672           64         190.299     61014016     15253504
      476672          128         362.771    122028032     30507008
      476672          256         729.467    244056064     61014016
      476672          512        1451.332    488112128    122028032
      476672         1024        2860.240    976224256    244056064
      476672         2048        5780.841   1952448512    488112128
      524288            1          54.320      1048576       262144
      524288            2          11.854      2097152       524288
      524288            4          17.863      4194304      1048576
      524288            8          28.964      8388608      2097152
      524288           16          54.031     16777216      4194304
      524288           32         103.924     33554432      8388608
      524288           64         213.452     67108864     16777216
      524288          128         401.837    134217728     33554432
      524288          256         806.140    268435456     67108864
      524288          512        1607.338    536870912    134217728
      524288         1024        3237.859   1073741824    268435456
      524288         2048        6483.167   2147483648    536870912
      576704            1          56.944      1153408       288352
      576704            2          12.518      2306816       576704
      576704            4          27.174      4613632      1153408
      576704            8          32.809      9227264      2306816
      576704           16          61.280     18454528      4613632
      576704           32         118.167     36909056      9227264
      576704           64         230.267     73818112     18454528
      576704          128         456.437    147636224     36909056
      576704          256         927.915    295272448     73818112
      576704          512        1836.804    590544896    147636224
      576704         1024        3647.991   1181089792    295272448
      634368            1          67.516      1268736       317184
      634368            2          12.491      2537472       634368
      634368            4          20.713      5074944      1268736
      634368            8          35.931     10149888      2537472
      634368           16          67.297     20299776      5074944
      634368           32         130.604     40599552     10149888
      634368           64         261.842     81199104     20299776
      634368          128         507.189    162398208     40599552
      634368          256         998.272    324796416     81199104
      634368          512        2010.907    649592832    162398208
      634368         1024        4024.291   1299185664    324796416
      697792            1          13.255      1395584       348896
      697792            2          17.204      2791168       697792
      697792            4          25.006      5582336      1395584
      697792            8          41.919     11164672      2791168
      697792           16          75.029     22329344      5582336
      697792           32         142.592     44658688     11164672
      697792           64         279.555     89317376     22329344
      697792          128         560.325    178634752     44658688
      697792          256        1113.098    357269504     89317376
      697792          512        2215.544    714539008    178634752
      697792         1024        4414.078   1429078016    357269504
      767552            1          84.370      1535104       383776
      767552            2          17.603      3070208       767552
      767552            4          28.556      6140416      1535104
      767552            8          46.098     12280832      3070208
      767552           16          85.240     24561664      6140416
      767552           32         166.177     49123328     12280832
      767552           64         333.025     98246656     24561664
      767552          128         635.837    196493312     49123328
      767552          256        1280.764    392986624     98246656
      767552          512        2528.763    785973248    196493312
      767552         1024        5092.308   1571946496    392986624
      844288            1          90.637      1688576       422144
      844288            2          19.567      3377152       844288
      844288            4          29.804      6754304      1688576
      844288            8          51.554     13508608      3377152
      844288           16          96.372     27017216      6754304
      844288           32         183.298     54034432     13508608
      844288           64         358.202    108068864     27017216
      844288          128         720.543    216137728     54034432
      844288          256        1436.204    432275456    108068864
      844288          512        2860.970    864550912    216137728
      844288         1024        5697.587   1729101824    432275456
      928704            1          98.971      1857408       464352
      928704            2          22.339      3714816       928704
      928704            4          44.164      7429632      1857408
      928704            8          60.271     14859264      3714816
      928704           16         110.780     29718528      7429632
      928704           32         212.202     59437056     14859264
      928704           64         413.600    118874112     29718528
      928704          128         825.776    237748224     59437056
      928704          256        1645.064    475496448    118874112
      928704          512        3276.402    950992896    237748224
      928704         1024        6545.223   1901985792    475496448
     1021568            1         109.151      2043136       510784
     1021568            2          28.669      4086272      1021568
     1021568            4          40.883      8172544      2043136
     1021568            8          70.037     16345088      4086272
     1021568           16         128.166     32690176      8172544
     1021568           32         254.608     65380352     16345088
     1021568           64         474.293    130760704     32690176
     1021568          128         955.468    261521408     65380352
     1021568          256        1892.053    523042816    130760704
     1021568          512        3780.868   1046085632    261521408
     1021568         1024        7527.453   2092171264    523042816
     1123712            1         123.589      2247424       561856
     1123712            2          32.807      4494848      1123712
     1123712            4          44.654      8989696      2247424
     1123712            8          76.934     17979392      4494848
     1123712           16         139.884     35958784      8989696
     1123712           32         266.823     71917568     17979392
     1123712           64         528.780    143835136     35958784
     1123712          128        1035.897    287670272     71917568
     1123712          256        2058.088    575340544    143835136
     1123712          512        4109.953   1150681088    287670272
     1236032            1         125.775      2472064       618016
     1236032            2          35.470      4944128      1236032
     1236032            4          50.323      9888256      2472064
     1236032            8          85.832     19776512      4944128
     1236032           16         164.356     39553024      9888256
     1236032           32         298.881     79106048     19776512
     1236032           64         592.958    158212096     39553024
     1236032          128        1164.188    316424192     79106048
     1236032          256        2312.744    632848384    158212096
     1236032          512        4597.936   1265696768    316424192
     1359616            1         142.500      2719232       679808
     1359616            2          44.906      5438464      1359616
     1359616            4          58.760     10876928      2719232
     1359616            8          99.885     21753856      5438464
     1359616           16         182.076     43507712     10876928
     1359616           32         354.494     87015424     21753856
     1359616           64         672.231    174030848     43507712
     1359616          128        1343.314    348061696     87015424
     1359616          256        2648.238    696123392    174030848
     1359616          512        5305.533   1392246784    348061696
     1495552            1         159.077      2991104       747776
     1495552            2          54.394      5982208      1495552
     1495552            4          64.404     11964416      2991104
     1495552            8         110.094     23928832      5982208
     1495552           16         207.359     47857664     11964416
     1495552           32         381.213     95715328     23928832
     1495552           64         747.927    191430656     47857664
     1495552          128        1473.409    382861312     95715328
     1495552          256        2937.384    765722624    191430656
     1495552          512        5830.024   1531445248    382861312
     1645056            1         178.131      3290112       822528
     1645056            2          67.296      6580224      1645056
     1645056            4          71.596     13160448      3290112
     1645056            8         131.719     26320896      6580224
     1645056           16         223.322     52641792     13160448
     1645056           32         425.038    105283584     26320896
     1645056           64         836.924    210567168     52641792
     1645056          128        1958.182    421134336    105283584
     1645056          256        3468.568    842268672    210567168
     1645056          512        6537.824   1684537344    421134336
     1809536            1         193.517      3619072       904768
     1809536            2          85.537      7238144      1809536
     1809536            4          82.723     14476288      3619072
     1809536            8         140.095     28952576      7238144
     1809536           16         253.461     57905152     14476288
     1809536           32         486.457    115810304     28952576
     1809536           64         932.984    231620608     57905152
     1809536          128        1853.953    463241216    115810304
     1809536          256        3674.323    926482432    231620608
     1809536          512        7301.250   1852964864    463241216
     1990464            1         222.199      3980928       995232
     1990464            2         105.660      7961856      1990464
     1990464            4          91.478     15923712      3980928
     1990464            8         154.560     31847424      7961856
     1990464           16         280.333     63694848     15923712
     1990464           32         540.567    127389696     31847424
     1990464           64        1043.568    254779392     63694848
     1990464          128        2059.931    509558784    127389696
     1990464          256        4092.909   1019117568    254779392
     1990464          512        8153.139   2038235136    509558784
     2189504            1         237.108      4379008      1094752
     2189504            2         125.343      8758016      2189504
     2189504            4         103.031     17516032      4379008
     2189504            8         173.998     35032064      8758016
     2189504           16         315.297     70064128     17516032
     2189504           32         608.027    140128256     35032064
     2189504           64        1175.794    280256512     70064128
     2189504          128        2323.121    560513024    140128256
     2189504          256        4622.115   1121026048    280256512
     2408448            1         267.052      4816896      1204224
     2408448            2         162.183      9633792      2408448
     2408448            4         117.514     19267584      4816896
     2408448            8         198.161     38535168      9633792
     2408448           16         360.664     77070336     19267584
     2408448           32         691.299    154140672     38535168
     2408448           64        1337.814    308281344     77070336
     2408448          128        2643.999    616562688    154140672
     2408448          256        5246.562   1233125376    308281344
     2649280            1         268.244      5298560      1324640
     2649280            2         194.632     10597120      2649280
     2649280            4         129.191     21194240      5298560
     2649280            8         218.148     42388480     10597120
     2649280           16         403.309     84776960     21194240
     2649280           32         756.483    169553920     42388480
     2649280           64        1461.376    339107840     84776960
     2649280          128        2900.844    678215680    169553920
     2649280          256        5750.824   1356431360    339107840
     2914176            1         311.279      5828352      1457088
     2914176            2         239.104     11656704      2914176
     2914176            4         150.923     23313408      5828352
     2914176            8         242.315     46626816     11656704
     2914176           16         437.020     93253632     23313408
     2914176           32         837.206    186507264     46626816
     2914176           64        1649.108    373014528     93253632
     2914176          128        3205.697    746029056    186507264
     2914176          256        6357.908   1492058112    373014528
     3205568            1         342.494      6411136      1602784
     3205568            2         283.435     12822272      3205568
     3205568            4         159.740     25644544      6411136
     3205568            8         264.598     51289088     12822272
     3205568           16         490.646    102578176     25644544
     3205568           32         920.602    205156352     51289088
     3205568           64        1786.488    410312704    102578176
     3205568          128        3509.316    820625408    205156352
     3205568          256        6992.337   1641250816    410312704
     3526080            1         380.523      7052160      1763040
     3526080            2         331.902     14104320      3526080
     3526080            4         177.314     28208640      7052160
     3526080            8         295.536     56417280     14104320
     3526080           16         542.035    112834560     28208640
     3526080           32        1021.053    225669120     56417280
     3526080           64        1982.302    451338240    112834560
     3526080          128        3910.869    902676480    225669120
     3526080          256        7794.039   1805352960    451338240
     3878656            1         416.808      7757312      1939328
     3878656            2         407.174     15514624      3878656
     3878656            4         198.798     31029248      7757312
     3878656            8         325.564     62058496     15514624
     3878656           16         601.324    124116992     31029248
     3878656           32        1131.173    248233984     62058496
     3878656           64        2198.137    496467968    124116992
     3878656          128        4340.254    992935936    248233984
     3878656          256        8621.629   1985871872    496467968
     4266496            1         449.730      8532992      2133248
     4266496            2         473.942     17065984      4266496
     4266496            4         220.328     34131968      8532992
     4266496            8         371.757     68263936     17065984
     4266496           16         665.709    136527872     34131968
     4266496           32        1264.815    273055744     68263936
     4266496           64        2466.534    546111488    136527872
     4266496          128        4844.491   1092222976    273055744
     4693120            1         497.021      9386240      2346560
     4693120            2         578.432     18772480      4693120
     4693120            4         262.757     37544960      9386240
     4693120            8         417.589     75089920     18772480
     4693120           16         763.590    150179840     37544960
     4693120           32        1457.099    300359680     75089920
     4693120           64        2818.841    600719360    150179840
     4693120          128        5549.913   1201438720    300359680
     5162432            1         557.643     10324864      2581216
     5162432            2         684.691     20649728      5162432
     5162432            4         309.255     41299456     10324864
     5162432            8         490.402     82598912     20649728
     5162432           16         886.532    165197824     41299456
     5162432           32        1664.108    330395648     82598912
     5162432           64        3245.253    660791296    165197824
     5162432          128        6393.656   1321582592    330395648
     5678656            1         602.549     11357312      2839328
     5678656            2         897.410     22714624      5678656
     5678656            4         434.564     45429248     11357312
     5678656            8         602.743     90858496     22714624
     5678656           16        1087.351    181716992     45429248
     5678656           32        2014.605    363433984     90858496
     5678656           64        3933.511    726867968    181716992
     5678656          128        7658.360   1453735936    363433984
     6246464            1         663.948     12492928      3123232
     6246464            2         960.770     24985856      6246464
     6246464            4         550.025     49971712     12492928
     6246464            8         799.056     99943424     24985856
     6246464           16        1468.910    199886848     49971712
     6246464           32        2706.183    399773696     99943424
     6246464           64        5220.756    799547392    199886848
     6246464          128       10184.574   1599094784    399773696
     6871104            1         725.744     13742208      3435552
     6871104            2        1190.172     27484416      6871104
     6871104            4         826.701     54968832     13742208
     6871104            8        1282.180    109937664     27484416
     6871104           16        2243.409    219875328     54968832
     6871104           32        4093.289    439750656    109937664
     6871104           64        7826.449    879501312    219875328
     6871104          128       14835.492   1759002624    439750656
     7558208            1         803.266     15116416      3779104
     7558208            2        1397.178     30232832      7558208
     7558208            4        1106.981     60465664     15116416
     7558208            8        1733.548    120931328     30232832
     7558208           16        3005.094    241862656     60465664
     7558208           32        5560.613    483725312    120931328
     7558208           64        9164.186    967450624    241862656
     7558208          128       17882.013   1934901248    483725312
     8313984            1         888.016     16627968      4156992
     8313984            2        1542.027     33255936      8313984
     8313984            4        1443.136     66511872     16627968
     8313984            8        2246.588    133023744     33255936
     8313984           16        3993.080    266047488     66511872
     8313984           32        7413.309    532094976    133023744
     8313984           64       12903.911   1064189952    266047488
     8313984          128       20670.849   2128379904    532094976
     9145344            1         968.213     18290688      4572672
     9145344            2        1781.009     36581376      9145344
     9145344            4        1831.027     73162752     18290688
     9145344            8        2787.847    146325504     36581376
     9145344           16        4989.096    292651008     73162752
     9145344           32        9347.744    585302016    146325504
     9145344           64       15164.800   1170604032    292651008
    10059840            1        1068.808     20119680      5029920
    10059840            2        1992.538     40239360     10059840
    10059840            4        2416.171     80478720     20119680
    10059840            8        3516.075    160957440     40239360
    10059840           16        6074.951    321914880     80478720
    10059840           32       11471.929    643829760    160957440
    10059840           64       21563.011   1287659520    321914880
    11065792            1        1176.279     22131584      5532896
    11065792            2        2241.748     44263168     11065792
    11065792            4        2917.047     88526336     22131584
    11065792            8        4210.066    177052672     44263168
    11065792           16        7495.724    354105344     88526336
    11065792           32       13650.128    708210688    177052672
    11065792           64       21936.887   1416421376    354105344
    12172352            1        1295.315     24344704      6086176
    12172352            2        2498.419     48689408     12172352
    12172352            4        3325.961     97378816     24344704
    12172352            8        5019.276    194757632     48689408
    12172352           16        8326.808    389515264     97378816
    12172352           32       15767.810    779030528    194757632
    12172352           64       30871.404   1558061056    389515264
    13389568            1        1438.647     26779136      6694784
    13389568            2        2754.752     53558272     13389568
    13389568            4        3801.846    107116544     26779136
    13389568            8        5690.493    214233088     53558272
    13389568           16        9611.360    428466176    107116544
    13389568           32       18345.388    856932352    214233088
    13389568           64       35885.882   1713864704    428466176
    14728512            1        1597.418     29457024      7364256
    14728512            2        3074.468     58914048     14728512
    14728512            4        4231.585    117828096     29457024
    14728512            8        6444.640    235656192     58914048
    14728512           16       11119.440    471312384    117828096
    14728512           32       20905.459    942624768    235656192
    14728512           64       40940.099   1885249536    471312384
    16201344            1        1747.185     32402688      8100672
    16201344            2        3391.441     64805376     16201344
    16201344            4        4801.645    129610752     32402688
    16201344            8        7417.320    259221504     64805376
    16201344           16       12788.701    518443008    129610752
    16201344           32       23851.272   1036886016    259221504
    16201344           64       46879.829   2073772032    518443008
    17821440            1        1931.912     35642880      8910720
    17821440            2        3726.416     71285760     17821440
    17821440            4        5296.666    142571520     35642880
    17821440            8        8310.644    285143040     71285760
    17821440           16       14518.207    570286080    142571520
    17821440           32       27337.549   1140572160    285143040
    19603584            1        2128.448     39207168      9801792
    19603584            2        4128.698     78414336     19603584
    19603584            4        5914.625    156828672     39207168
    19603584            8        9313.194    313657344     78414336
    19603584           16       16410.282    627314688    156828672
    19603584           32       30918.725   1254629376    313657344
    21563904            1        2353.528     43127808     10781952
    21563904            2        4577.898     86255616     21563904
    21563904            4        6558.431    172511232     43127808
    21563904            8       10486.064    345022464     86255616
    21563904           16       18466.117    690044928    172511232
    21563904           32       34897.043   1380089856    345022464
    23720256            1        2616.716     47440512     11860128
    23720256            2        5054.325     94881024     23720256
    23720256            4        7247.904    189762048     47440512
    23720256            8       11674.279    379524096     94881024
    23720256           16       20617.862    759048192    189762048
    23720256           32       38943.927   1518096384    379524096
    26092224            1        2863.362     52184448     13046112
    26092224            2        5537.675    104368896     26092224
    26092224            4        8014.814    208737792     52184448
    26092224            8       12897.249    417475584    104368896
    26092224           16       22966.425    834951168    208737792
    26092224           32       43556.523   1669902336    417475584
    28701440            1        3123.872     57402880     14350720
    28701440            2        6087.869    114805760     28701440
    28701440            4        8802.543    229611520     57402880
    28701440            8       14302.361    459223040    114805760
    28701440           16       25909.480    918446080    229611520
    28701440           32       48694.801   1836892160    459223040
    31571584            1        3459.548     63143168     15785792
    31571584            2        6781.996    126286336     31571584
    31571584            4        9841.463    252572672     63143168
    31571584            8       16046.737    505145344    126286336
    31571584           16       28778.552   1010290688    252572672
    31571584           32       54784.433   2020581376    505145344
    34728704            1        3818.754     69457408     17364352
    34728704            2        7480.940    138914816     34728704
    34728704            4       10856.360    277829632     69457408
    34728704            8       17784.693    555659264    138914816
    34728704           16       32163.048   1111318528    277829632
    38201536            1        4220.778     76403072     19100768
    38201536            2        8248.015    152806144     38201536
    38201536            4       12064.961    305612288     76403072
    38201536            8       19886.525    611224576    152806144
    38201536           16       36045.609   1222449152    305612288
    42021632            1        4626.680     84043264     21010816
    42021632            2        9086.485    168086528     42021632
    42021632            4       13329.669    336173056     84043264
    42021632            8       22141.976    672346112    168086528
    42021632           16       39865.656   1344692224    336173056
    46223744            1        5089.731     92447488     23111872
    46223744            2       10069.964    184894976     46223744
    46223744            4       14785.353    369789952     92447488
    46223744            8       24746.201    739579904    184894976
    46223744           16       44676.048   1479159808    369789952
    50846080            1        5640.182    101692160     25423040
    50846080            2       11163.257    203384320     50846080
    50846080            4       16466.073    406768640    101692160
    50846080            8       27543.968    813537280    203384320
    50846080           16       49555.075   1627074560    406768640
    55930688            1        6198.185    111861376     27965344
    55930688            2       12237.118    223722752     55930688
    55930688            4       18261.242    447445504    111861376
    55930688            8       30621.685    894891008    223722752
    55930688           16       54752.419   1789782016    447445504
    61523712            1        6857.480    123047424     30761856
    61523712            2       13580.524    246094848     61523712
    61523712            4       20415.985    492189696    123047424
    61523712            8       34010.858    984379392    246094848
    61523712           16       60877.737   1968758784    492189696
    67676032            1        7559.956    135352064     33838016
    67676032            2       14952.249    270704128     67676032
    67676032            4       22696.522    541408256    135352064
    67676032            8       37791.997   1082816512    270704128
    74443584            1        8331.002    148887168     37221792
    74443584            2       16597.468    297774336     74443584
    74443584            4       25046.808    595548672    148887168
    74443584            8       41808.918   1191097344    297774336
    81887936            1        9197.753    163775872     40943968
    81887936            2       18288.800    327551744     81887936
    81887936            4       27760.196    655103488    163775872
    81887936            8       46156.681   1310206976    327551744
    90076672            1       10149.303    180153344     45038336
    90076672            2       20155.123    360306688     90076672
    90076672            4       30951.493    720613376    180153344
    90076672            8       51092.981   1441226752    360306688
    99084288            1       11141.890    198168576     49542144
    99084288            2       22351.081    396337152     99084288
    99084288            4       34268.470    792674304    198168576
    99084288            8       56631.214   1585348608    396337152
   108992704            1       12305.270    217985408     54496352
   108992704            2       24743.871    435970816    108992704
   108992704            4       37875.880    871941632    217985408
   108992704            8       62441.552   1743883264    435970816
   119891968            1       13540.550    239783936     59945984
   119891968            2       27416.743    479567872    119891968
   119891968            4       41887.831    959135744    239783936
   119891968            8       68895.687   1918271488    479567872
   131881152            1       14907.678    263762304     65940576
   131881152            2       30238.511    527524608    131881152
   131881152            4       46258.776   1055049216    263762304
   131881152            8       75974.350   2110098432    527524608
   145069248            1       17112.862    290138496     72534624
   145069248            2       33632.210    580276992    145069248
   145069248            4       51135.294   1160553984    290138496
   159576128            1       18133.702    319152256     79788064
   159576128            2       37284.473    638304512    159576128
   159576128            4       56339.009   1276609024    319152256
   175533696            1       19996.124    351067392     87766848
   175533696            2       41461.225    702134784    175533696
   175533696            4       62030.681   1404269568    351067392
   193087040            1       21955.509    386174080     96543520
   193087040            2       45893.788    772348160    193087040
   193087040            4       68484.873   1544696320    386174080
   212395712            1       24178.784    424791424    106197856
   212395712            2       50904.029    849582848    212395712
   212395712            4       75531.847   1699165696    424791424
   233635264            1       26663.079    467270528    116817632
   233635264            2       56128.442    934541056    233635264
   233635264            4       82607.695   1869082112    467270528
   256998784            1       29385.064    513997568    128499392
   256998784            2       61958.294   1027995136    256998784
   256998784            4       91291.472   2055990272    513997568
   282698624            1       32350.489    565397248    141349312
   282698624            2       68178.680   1130794496    282698624
   310968448            1       35699.789    621936896    155484224
   310968448            2       75731.328   1243873792    310968448
   342065280            1       39436.017    684130560    171032640
   342065280            2       83227.390   1368261120    342065280
   376271808            1       43516.921    752543616    188135904
   376271808            2       91217.964   1505087232    376271808
   413898944            1       47979.388    827797888    206949472
   413898944            2      100823.401   1655595776    413898944
   455288832            1       53092.058    910577664    227644416
   455288832            2      111234.357   1821155328    455288832
   500817664            1       58767.583   1001635328    250408832
   500817664            2      122209.256   2003270656    500817664
   550899392            1       64956.907   1101798784    275449696
   605989312            1       71654.038   1211978624    302994656
   666588224            1       79140.559   1333176448    333294112
   733247040            1       86711.495   1466494080    366623520
   806571712            1       95334.459   1613143424    403285856
   887228864            1      104618.935   1774457728    443614432
   975951744            1      115148.519   1951903488    487975872
  1073546880            1      126518.090   2147093760    536773440

META_DATA
FLOPS          4
OPENMP_THREADS 8
ERT_VERSION  1.1.0
HOSTNAME  ('laptop', [], ['127.0.1.1'])
UNAME  uname_result(system='Linux', node='laptop', release='6.8.0-84-generic', version='#84-Ubuntu SMP PREEMPT_DYNAMIC Fri Sep  5 22:36:38 UTC 2025', machine='x86_64')
TIMESTAMP_DATA  1765914209.6906295
CONFIG  {'ERT_MPI': ['False'], 'ERT_OPENMP': ['True'], 'ERT_OPENMP_CFLAGS': ['-fopenmp'], 'ERT_OPENMP_LDFLAGS': ['-fopenmp'], 'ERT_PRECISION': ['FP64'], 'ERT_TRIALS_MIN': ['1'], 'ERT_TRIALS': ['3', '#', 'Run', 'each', 'test', '3', 'times', 'to', 'filter', 'out', 'background', 'noise'], 'ERT_RESULTS': ['Results/8250U'], 'ERT_GNUPLOT': ['gnuplot'], 'ERT_DRIVER': ['driver1'], 'ERT_KERNEL': ['kernel1'], 'ERT_CC': ['g++'], 'ERT_LD': ['g++'], 'ERT_CFLAGS': ['-O3', '-march=native', '-fopenmp', '-fstrict-aliasing', '-funroll-loops', '-Wno-all'], 'ERT_LDFLAGS': ['-O3', '-march=native', '-fopenmp'], 'ERT_LDLIBS': ['-lm'], 'ERT_RUN': ['export', 'OMP_NUM_THREADS=ERT_OPENMP_THREADS;', './ERT_CODE'], 'ERT_WORKING_SET_MIN': ['128'], 'ERT_MEMORY_MAX': ['1073741824'], 'ERT_ALIGN': ['64'], 'ERT_MIN_PROCS': ['1'], 'ERT_MAX_PROCS': ['1'], 'ERT_OPENMP_THREADS': ['1,2,4,8', '#', 'Logical', 'Threads'], 'ERT_NUM_EXPERIMENTS': ['4'], 'ERT_FLOPS': ['1,2,4,8'], 'ERT_GPU': [False], 'ERT_HIP': [False], 'ERT_OCL': [False], 'ERT_SYCL': [False], 'ERT_WSS_MULT': [1.1]}
