fp64
 2048 524288 8047.175 8068.614 8076.861 265.88097133279877 266.1527305681001 266.8618052919192 33.235121416599846 33.26909132101251 33.3577256614899
 2240 262144 4622.306 4645.234 4645.783 252.78949102874583 252.81936711907298 254.07342568839022 31.59868637859323 31.602420889884122 31.759178211048777
 2464 262144 5463.549 5468.961 5737.109 225.17362525271872 236.21408746560817 236.44807285520824 28.14670315658984 29.52676093320102 29.55600910690103
 2704 262144 5610.159 5613.369 5744.403 246.7923563162264 252.55327985742608 252.697784857791 30.8490445395283 31.56915998217826 31.587223107223874
 2960 262144 6332.737 6345.589 6370.132 243.62014476309128 244.56240074798416 245.058728950847 30.45251809538641 30.57030009349802 30.632341118855877
 3248 262144 6838.105 6850.472 6938.974 245.40910860885197 248.5795758306873 249.0291424305418 30.676138576106496 31.072446978835913 31.128642803817726
 3568 262144 7667.742 7681.467 7729.825 242.00542496110842 243.52894883229987 243.96485745086363 30.250678120138552 30.441118604037484 30.495607181357954
 3920 262144 8061.275 8074.546 8095.622 253.86671462674514 254.5293518669656 254.94837479182883 31.733339328343142 31.8161689833707 31.868546848978603
 4304 131072 4304.115 4311.175 4325.215 260.85819456373844 261.7077191252964 262.13699587487787 32.607274320467305 32.71346489066205 32.767124484359734
 4720 131072 4679.797 4703.823 4710.209 262.6889125302083 263.0455440181316 264.39601546819233 32.83611406627604 32.88069300226645 33.04950193352404
 5184 131072 4991.54 4998.723 5011.29 271.1785779709416 271.8603323288768 272.25154882060446 33.8973222463677 33.9825415411096 34.03144360257556
 5696 131072 5484.88 5491.503 5517.55 270.6223276635463 271.90592885044407 272.2342556263765 33.827790957943286 33.98824110630551 34.029281953297065
 6256 131072 6066.84 6089.427 6102.333 268.7452264568322 269.31480810920306 270.31747400623715 33.593153307104025 33.66435101365038 33.78968425077964
 6880 131072 6641.438 6646.445 6848.078 263.36597217496643 271.3556976699574 271.5602735431694 32.920746521870804 33.919462208744676 33.94503419289617
 7568 131072 7393.52 7415.612 7531.494 263.41464150406284 267.53095927888353 268.33034765578503 32.926830188007855 33.44136990986044 33.54129345697313
 8320 65536 4560.973 4595.259 4638.665 235.09329516143114 237.31394465469737 239.09789424318012 29.386661895178893 29.66424308183717 29.887236780397515
 9152 65536 4867.59 4897.452 4933.502 243.1479594008475 244.9377643721674 246.44042411131588 30.393494925105937 30.617220546520926 30.805053013914485
 10064 65536 5319.305 5328.458 5367.299 245.76767718735255 247.55916402081056 247.98514241992143 30.72095964841907 30.94489550260132 30.99814280249018
 11056 65536 5831.985 5837.078 5849.892 247.71945054712123 248.26326322862224 248.4800684501075 30.964931318390153 31.03290790357778 31.060008556263437
 12160 65536 6330.354 6334.972 6370.186 250.2023520192346 251.59314358453364 251.77668105132827 31.275294002404326 31.449142948066704 31.472085131416033
 13376 65536 6930.843 6931.141 6969.437 251.5582064950153 252.94811806598653 252.95899387707962 31.444775811876912 31.618514758248317 31.619874234634953
 14704 65536 7572.038 7592.02 7616.654 253.03534701720727 253.85637656381303 254.52628314860544 31.62941837715091 31.73204707047663 31.81578539357568
 16160 65536 8269.694 8270.384 8311.148 254.85330305753192 256.1094527170685 256.1308217692215 31.85666288219149 32.01368158963356 32.016352721152685
 17776 32768 4767.568 4776.905 4798.677 242.76856641945272 243.8750479651574 244.3526628251553 30.34607080243159 30.484380995644674 30.544082853144413
 19552 32768 5203.243 5205.355 5221.504 245.40053440541266 246.16186062237833 246.26177789505502 30.675066800676582 30.77023257779729 30.782722236881877
 21504 32768 5678.753 5683.511 5706.983 246.94065918892693 247.9604849889443 248.16824116139583 30.867582398615866 30.995060623618038 31.02103014517448
 23648 32768 6186.676 6235.113 6745.864 229.74007895801043 248.55930084988034 250.50533242730023 28.717509869751304 31.069912606235043 31.31316655341253
 26000 32768 6971.566 6974.187 7004.713 243.25564801869825 244.32037741460044 244.41223105396978 30.40695600233728 30.540047176825055 30.551528881746222
 28592 32768 7600.199 7603.725 7641.429 245.21660961581924 246.43254615336562 246.54687489103907 30.652076201977405 30.804068269170703 30.818359361379883
 31440 32768 8283.369 8321.073 8321.381 247.60936195566578 247.61852708178378 248.74562994839414 30.951170244458222 30.952315885222973 31.093203743549267
 34576 16384 4636.789 4638.748 4655.999 243.3390488271153 244.24400032077622 244.34719112730818 30.417381103389413 30.530500040097028 30.543398890913522
 38032 16384 5058.996 5076.113 5084.198 245.1188124459354 245.50922644945058 246.33990143498823 30.639851555741924 30.688653306181322 30.79248767937353
 41824 16384 5636.382 5640.249 5673.402 241.56385040228065 242.9837462849601 243.15045218723643 30.19548130028508 30.37296828562001 30.393806523404553
 46000 16384 6135.965 6138.23 6170.802 244.2677629261156 245.56394921663087 245.65459548742535 30.53347036576445 30.69549365207886 30.70682443592817
 50592 16384 6799.855 6840.554 6846.644 242.1330298464474 242.3485957423916 243.79911865767727 30.266628730805927 30.29357446779895 30.47488983220966
 55648 16384 7429.053 7524.03 7529.654 242.17230486287949 242.35332182354404 245.45169673712115 30.271538107859936 30.294165227943004 30.681462092140144
 61200 16384 8363.067 8390.411 8451.225 237.29123292777084 239.011128298721 239.7926024029223 29.661404115971354 29.876391037340124 29.97407530036529
 67312 8192 4961.328 4994.463 4994.949 220.7910046729206 220.81248935070698 222.28721987338872 27.598875584115074 27.601561168838373 27.78590248417359
 74032 8192 6391.285 6417.731 6487.619 186.96231822491424 188.99830609914937 189.7803474575144 23.37028977811428 23.624788262393672 23.7225434321893
 81424 8192 7001.168 7050.793 7057.595 189.0234302195011 189.2057838033254 190.54689388970527 23.62792877743764 23.650722975415675 23.81836173621316
 89552 8192 7685.82 7712.1 7723.735 189.96249457030828 190.24908494443795 190.89960056311494 23.745311821288535 23.781135618054744 23.862450070389368
 98496 8192 8481.096 8537.145 8541.289 188.9361739194166 189.02788508336215 190.27711324102455 23.617021739927075 23.62848563542027 23.78463915512807
 108336 8192 9374.705 9412.02 9602.903 184.83754589627742 188.58619339950403 189.3368403592433 23.104693237034677 23.573274174938003 23.667105044905412
 119168 8192 10266.93 10299.741 11115.242 175.65506104140601 189.56287463927492 190.16867866051487 21.956882630175752 23.695359329909365 23.77108483256436
 131072 8192 11304.849 11350.504 12275.609 174.93907210632076 189.1972063971785 189.96128546254798 21.867384013290096 23.64965079964731 23.745160682818497
 144176 4096 6223.087 6313.913 6942.861 170.1157191538186 187.06146125231695 189.79162463902563 21.264464894227324 23.382682656539618 23.723953079878203
 158592 4096 6841.445 6882.607 7507.617 173.04900662886772 188.763598444601 189.8993069446586 21.631125828608464 23.595449805575125 23.737413368082326
 174448 4096 7522.183 7527.695 8105.896 176.30105493581465 189.84270962093976 189.98181990520573 22.03763186697683 23.73033870261747 23.747727488150716
 191888 4096 8290.629 8363.68 8899.921 176.62476959065143 187.94914391750999 189.6052152375893 22.078096198831428 23.493642989688748 23.700651904698663
 211072 4096 9100.109 9187.994 10239.257 168.86985295905748 188.19144026432753 190.0089135196073 21.108731619882185 23.52393003304094 23.75111418995091
 232176 4096 10010.893 10146.796 11614.582 163.7584367650941 187.446933199406 189.99162132688863 20.469804595636763 23.43086664992575 23.74895266586108
 255392 4096 11016.867 11225.831 12628.892 165.66546487213606 186.37117056189427 189.9061923866377 20.708183109017007 23.296396320236784 23.738274048329714
 280928 2048 6063.064 6683.246 6844.053 168.12860566684682 172.17398371988702 189.78541014905994 21.016075708355853 21.521747964985877 23.723176268632493
 309008 2048 6708.054 7279.308 7476.247 169.29573996150742 173.87597392499396 188.68315132823915 21.161967495188428 21.734496740624245 23.585393916029894
 339904 2048 7335.749 7895.482 8272.664 168.2948544749309 176.3346156700756 189.78931585581785 21.036856809366363 22.04182695875945 23.72366448197723
 373888 2048 8684.514 9269.055 9884.063 154.94086267964906 165.22129256973878 176.34207832470534 19.367607834956132 20.652661571217347 22.042759790588168
 411264 2048 9814.668 10689.022 10763.619 156.50287733149975 157.5950862483022 171.63467414282377 19.56285966643747 19.699385781037776 21.45433426785297
 452384 2048 11233.406 11990.79 12232.687 151.47652057148198 154.53234223933535 164.95129473643166 18.934565071435248 19.31654277991692 20.618911842053958
 497616 2048 12689.289 13313.069 14081.385 144.74677995097784 153.10032089520456 160.62642564134205 18.09334749387223 19.13754011190057 20.078303205167757
 547376 1024 7196.209 7505.89 7622.95 147.05934684079 149.3528479633994 155.7800847640751 18.38241835509875 18.669105995424925 19.472510595509387
 602112 1024 8298.82 8589.71 8910.768 138.3859815450251 143.55844097181398 148.59044731660646 17.298247693128136 17.944805121476747 18.573805914575807
 662320 1024 9333.456 9727.041 10152.819 133.60145197112251 139.44953660625058 145.3300213768619 16.700181496390314 17.431192075781322 18.16625267210774
 728544 1024 10976.803 11080.46 11459.223 130.205871026334 134.6566940361682 135.92829460454013 16.27573387829175 16.832086754521026 16.991036825567516
 801392 1024 12473.788 12705.765 12737.384 128.85305302878518 129.17371098867326 131.57597483619247 16.106631628598148 16.146713873584158 16.44699685452406
 881520 1024 14307.272 14370.853 14541.034 124.15574848391113 125.62601259646871 126.18429005892946 15.51946856048889 15.703251574558589 15.773036257366183
 969664 1024 15584.408 15929.565 16179.585 122.73935777709997 124.6657942009088 127.42684046772902 15.342419722137496 15.5832242751136 15.928355058466128
 1066624 512 8762.556 8922.856 8948.526 122.05618847171031 122.40732967112771 124.64661863501925 15.25702355896379 15.300916208890964 15.580827329377406
 1173280 512 9735.617 9863.175 9983.674 120.3403396384938 121.81054477893782 123.40653088551039 15.042542454811725 15.226318097367228 15.425816360688799
 1290608 512 10753.914 10903.608 10909.834 121.13681949697859 121.2059890634366 122.89317098872094 15.142102437122324 15.150748632929576 15.361646373590117
 1419664 512 11964.05 12075.321 12138.41 119.76329156784125 120.38900961721845 121.50868109043343 14.970411445980156 15.048626202152306 15.188585136304178
 1561616 512 13207.11 13318.537 13519.377 118.28169182647987 120.06534831866293 121.07832705262544 14.785211478309984 15.008168539832866 15.13479088157818
 1717776 512 14537.604 14639.706 14678.788 119.83296059592932 120.15286536491921 120.9967353629938 14.979120074491165 15.019108170614901 15.124591920374225
 1889552 512 15961.628 16016.636 16085.26 120.29033089922078 120.80572025236759 121.22204877848299 15.036291362402597 15.100715031545949 15.152756097310373
 2078496 512 17583.913 17626.328 17706.36 120.2042601641444 120.75004527318453 121.04131224944072 15.02553252051805 15.093755659148066 15.13016403118009
 2286336 256 9673.154 9752.5 9766.667 119.85706403218211 120.03117477569853 121.0157547372863 14.982133004022764 15.003896846962316 15.126969342160788
 2514960 256 10629.466 10717.457 10726.589 120.04370820957156 120.14599358784459 121.14056529274377 15.005463526196445 15.018249198480573 15.142570661592972
 2766448 256 11634.296 11660.384 11740.314 120.64595342168872 121.47296143934882 121.74534462592321 15.08074417771109 15.184120179918603 15.218168078240401
 3043088 256 12946.101 12978.489 13055.916 119.33755211047622 120.04949543818238 120.34983011487398 14.917194013809528 15.006186929772797 15.043728764359248
 3347392 256 14212.84 14297.932 14584.045 117.51641633031164 119.86801336025376 120.58566085314405 14.689552041288955 14.98350167003172 15.073207606643006
 3682128 256 15639.376 15778.769 16015.891 117.71118672073878 119.48014043427594 120.54506113287384 14.713898340092348 14.935017554284492 15.06813264160923
 4050336 256 17456.36 17782.494 17945.703 115.55813845799186 116.6187393061963 118.79750600927112 14.444767307248982 14.577342413274538 14.84968825115889
 4455360 128 9800.746 10006.15 10028.733 113.73043434300226 113.98711392493617 116.37605545537045 14.216304292875282 14.248389240617021 14.547006931921306
 4900896 128 11196.608 11286.749 11305.369 110.9764197878017 111.15950004735642 112.05441648041979 13.872052473475213 13.894937505919552 14.006802060052474
 5390976 128 12612.776 12827.113 12835.682 107.51979178044452 107.5916190962066 109.41999255358218 13.439973972555565 13.448952387025825 13.677499069197772
 5930064 128 14449.399 14610.043 14713.239 103.17893864158667 103.90772867677391 105.06294303313237 12.897367330198334 12.98846608459674 13.132867879141546
 6523056 128 17087.738 17187.404 17384.259 96.05829825706118 97.15849676891287 97.72518375457301 12.007287282132648 12.144812096114109 12.215647969321626
 7175360 128 19820.015 20214.535 20356.436 90.23643234994573 90.86986962598942 92.67864630778534 11.279554043743216 11.358733703248678 11.584830788473168
 7892896 128 23649.605 24743.485 24942.744 81.00878459883965 81.66114740910588 85.43827163286659 10.126098074854957 10.207643426138235 10.679783954108323
 8682176 64 13832.334 14558.057 14723.801 75.47769275066948 76.33700898409725 80.34208312205301 9.434711593833685 9.542126123012157 10.042760390256626
 9550384 64 16257.971 16844.826 17958.923 68.06917942685094 72.57119497702143 75.19075732143943 8.508647428356367 9.07139937212768 9.39884466517993
 10505408 64 18923.195 20057.298 20176.694 66.64581541455702 67.04254102421973 71.06052778085308 8.330726926819628 8.380317628027466 8.882565972606635
 11555936 64 22204.962 23185.282 23289.595 63.511615723674026 63.79736110175412 66.61393106639858 7.938951965459253 7.974670137719265 8.326741383299822
 12711520 64 26568.259 27664.731 28472.956 57.144560613938374 58.81403871232292 61.24129398166437 7.143070076742297 7.351754839040365 7.655161747708046
 13982672 64 30451.394 32296.842 32711.605 54.71397737897606 55.416626058981244 58.775043796024576 6.839247172372008 6.9270782573726555 7.346880474503072
 15380928 64 35155.427 37802.755 37889.041 51.96116692423015 52.07976995327457 56.00156084009447 6.495145865528769 6.509971244159321 7.000195105011809
 16919008 32 21306.62 22202.174 22743.726 47.60945994512949 48.77074254079803 50.82066099644148 5.951182493141186 6.096342817599754 6.352582624555185
 18610896 32 23964.859 25410.256 25722.614 46.30545495881561 46.874669188692934 49.70182983342401 5.788181869851951 5.859333648586617 6.212728729178001
 20471984 32 26770.321 28844.251 28863.827 45.3926977874417 45.42350487797377 48.94252018868208 5.674087223430212 5.677938109746721 6.11781502358526
 22519168 32 30309.786 32393.353 32580.585 44.23575426899179 44.49143477058395 47.54988214037538 5.529469283623974 5.561429346322994 5.943735267546923
 24771072 32 33976.403 36746.552 36969.302 42.882838523702716 43.14278542378616 46.6602838446436 5.3603548154628395 5.39284817797327 5.83253548058045
 27248176 32 38473.475 40938.645 41409.854 42.11276050381632 42.59748372228734 45.32689766131081 5.26409506297704 5.324685465285918 5.665862207663851
 29972992 32 43390.755 45942.15 46336.026 41.39913699116105 41.75406436137621 44.20922125001052 5.174892123895131 5.219258045172026 5.526152656251315
 32970288 32 48999.028 51358.867 51806.212 40.73060643769902 41.08537737018226 43.06408755700215 5.091325804712377 5.135672171272782 5.383010944625269
 36267312 16 28909.599 30424.982 30793.63 37.688118744038945 38.14477142500857 40.14424357805863 4.711014843004868 4.768096428126071 5.0180304472573285
 39894032 16 32293.022 33751.48 34285.745 37.23439651085313 37.82379391955553 39.53203958427923 4.654299563856641 4.727974239944441 4.941504948034904
 43883424 16 36146.503 37504.049 38207.74 36.75353653474401 37.44314561875706 38.849389330967924 4.594192066843001 4.680393202344632 4.8561736663709905
 48271760 16 40228.73 41661.437 42345.69 36.478241823429954 37.077365334277836 38.3978395539705 4.559780227928744 4.6346706667847295 4.799729944246312
 53098928 16 44764.853 46113.738 46796.298 36.309831517014445 36.84727739919935 37.95758462559901 4.538728939626806 4.605909674899919 4.744698078199876
 58408816 16 49869.411 51322.319 51929.245 35.992861286544795 36.41850462758707 37.47953052824305 4.499107660818099 4.552313078448384 4.684941316030382
 64249696 16 55536.782 56825.909 57346.086 35.85232080180676 36.18050829596056 37.020334955669554 4.481540100225845 4.52256353699507 4.627541869458694
 70674656 8 34306.58 35299.918 35489.24 31.86302372211972 32.03391282665303 32.961446346444326 3.982877965264965 4.004239103331629 4.120180793305541
 77742112 8 37829.284 38521.34 38832.31 32.03192887572231 32.2905120123028 32.88124068116119 4.0039911094652885 4.03631400153785 4.1101550851451485
 85516320 8 42070.61 42776.727 42939.264 31.8650342958836 31.98611057830582 32.52296840953816 3.98312928698545 3.9982638222882274 4.06537105119227
 94067952 8 46484.741 47473.624 47624.939 31.60292199009431 31.70365152658242 32.378092243215896 3.9503652487617886 3.9629564408228024 4.047261530401987
 103474736 8 51461.923 52175.173 52215.169 31.707180264034 31.731486084387296 32.171276926437436 3.96339753300425 3.966435760548412 4.0214096158046795
 113822208 8 57019.374 57542.485 58056.709 31.368559454515406 31.648882178098496 31.93923749496092 3.9210699318144258 3.956110272262312 3.992404686870115
 125204416 8 63149.35 63719.135 64190.986 31.20797452776314 31.439074871308286 31.722743876223593 3.9009968159703927 3.9298843589135357 3.965342984527949
 137724848 4 41653.639 42066.572 42703.653 25.80104292248722 26.191789147924865 26.451441229420553 3.2251303653109025 3.273973643490608 3.306430153677569
 151497328 4 45991.518 46495.753 46590.835 26.01324110203219 26.066437164701902 26.352220511616945 3.2516551377540237 3.258304645587738 3.294027563952118
 166647056 4 50847.132 51327.913 51567.792 25.85288988134299 25.973712354133703 26.219304719094087 3.2316112351678736 3.246714044266713 3.277413089886761
 183311760 4 56102.264 56575.947 56686.135 25.87041928330446 25.920804825414585 26.139659533169638 3.2338024104130576 3.240100603176823 3.2674574416462048
 201642928 4 61999.698 62447.323 62586.242 25.774728957204363 25.83206687658973 26.01856905819122 3.2218411196505454 3.2290083595737165 3.2523211322739023
 221807216 4 68592.07 69079.892 69398.067 25.569267339967844 25.687036800810283 25.869721208297108 3.1961584174959805 3.2108796001012854 3.2337151510371385
 243987936 4 75674.558 76280.316 76324.503 25.573746454660828 25.58856059274846 25.793391327108907 3.1967183068326035 3.1985700740935576 3.2241739158886134
 268386720 4 83228.658 83873.889 83905.189 25.589522955487293 25.599072435999723 25.797529499995065 3.1986903694359117 3.1998840544999654 3.224691187499383
 295225392 2 60975.448 61523.357 61573.803 19.178636213196054 19.19436171208928 19.366837091545438 2.3973295266495067 2.39929521401116 2.4208546364431798
 324747920 2 67271.387 67734.352 67947.943 19.11745407804325 19.17773835054922 19.30972049082324 2.389681759755406 2.3972172938186525 2.413715061352905
 357222704 2 73941.792 74657.511 75325.445 18.969563551864844 19.139277439881436 19.324535926854463 2.3711954439831056 2.3924096799851795 2.415566990856808
 392944960 2 81676.21 82542.01 82582.722 19.032792840129442 19.0421803394417 19.244034952160487 2.3790991050161803 2.3802725424302125 2.405504369020061
 432239456 2 90025.111 90874.151 91362.111 18.924232431538275 19.025848439563415 19.20528400126049 2.3655290539422844 2.378231054945427 2.4006605001575614
 475463392 2 99142.082 99527.183 100410.229 18.94083488246999 19.108885740290667 19.183111042594405 2.3676043603087487 2.3886107175363334 2.3978888803243006
 523009728 2 109265.455 109636.491 110288.526 18.968781140478747 19.081593116656755 19.14638905773101 2.3710976425598433 2.3851991395820944 2.3932986322163763
 575310688 1 59550.23 59851.511 60169.481 19.12300649560198 19.224600294552296 19.321862837473507 2.3903758119502476 2.403075036819037 2.4152328546841884
 632841744 1 65318.342 65390.734 65506.582 19.32147044399294 19.355700885694297 19.377152714623406 2.4151838054991175 2.419462610711787 2.422144089327926
 696125904 1 71493.502 71679.646 71838.659 19.380258865912293 19.423251727554568 19.47382306156999 2.4225323582390366 2.427906465944321 2.434227882696249
 765738480 1 78191.876 78694.38 79115.447 19.357496141050685 19.46107155301306 19.58613910222591 2.4196870176313356 2.4326339441266325 2.448267387778239
 842312320 1 86033.328 86498.173 86818.859 19.403902094589842 19.475840720936382 19.581070256866038 2.4254877618237303 2.434480090117048 2.4476337821082548
 926543552 1 94548.023 95000.937 95789.637 19.345381839164922 19.505987651469162 19.59942730901946 2.4181727298956153 2.4382484564336453 2.4499284136274326
 1019197904 1 104019.21 104496.465 105422.766 19.335442289571496 19.50683985338643 19.596340022193978 2.416930286196437 2.438354981673304 2.4495425027742472
 
META_DATA
 FLOPS          2
 OPENMP_THREADS 2
 ERT_VERSION  1.1.0
 HOSTNAME  ('laptop', [], ['127.0.1.1'])
 UNAME  uname_result(system='Linux', node='laptop', release='6.8.0-84-generic', version='#84-Ubuntu SMP PREEMPT_DYNAMIC Fri Sep  5 22:36:38 UTC 2025', machine='x86_64')
 TIMESTAMP_DATA  1765913657.769928
 CONFIG  {'ERT_MPI': ['False'], 'ERT_OPENMP': ['True'], 'ERT_OPENMP_CFLAGS': ['-fopenmp'], 'ERT_OPENMP_LDFLAGS': ['-fopenmp'], 'ERT_PRECISION': ['FP64'], 'ERT_TRIALS_MIN': ['1'], 'ERT_TRIALS': ['3', '#', 'Run', 'each', 'test', '3', 'times', 'to', 'filter', 'out', 'background', 'noise'], 'ERT_RESULTS': ['Results/8250U'], 'ERT_GNUPLOT': ['gnuplot'], 'ERT_DRIVER': ['driver1'], 'ERT_KERNEL': ['kernel1'], 'ERT_CC': ['g++'], 'ERT_LD': ['g++'], 'ERT_CFLAGS': ['-O3', '-march=native', '-fopenmp', '-fstrict-aliasing', '-funroll-loops', '-Wno-all'], 'ERT_LDFLAGS': ['-O3', '-march=native', '-fopenmp'], 'ERT_LDLIBS': ['-lm'], 'ERT_RUN': ['export', 'OMP_NUM_THREADS=ERT_OPENMP_THREADS;', './ERT_CODE'], 'ERT_WORKING_SET_MIN': ['128'], 'ERT_MEMORY_MAX': ['1073741824'], 'ERT_ALIGN': ['64'], 'ERT_MIN_PROCS': ['1'], 'ERT_MAX_PROCS': ['1'], 'ERT_OPENMP_THREADS': ['1,2,4,8', '#', 'Logical', 'Threads'], 'ERT_NUM_EXPERIMENTS': ['4'], 'ERT_FLOPS': ['1,2,4,8'], 'ERT_GPU': [False], 'ERT_HIP': [False], 'ERT_OCL': [False], 'ERT_SYCL': [False], 'ERT_WSS_MULT': [1.1]}
 TIMESTAMP_DATA  1765913680.1679478
 TIMESTAMP_DATA  1765913702.3623114
 TIMESTAMP_DATA  1765913724.686916
 