fp64
 1024 1048576 5413.1 5886.192 6334.533 339.01214943548325 364.8341148233017 396.71974432395484 42.37651867943541 45.604264352912715 49.589968040494355
 1120 524288 2859.542 3037.008 3396.066 345.81339703056426 386.69806599126514 410.696929788057 43.22667462882053 48.33725824890814 51.337116223507124
 1232 524288 3210.533 3649.434 4259.384 303.2940049547071 353.98520208887186 402.3773099357646 37.911750619338385 44.24815026110898 50.29716374197057
 1352 524288 3527.884 3597.367 4467.834 317.30694381214704 394.08677290918604 401.8484598699957 39.66336797651838 49.260846613648255 50.23105748374946
 1480 524288 3774.467 3975.4 4789.125 324.0450980085089 390.37391960557426 411.15539757004103 40.50563725106361 48.79673995069678 51.39442469625513
 1624 524288 4235.642 4435.2 4518.709 376.8526417611756 383.9482828282829 402.0376188544736 47.10658022014695 47.993535353535364 50.2547023568092
 1784 524288 4613.401 4685.45 4935.976 378.98474060651836 399.2486493293067 405.48384673259494 47.373092575814795 49.90608116616334 50.68548084157437
 1960 524288 4922.867 4959.625 5104.917 402.59400103860645 414.3879748972957 417.4821216985955 50.324250129825806 51.79849686216196 52.18526521232444
 2152 262144 2517.35 2581.792 2966.15 380.3812268428771 437.0095561532455 448.1966258168312 47.547653355359635 54.62619451915569 56.0245782271039
 2360 262144 2886.217 3016.659 3263.425 379.1475765491776 410.1622622908323 428.6994636924389 47.3934470686472 51.27028278635404 53.58743296155486
 2592 262144 3003.366 3194.492 3247.567 418.4531053554861 425.40550923276686 452.4771526347438 52.306638169435764 53.17568865409586 56.559644079342974
 2848 262144 3264.892 3401.017 3550.525 420.5497001147718 439.03697746879834 457.3419959986426 52.56871251434647 54.87962218359979 57.16774949983032
 3128 262144 3709.292 4072.842 4199.066 390.5565818684441 402.66056576709826 442.12557652511583 48.81957273355551 50.33257072088728 55.26569706563948
 3440 262144 4168.267 4333.817 4373.875 412.34619645051583 416.15756272126856 432.68598676620286 51.54327455631448 52.01969534015857 54.08574834577536
 3784 262144 4414.759 4725.692 4834.133 410.39536810427023 419.812758004542 449.38031543737725 51.29942101303378 52.47659475056775 56.172539429672156
 4160 131072 2452.45 2521.108 2571.525 424.0748349714663 432.5554637088137 444.66514709780023 53.00935437143329 54.06943296360171 55.58314338722503
 4576 131072 2646.051 2963.583 7144.408 167.90347695708306 404.77049031527037 453.34384862574456 20.987934619635382 50.596311289408796 56.66798107821807
 5032 131072 2803.259 3149.025 3170.567 416.048173087022 418.89429521836126 470.5625159858579 52.00602163587775 52.36178690229516 58.820314498232236
 5528 131072 3242.891 3550.8 3586.825 404.01525917768504 408.1142367917089 446.8642430473303 50.50190739721063 51.01427959896361 55.85803038091629
 6080 131072 3599.292 3743.942 4720.65 337.63052122059463 425.71052649854084 442.81917666029875 42.20381515257433 53.213815812317605 55.352397082537344
 6688 131072 3882.083 4011.058 4182.108 419.2189852581521 437.09641496084083 451.61813181222556 52.40237315726901 54.637051870105104 56.452266476528195
 7352 131072 4181.284 4423.925 4864.658 396.18051012013586 435.6499461451087 460.93082603334295 49.52256376501698 54.456243268138586 57.61635325416787
 8080 131072 4728.075 4860.992 5469.75 387.2432048996755 435.73894382052055 447.9885619411706 48.40540061245944 54.46736797756507 55.99857024264632
 8888 65536 2665.483 2759.258 2830.575 411.5658253181775 422.20333727400634 437.05697466462925 51.445728164772184 52.77541715925079 54.632121833078656
 9776 65536 2711.959 2995.484 4925.525 260.1468619081214 427.763884567569 472.48497193357275 32.51835773851518 53.470485570946124 59.060621491696594
 10752 65536 3150.767 3237.575 4438.959 317.4812256657473 435.29065550605003 447.28351668022424 39.68515320821841 54.411331938256254 55.91043958502803
 11824 65536 3445.659 3661.809 3843.95 403.1778061629314 423.23215874995117 449.78198016692886 50.397225770366425 52.904019843743896 56.22274752086611
 13000 65536 3850.275 3924.892 4006.292 425.314979537188 434.1357673026417 442.5491685658816 53.1643724421485 54.26697091283021 55.3186460707352
 14296 65536 4142.875 4282.025 4327.675 432.98198501504845 437.5979383586037 452.29588437980874 54.122748126881056 54.69974229482546 56.53698554747609
 15720 65536 4395.417 4491.759 4814.883 427.93393733554893 458.7182526934326 468.7727785554817 53.49174216694362 57.339781586679074 58.59659731943521
 17288 32768 2605.35 2620.292 2878.7 393.5757001424255 432.38935507951027 434.8691607653483 49.196962517803186 54.04866938493878 54.358645095668535
 19016 32768 2813.892 2895.567 2954.325 421.8332702055461 430.3932791056121 442.88571700690716 52.729158775693264 53.799159888201515 55.360714625863395
 20912 32768 3143.525 3218.692 3482.233 393.56609164291984 425.79061059585695 435.971984316969 49.19576145536498 53.22382632448212 54.49649803962112
 23000 32768 3312.375 3451.983 3876.767 388.81057334629605 436.6556845731859 455.0595871542322 48.60132166828701 54.58196057164824 56.882448394279024
 25296 32768 3810.308 3886.758 4153.509 399.1320726643424 426.524794185797 435.08258544978514 49.8915090830428 53.31559927322463 54.38532318122314
 27824 32768 3918.933 4117.758 4364.525 417.79429926509766 442.8316729637827 465.2985044653736 52.22428740813721 55.35395912047284 58.1623130581717
 30600 32768 4526.958 4625.684 4812.041 416.746573855044 433.5362294527684 442.99098865065685 52.0933217318805 54.19202868159605 55.373873581332106
 33656 16384 2680.883 2885.117 3135.366 351.74196824230404 382.25132914886984 411.3718532289548 43.967746030288005 47.78141614360873 51.42148165361935
 37016 16384 3325.208 3904.633 3969.35 305.57655233224585 310.64130431720474 364.7712528058395 38.19706904153073 38.83016303965059 45.596406600729935
 40712 16384 4071.742 4229.866 4328.5 308.20164398752456 315.38843452724035 327.6363816764421 38.52520549844057 39.423554315905044 40.954547709555264
 44776 16384 4316.4 4546.392 5090.525 288.2256678829787 322.721834808789 339.9175164488926 36.02820848537234 40.34022935109863 42.48968955611158
 49248 16384 4618.809 4687.375 4918.467 328.101919561522 344.2776530574149 349.3884384480934 41.01273994519025 43.034706632176864 43.67355480601167
 54168 16384 4933.408 5269.733 5321.617 333.54091885981273 336.8248493804145 359.78719457219023 41.69261485747659 42.10310617255181 44.97339932152378
 59584 16384 5373.5 5609.909 6183.65 315.7436970074309 348.03568328826725 363.347634130455 39.467962125928864 43.504460411033406 45.418454266306874
 65536 16384 5785.908 6041.566 6404.658 335.30028426186067 355.4514918814096 371.15758632871456 41.91253553273258 44.4314364851762 46.39469829108932
 72088 8192 3212.458 3244.542 3340.884 353.52613020984865 364.0235792910063 367.65921671193837 44.19076627623108 45.502947411375786 45.957402088992296
 79296 8192 3512.667 3616.159 3679.042 353.1315119533835 359.2722731494936 369.85733745897346 44.14143899417294 44.9090341436867 46.23216718237168
 87224 8192 3864.484 4101.992 4904.35 291.3898918307217 348.3863488763508 369.79788660012565 36.42373647884021 43.54829360954385 46.224735825015706
 95944 8192 4322.175 4356.183 4701.126 334.376593182144 360.85410002288705 363.69339418232715 41.797074147768 45.10676250286088 45.461674272790894
 105536 8192 4656.3 4736.326 5180.358 333.78037270783216 365.0723839533005 371.34673968601675 41.72254658847902 45.634047994162565 46.41834246075209
 116088 8192 5045.059 5137.276 6253.225 304.16077975764506 370.232355045748 376.999712391867 38.02009746970563 46.2790443807185 47.12496404898337
 127696 8192 5606.334 5646.575 5676.092 368.5936140569956 370.5204064410727 373.1799182852823 46.07420175712445 46.315050805134085 46.64748978566029
 140464 4096 3038.2 3054.15 3526.417 326.3031819549418 376.7598474207226 378.7377684155092 40.787897744367726 47.09498092759033 47.34222105193865
 154504 4096 3410.091 3490.575 3723.775 339.896145175259 362.6040890111228 371.162167813117 42.487018146907374 45.32551112639035 46.39527097663962
 169952 4096 3720.842 3754.942 4618.166 301.4717929151962 370.7771741880434 374.1751958293311 37.683974114399525 46.34714677350542 46.771899478666384
 186944 4096 4128.484 4171.383 5841.551 262.1641492131114 367.13129626313383 370.9461506935718 32.77051865163892 45.89141203289173 46.36826883669647
 205632 4096 4537.684 4717.992 4784.542 352.0791214707698 357.04540067045474 371.23284565430293 44.009890183846224 44.63067508380684 46.40410570678787
 226192 4096 4942.025 5006.1 5148.55 359.9003338804129 370.1414002916442 374.94040681704365 44.987541735051614 46.26767503645552 46.86755085213046
 248808 4096 5401.55 5435.833 5834.767 349.3258832786296 374.96279521464334 377.34263979783583 43.6657354098287 46.87034940183042 47.16782997472948
 273688 2048 2986.775 3037.65 3077.525 364.2622068057936 369.0438490280315 375.3299287693248 45.5327758507242 46.13048112850394 46.9162410961656
 301056 2048 3361.6 3445.109 3640.817 338.694687483606 357.935083040914 366.826920514041 42.33683593545075 44.74188538011425 45.85336506425512
 331160 2048 3589.3 3711.034 4859.25 279.1441806863199 365.5130510795643 377.9097205583261 34.893022585789986 45.68913138494554 47.238715069790764
 364272 2048 4014.45 4088.792 4098.142 364.08160380972646 364.91416340082844 371.67186339349104 45.51020047621581 45.614270425103555 46.45898292418638
 400696 2048 4288.9 4611.383 4728.9 347.06820106155766 355.9129259053086 382.6740693417892 43.38352513269471 44.48911573816358 47.83425866772365
 440760 2048 4846.6 4897.2 4988.317 361.9162454992335 368.65003675569716 372.49885693063175 45.23953068740419 46.081254594462145 46.56235711632897
 484832 2048 5246.634 5290.542 5350.583 371.1505591072973 375.36265131247416 378.5039840781728 46.39381988841216 46.92033141405927 47.3129980097716
 533312 1024 2971.466 3130.508 3232.167 337.9228164881332 348.8964014786099 367.57041002656604 42.24035206101665 43.61205018482624 45.946301253320755
 586640 1024 3291.842 3337.308 3365.541 356.98234548323734 360.00234919881535 364.9746008465777 44.62279318540467 45.00029364985192 45.62182510582221
 645304 1024 3702.692 3839.092 3907.933 338.1794396168 344.2435325853092 356.9247974176626 42.2724299521 43.03044157316365 44.615599677207825
 709832 1024 4086.592 4129.858 4248.567 342.1708863247302 352.00627624484906 355.7330744052746 42.771360790591274 44.00078453060613 44.46663430065932
 780808 1024 4497.442 4567.842 4788.117 333.971534947872 350.07664100465826 355.55651056756267 41.746441868484 43.75958012558228 44.44456382094533
 858888 1024 4945.05 5078.883 7197.484 244.3913211894601 346.33651218191085 355.70977522977523 30.54891514868251 43.292064022738856 44.463721903721904
 944776 1024 5318.5 5392.567 5517.784 350.66636316318295 358.8089397869327 363.8058189339099 43.83329539539787 44.851117473366585 45.47572736673874
 1039248 1024 5889.492 6013.15 6891.775 308.82898875833877 353.9542343031523 361.3859911856574 38.603623594792346 44.24427928789404 45.17324889820718
 1143168 512 3330.708 3337.584 3740.366 312.96510341501335 350.7339536622899 351.4580179349255 39.12063792687667 43.841744207786235 43.93225224186569
 1257480 512 3713.875 3754.392 4005.375 321.4828873700964 342.97418063963494 346.715901854532 40.18536092126205 42.87177257995437 43.3394877318165
 1383224 512 4018.391 4182.933 4250.767 333.21548228825526 338.6191880195069 352.4847074363843 41.65193528603191 42.32739850243836 44.06058842954804
 1521544 512 4509.359 4691.042 4986.85 312.43391238958463 332.13538825702267 345.5171912460286 39.05423904869808 41.516923532127834 43.18964890575357
 1673696 512 4800.308 4964.209 6062.651 282.6922915404499 345.24426832149896 357.03223709811954 35.33653644255624 43.15553354018737 44.62902963726494
 1841064 512 5292.65 5349.484 5406.959 348.67095089864745 352.4170809745388 356.2014370872814 43.58386886233093 44.05213512181735 44.52517963591018
 2025168 512 5724.217 5747.958 6003.801 345.4098548569481 360.7841309905187 362.28047119806956 43.17623185711851 45.098016373814836 45.285058899758695
 2227680 256 3161.491 3186.975 3238.767 352.16246182575037 357.88550584802204 360.77033273224566 44.020307728218796 44.735688231002754 45.09629159153071
 2450448 256 3527.425 3560.425 3945.517 317.9885870470207 352.3819139569012 355.6785405784673 39.74857338087759 44.04773924461265 44.45981757230841
 2695488 256 3840.834 3923.242 4128.025 334.32206830142746 351.7728083049681 359.32036010928874 41.79025853767843 43.971601038121015 44.91504501366109
 2965032 256 4208.508 4317.042 4520.083 335.8558645936369 351.6519839278839 360.7208027167823 41.981983074204614 43.95649799098549 45.09010033959779
 3261528 256 4719.091 4736.876 4904.901 340.4558697514996 352.53241503471907 353.86101603041766 42.55698371893745 44.06655187933988 44.23262700380221
 3587680 256 5087.042 5133.517 5322.808 345.0983315573284 357.82333242492433 361.0923912167425 43.13729144466605 44.72791655311554 45.13654890209281
 3946448 256 5613.117 5698.641 5754.375 351.138286260454 354.57249825002134 359.9749258745186 43.89228578255675 44.32156228125267 44.996865734314824
 4341088 128 3092.375 3145.817 3482.142 319.1479635236013 353.2686510372345 359.37379134160636 39.89349544045016 44.158581379654315 44.921723917700795
 4775192 128 3535.858 3629.634 3869.342 315.9320504623267 336.7968098160861 345.72914183770956 39.491506307790836 42.099601227010766 43.216142729713695
 5252704 128 3866.592 3894.825 4091.45 328.6590876095272 345.25099946724185 347.7719459410251 41.0823859511909 43.15637493340523 43.471493242628135
 5777968 128 4219.875 4236.742 4256.267 347.52514539148973 349.12671293177635 350.5221856097633 43.440643173936216 43.640839116472044 43.815273201220414
 6355760 128 4640.35 4653.641 5312.908 306.2493384037517 349.63473976613153 350.63617184048616 38.281167300468965 43.70434247076644 43.82952148006077
 6991336 128 5029.842 6037.625 7708.892 232.17111045270838 296.43808881803693 355.8326516021776 29.021388806588547 37.054761102254616 44.4790814502722
 7690464 128 5493.217 5641.716 5741.633 342.8917842711299 348.9645320679027 358.39814520343907 42.86147303389124 43.62056650848784 44.799768150429884
 8459504 64 3086.05 3106.951 3312.467 326.89126019972423 348.5141902785077 350.8745846632426 40.86140752496553 43.564273784813466 43.85932308290533
 9305448 64 3460.783 3562.808 3908.942 304.710927918603 334.31421058895114 344.16990143559997 38.08886598982537 41.78927632361889 43.021237679449996
 10235992 64 3829.926 3846.059 5711.108 229.41379781296376 340.6622144902093 342.09720396686515 28.67672472662047 42.58277681127616 42.762150495858144
 11259584 64 4234.175 4329.875 5603.4 257.20575936038836 332.8564339617194 340.3795903570352 32.150719920048545 41.607054245214925 42.5474487946294
 12385536 64 4656.3 4878.592 6101.15 259.8442273997525 324.96027706354624 340.47389730043164 32.480528424969066 40.62003463294328 42.559237162553956
 13624088 64 5050.65 5296.5 6024.425 289.4688312992526 329.25200868498064 345.27897676536685 36.183603912406575 41.15650108562258 43.159872095670856
 14986496 64 5607.25 5705.334 6302.816 304.3514974893762 336.224222455688 342.1055754603415 38.04393718617202 42.028027806961 42.76319693254269
 16485144 64 6081.167 6148.542 6511.084 324.07790039262284 343.1867964795556 346.98906180343346 40.509737549077855 42.89834955994445 43.37363272542918
 18133656 32 3457.942 4270.75 4454.084 260.55951885954556 271.7447717614002 335.6198525018639 32.569939857443195 33.96809647017503 41.952481562732984
 19947016 32 3830.383 4107.492 4596.167 277.75514336184915 310.80012426074114 333.28495453326735 34.719392920231144 38.85001553259264 41.66061931665842
 21941712 32 4221.433 4527.692 5463.517 257.02666762087495 310.1513018111656 332.6523405677645 32.12833345260937 38.7689127263957 41.58154257097056
 24135880 32 4714.417 4824.142 5262.309 293.5396458094726 320.201254440686 327.6537310976097 36.69245572618407 40.02515680508575 40.95671638720121
 26549464 32 5129.942 5310.158 5337.108 318.36824287610443 319.98401855462674 331.2251280813701 39.796030359513054 39.99800231932834 41.40314101017126
 29204408 32 5500.55 5613.025 5827.8 320.7183005593878 332.99016341455814 339.79913135959134 40.08978756992347 41.62377042681977 42.47489141994892
 32124848 32 6021.492 6105.092 6487.8 316.9009944819507 336.7664683840964 341.44200008901447 39.61262431024384 42.09580854801205 42.68025001112681
 35337328 16 3535.216 3601.4 3810.309 296.772386701446 313.98747598156274 319.86574398848614 37.09654833768075 39.24843449769534 39.98321799856077
 38871056 16 3935.8 3965.042 4217.766 294.9129449096987 313.71011757252506 316.0409045175059 36.86411811371234 39.21376469656563 39.50511306468824
 42758160 16 4353.8 4399.084 4668.125 293.1072154237515 311.03318781819127 314.26825302035 36.638401927968935 38.87914847727391 39.28353162754375
 47033976 16 4752.184 4792.883 4979.242 302.27236033115076 314.0254481488491 316.71484774158574 37.784045041393846 39.253181018606135 39.58935596769822
 51737368 16 5287.15 5323.817 5605.508 295.3516034585982 310.9790918808817 313.13576804138336 36.91895043232478 38.87238648511021 39.14197100517292
 56911104 16 5798.009 5979.784 6124.709 297.3456090730188 304.55202529054566 314.10012092081956 37.16820113412735 38.06900316131821 39.262515115102445
 62602208 16 6398.792 6421.708 6752.992 296.64934535684336 311.9529346398186 313.07013198741265 37.08116816960542 38.99411682997732 39.13376649842658
 68862424 8 4060.559 4298.251 4458.85 247.1038012043464 256.3365387456433 271.34165123570426 30.8879751505433 32.04206734320541 33.91770640446303
 75748664 8 4645.575 4764.65 5043.408 240.30945424205217 254.36886738795084 260.8888294775135 30.03868178025652 31.796108423493855 32.61110368468919
 83323528 8 5624.483 5826.517 9340.1 142.73684949839935 228.8119039213307 237.03093208744693 17.84210618729992 28.601487990166337 29.628866510930866
 91655880 8 6613.475 7043.208 8186.475 179.13620697552975 208.21393887558057 221.74334672770362 22.392025871941218 26.02674235944757 27.717918340962953
 100821464 8 8245.05 8602.55 8688.992 185.65368963396446 187.51921511644807 195.64992619814316 23.206711204245558 23.43990188955601 24.456240774767895
 110903608 8 9612.442 10387.392 11557.242 153.5364343846049 170.82803152129043 184.6000972489613 19.19205429807561 21.353503940161303 23.075012156120163
 121993968 8 11883.942 12286.175 13502.775 144.55572932230598 158.86990768078755 164.2471402166049 18.069466165288247 19.858738460098444 20.53089252707561
 134193360 8 13944.975 14019.684 15413.659 139.29812252885574 153.14851319045425 153.96899313193464 17.412265316106968 19.14356414880678 19.24612414149183
 147612696 4 10186.092 10249.342 11211.567 105.32885973923182 115.21730546214576 115.93274123186791 13.166107467403977 14.40216318276822 14.491592653983489
 162373960 4 11354.475 11930.142 12061.684 107.69571479405364 108.88317004106071 114.40349994165295 13.461964349256705 13.610396255132589 14.30043749270662
 178611352 4 13311.651 13672.817 14041.133 101.76463793911789 104.50595630732131 107.34136704755858 12.720579742389736 13.063244538415164 13.417670880944822
 196472480 4 15480.942 15589.292 15782.251 99.59161338898994 100.82432479935588 101.52998699949913 12.448951673623743 12.603040599919485 12.691248374937391
 216119728 4 17276.6 17507.509 17952.825 96.30561340624665 98.7552154906789 100.07512033617726 12.038201675780831 12.344401936334863 12.509390042022158
 237731696 4 19970.317 20301.326 20911.459 90.94791367737659 93.6812486041552 95.23401997073958 11.368489209672074 11.7101560755194 11.904252496342448
 261504864 4 22479.325 23053.159 26635.859 78.54219801959457 90.7484701771241 93.06502361614506 9.81777475244932 11.343558772140513 11.633127952018132
 287655344 2 17206.842 18463.592 18593.85 61.881825227158444 62.318392650790805 66.86999136738746 7.7352281533948055 7.789799081348851 8.358748920923432
 316420872 2 19275.575 20517.383 22126.225 57.2028661915894 61.68834924025155 65.66255419099042 7.150358273948675 7.711043655031443 8.207819273873803
 348062952 2 23190.109 23479.775 28071.084 49.59736531727809 59.29579001502356 60.036449505261054 6.199670664659761 7.411973751877945 7.504556188157632
 382869240 2 25114.468 25968.892 26353.434 58.11299430654843 58.973519547926806 60.979868655788366 7.264124288318554 7.371689943490851 7.622483581973546
 421156160 2 26574.534 27797.551 29082.718 57.925281949231845 60.6033473956033 63.39244330681396 7.240660243653981 7.575418424450413 7.924055413351745
 463271776 2 31510.234 31620.051 32336.242 57.306817038294064 58.60481072595361 58.80905562300808 7.163352129786758 7.3256013407442016 7.35113195287601
 509598952 2 33406.726 35587.385 37119.959 54.913740826060724 57.27860611281217 61.01752706924947 6.864217603257591 7.159825764101521 7.6271908836561835
 560558840 1 19606.217 20053.184 20207.275 55.48089388598908 55.907215532456085 57.181743933569635 6.935111735748635 6.988401941557011 7.147717991696204
 616614720 1 21976.167 22226.326 22691.533 54.34755950600605 55.4850783705773 56.11667585161688 6.793444938250756 6.935634796322162 7.01458448145211
 678276192 1 24167.551 24350.517 24910.876 54.456229640418904 55.70938736126219 56.13114808364323 6.807028705052363 6.9636734201577735 7.016393510455404
 746103808 1 26525.309 26701.309 26941.567 55.38681606752866 55.88518585362238 56.25599370020534 6.923352008441083 6.985648231702798 7.031999212525667
 820714184 1 29144.501 29227.826 29564.518 55.520214062004996 56.1597830779477 56.32034557736981 6.9400267577506245 7.019972884743463 7.040043197171226
 902785600 1 31834.551 32060.968 32354.392 55.806061816893354 56.31680241220414 56.71734462345644 6.975757727111669 7.0396003015255175 7.089668077932055
 993064160 1 34974.592 35401.484 36514.134 54.3934116032986 56.10296788688294 56.78774808866962 6.799176450412325 7.012870985860367 7.098468511083703
 
META_DATA
 FLOPS          2
 OPENMP_THREADS 1
 ERT_VERSION  1.1.0
 HOSTNAME  ('DESKTOP-1DMF7BU.localdomain', ['DESKTOP-1DMF7BU'], ['127.0.1.1'])
 UNAME  uname_result(system='Linux', node='DESKTOP-1DMF7BU', release='6.6.87.2-microsoft-standard-WSL2', version='#1 SMP PREEMPT_DYNAMIC Thu Jun  5 18:30:46 UTC 2025', machine='x86_64')
 TIMESTAMP_DATA  1765959429.3334062
 CONFIG  {'ERT_MPI': ['False'], 'ERT_OPENMP': ['True'], 'ERT_OPENMP_CFLAGS': ['-fopenmp'], 'ERT_OPENMP_LDFLAGS': ['-fopenmp'], 'ERT_PRECISION': ['FP64'], 'ERT_TRIALS_MIN': ['1'], 'ERT_TRIALS': ['3', '#', 'Run', 'each', 'test', '3', 'times', 'to', 'filter', 'out', 'background', 'noise'], 'ERT_RESULTS': ['Results/7800X3D'], 'ERT_GNUPLOT': ['gnuplot'], 'ERT_DRIVER': ['driver1'], 'ERT_KERNEL': ['kernel1'], 'ERT_CC': ['g++'], 'ERT_LD': ['g++'], 'ERT_CFLAGS': ['-O3', '-march=native', '-fopenmp', '-fstrict-aliasing', '-funroll-loops', '-Wno-all'], 'ERT_LDFLAGS': ['-O3', '-march=native', '-fopenmp'], 'ERT_LDLIBS': ['-lm'], 'ERT_RUN': ['export', 'OMP_NUM_THREADS=ERT_OPENMP_THREADS;', './ERT_CODE'], 'ERT_WORKING_SET_MIN': ['128'], 'ERT_MEMORY_MAX': ['1073741824'], 'ERT_ALIGN': ['64'], 'ERT_MIN_PROCS': ['1'], 'ERT_MAX_PROCS': ['1'], 'ERT_OPENMP_THREADS': ['1,2,4,8,16', '#', 'Logical', 'Threads'], 'ERT_NUM_EXPERIMENTS': ['5'], 'ERT_FLOPS': ['1,2,4,8,16', '#', '16', 'for', 'AVX-51'], 'ERT_GPU': [False], 'ERT_HIP': [False], 'ERT_OCL': [False], 'ERT_SYCL': [False], 'ERT_WSS_MULT': [1.1]}
 TIMESTAMP_DATA  1765959437.219945
 TIMESTAMP_DATA  1765959445.094204
 TIMESTAMP_DATA  1765959455.938731
 TIMESTAMP_DATA  1765959463.8463352
 