fp64
        2048            1           2.084         4096         2048
        2048            2           0.441         8192         4096
        2048            4           0.521        16384         8192
        2048            8           0.601        32768        16384
        2048           16           0.691        65536        32768
        2048           32           1.012       131072        65536
        2048           64           1.623       262144       131072
        2048          128           2.845       524288       262144
        2048          256           5.320      1048576       524288
        2048          512          10.540      2097152      1048576
        2048         1024          20.368      4194304      2097152
        2048         2048          39.854      8388608      4194304
        2048         4096          79.016     16777216      8388608
        2048         8192         167.531     33554432     16777216
        2048        16384         315.296     67108864     33554432
        2048        32768         635.781    134217728     67108864
        2048        65536        1268.446    268435456    134217728
        2048       131072        2526.252    536870912    268435456
        2048       262144        5052.995   1073741824    536870912
        2048       524288       10108.876   2147483648   1073741824
        2240            1           1.362         4480         2240
        2240            2           0.451         8960         4480
        2240            4           0.501        17920         8960
        2240            8           0.571        35840        17920
        2240           16           0.741        71680        35840
        2240           32           1.072       143360        71680
        2240           64           2.034       286720       143360
        2240          128           3.096       573440       286720
        2240          256           5.841      1146880       573440
        2240          512          11.191      2293760      1146880
        2240         1024          22.302      4587520      2293760
        2240         2048          43.902      9175040      4587520
        2240         4096          87.092     18350080      9175040
        2240         8192         173.522     36700160     18350080
        2240        16384         346.313     73400320     36700160
        2240        32768         694.730    146800640     73400320
        2240        65536        1391.254    293601280    146800640
        2240       131072        2777.419    587202560    293601280
        2240       262144        5559.385   1174405120    587202560
        2464            1           1.233         4928         2464
        2464            2           0.451         9856         4928
        2464            4           0.702        19712         9856
        2464            8           0.591        39424        19712
        2464           16           0.791        78848        39424
        2464           32           1.192       157696        78848
        2464           64           2.104       315392       157696
        2464          128           3.406       630784       315392
        2464          256           6.723      1261568       630784
        2464          512          12.724      2523136      1261568
        2464         1024          24.756      5046272      2523136
        2464         2048          48.841     10092544      5046272
        2464         4096          97.021     20185088     10092544
        2464         8192         193.159     40370176     20185088
        2464        16384         385.896     80740352     40370176
        2464        32768         777.945    161480704     80740352
        2464        65536        1550.540    322961408    161480704
        2464       131072        3097.072    645922816    322961408
        2464       262144        6204.844   1291845632    645922816
        2704            1           0.982         5408         2704
        2704            2           0.481        10816         5408
        2704            4           0.591        21632        10816
        2704            8           0.601        43264        21632
        2704           16           0.802        86528        43264
        2704           32           1.202       173056        86528
        2704           64           2.324       346112       173056
        2704          128           3.696       692224       346112
        2704          256           7.313      1384448       692224
        2704          512          13.956      2768896      1384448
        2704         1024          26.900      5537792      2768896
        2704         2048          53.760     11075584      5537792
        2704         4096         106.759     22151168     11075584
        2704         8192         212.955     44302336     22151168
        2704        16384         424.789     88604672     44302336
        2704        32768         856.401    177209344     88604672
        2704        65536        1705.909    354418688    177209344
        2704       131072        3412.038    708837376    354418688
        2704       262144        6818.755   1417674752    708837376
        2960            1           0.982         5920         2960
        2960            2           0.571        11840         5920
        2960            4           0.501        23680        11840
        2960            8           0.641        47360        23680
        2960           16           1.092        94720        47360
        2960           32           1.282       189440        94720
        2960           64           2.194       378880       189440
        2960          128           4.288       757760       378880
        2960          256           7.694      1515520       757760
        2960          512          15.168      3031040      1515520
        2960         1024          29.626      6062080      3031040
        2960         2048          60.853     12124160      6062080
        2960         4096         131.294     24248320     12124160
        2960         8192         232.762     48496640     24248320
        2960        16384         464.773     96993280     48496640
        2960        32768         931.020    193986560     96993280
        2960        65536        1874.472    387973120    193986560
        2960       131072        3764.462    775946240    387973120
        2960       262144        7476.286   1551892480    775946240
        3248            1           1.113         6496         3248
        3248            2           0.481        12992         6496
        3248            4           0.631        25984        12992
        3248            8           0.691        51968        25984
        3248           16           0.892       103936        51968
        3248           32           1.674       207872       103936
        3248           64           2.394       415744       207872
        3248          128           4.688       831488       415744
        3248          256           8.746      1662976       831488
        3248          512          16.461      3325952      1662976
        3248         1024          32.551      6651904      3325952
        3248         2048          64.760     13303808      6651904
        3248         4096         129.610     26607616     13303808
        3248         8192         259.171     53215232     26607616
        3248        16384         521.088    106430464     53215232
        3248        32768        1040.593    212860928    106430464
        3248        65536        2099.179    425721856    212860928
        3248       131072        4158.794    851443712    425721856
        3248       262144        8309.673   1702887424    851443712
        3568            1           1.152         7136         3568
        3568            2           0.491        14272         7136
        3568            4           0.631        28544        14272
        3568            8           0.701        57088        28544
        3568           16           1.072       114176        57088
        3568           32           1.493       228352       114176
        3568           64           2.615       456704       228352
        3568          128           4.799       913408       456704
        3568          256           9.527      1826816       913408
        3568          512          18.374      3653632      1826816
        3568         1024          36.037      7307264      3653632
        3568         2048          71.433     14614528      7307264
        3568         4096         142.184     29229056     14614528
        3568         8192         283.407     58458112     29229056
        3568        16384         570.359    116916224     58458112
        3568        32768        1138.755    233832448    116916224
        3568        65536        2272.892    467664896    233832448
        3568       131072        4561.582    935329792    467664896
        3568       262144        9099.471   1870659584    935329792
        3920            1           1.433         7840         3920
        3920            2           0.741        15680         7840
        3920            4           0.611        31360        15680
        3920            8           0.791        62720        31360
        3920           16           0.981       125440        62720
        3920           32           1.863       250880       125440
        3920           64           2.786       501760       250880
        3920          128           5.490      1003520       501760
        3920          256          10.280      2007040      1003520
        3920          512          19.857      4014080      2007040
        3920         1024          38.722      8028160      4014080
        3920         2048          77.013     16056320      8028160
        3920         4096         157.132     32112640     16056320
        3920         8192         305.638     64225280     32112640
        3920        16384         615.383    128450560     64225280
        3920        32768        1225.797    256901120    128450560
        3920        65536        2456.553    513802240    256901120
        3920       131072        4899.030   1027604480    513802240
        3920       262144        9803.619   2055208960   1027604480
        4304            1           1.443         8608         4304
        4304            2           0.480        17216         8608
        4304            4           0.681        34432        17216
        4304            8           0.811        68864        34432
        4304           16           1.042       137728        68864
        4304           32           1.703       275456       137728
        4304           64           3.286       550912       275456
        4304          128           5.921      1101824       550912
        4304          256          11.191      2203648      1101824
        4304          512          21.780      4407296      2203648
        4304         1024          42.669      8814592      4407296
        4304         2048          84.717     17629184      8814592
        4304         4096         178.922     35258368     17629184
        4304         8192         337.126     70516736     35258368
        4304        16384         676.025    141033472     70516736
        4304        32768        1353.023    282066944    141033472
        4304        65536        2710.044    564133888    282066944
        4304       131072        5416.430   1128267776    564133888
        4720            1           1.272         9440         4720
        4720            2           0.511        18880         9440
        4720            4           0.761        37760        18880
        4720            8           0.872        75520        37760
        4720           16           1.162       151040        75520
        4720           32           1.843       302080       151040
        4720           64           3.316       604160       302080
        4720          128           6.432      1208320       604160
        4720          256          12.223      2416640      1208320
        4720          512          23.774      4833280      2416640
        4720         1024          46.877      9666560      4833280
        4720         2048          93.133     19333120      9666560
        4720         4096         196.184     38666240     19333120
        4720         8192         370.888     77332480     38666240
        4720        16384         747.148    154664960     77332480
        4720        32768        1491.721    309329920    154664960
        4720        65536        3011.854    618659840    309329920
        4720       131072        5949.089   1237319680    618659840
        5184            1           1.112        10368         5184
        5184            2           0.491        20736        10368
        5184            4           0.592        41472        20736
        5184            8           0.942        82944        41472
        5184           16           1.162       165888        82944
        5184           32           1.984       331776       165888
        5184           64           3.516       663552       331776
        5184          128           6.893      1327104       663552
        5184          256          13.184      2654208      1327104
        5184          512          25.387      5308416      2654208
        5184         1024          50.614     10616832      5308416
        5184         2048         100.647     21233664     10616832
        5184         4096         212.244     42467328     21233664
        5184         8192         400.624     84934656     42467328
        5184        16384         806.278    169869312     84934656
        5184        32768        1605.271    339738624    169869312
        5184        65536        3219.450    679477248    339738624
        5184       131072        6430.493   1358954496    679477248
        5696            1           1.011        11392         5696
        5696            2           0.551        22784        11392
        5696            4           0.651        45568        22784
        5696            8           0.852        91136        45568
        5696           16           1.243       182272        91136
        5696           32           2.114       364544       182272
        5696           64           4.098       729088       364544
        5696          128           7.534      1458176       729088
        5696          256          14.397      2916352      1458176
        5696          512          28.122      5832704      2916352
        5696         1024          55.343     11665408      5832704
        5696         2048         110.496     23330816     11665408
        5696         4096         220.239     46661632     23330816
        5696         8192         449.906     93323264     46661632
        5696        16384         884.573    186646528     93323264
        5696        32768        1768.254    373293056    186646528
        5696        65536        3529.525    746586112    373293056
        5696       131072        7066.855   1493172224    746586112
        6256            1           1.183        12512         6256
        6256            2           0.511        25024        12512
        6256            4           0.721        50048        25024
        6256            8           0.872       100096        50048
        6256           16           1.332       200192       100096
        6256           32           2.294       400384       200192
        6256           64           4.458       800768       400384
        6256          128           8.265      1601536       800768
        6256          256          15.920      3203072      1601536
        6256          512          31.208      6406144      3203072
        6256         1024          61.775     12812288      6406144
        6256         2048         122.808     25624576     12812288
        6256         4096         255.975     51249152     25624576
        6256         8192         488.858    102498304     51249152
        6256        16384         983.206    204996608    102498304
        6256        32768        1988.984    409993216    204996608
        6256        65536        3924.118    819986432    409993216
        6256       131072        7855.149   1639972864    819986432
        6880            1           1.233        13760         6880
        6880            2           0.752        27520        13760
        6880            4           0.752        55040        27520
        6880            8           1.042       110080        55040
        6880           16           1.483       220160       110080
        6880           32           2.514       440320       220160
        6880           64           4.639       880640       440320
        6880          128           8.676      1761280       880640
        6880          256          17.352      3522560      1761280
        6880          512          33.943      7045120      3522560
        6880         1024          67.315     14090240      7045120
        6880         2048         134.239     28180480     14090240
        6880         4096         267.126     56360960     28180480
        6880         8192         544.241    112721920     56360960
        6880        16384        1078.974    225443840    112721920
        6880        32768        2142.679    450887680    225443840
        6880        65536        4290.889    901775360    450887680
        6880       131072        8572.091   1803550720    901775360
        7568            1           1.152        15136         7568
        7568            2           0.541        30272        15136
        7568            4           0.711        60544        30272
        7568            8           0.962       121088        60544
        7568           16           1.814       242176       121088
        7568           32           2.665       484352       242176
        7568           64           5.280       968704       484352
        7568          128           9.839      1937408       968704
        7568          256          19.005      3874816      1937408
        7568          512          37.340      7749632      3874816
        7568         1024          74.058     15499264      7749632
        7568         2048         160.438     30998528     15499264
        7568         4096         294.097     61997056     30998528
        7568         8192         587.561    123994112     61997056
        7568        16384        1186.393    247988224    123994112
        7568        32768        2359.181    495976448    247988224
        7568        65536        4712.572    991952896    495976448
        7568       131072        9429.633   1983905792    991952896
        8320            1           1.102        16640         8320
        8320            2           0.571        33280        16640
        8320            4           0.741        66560        33280
        8320            8           1.042       133120        66560
        8320           16           1.633       266240       133120
        8320           32           3.166       532480       266240
        8320           64           5.431      1064960       532480
        8320          128          10.670      2129920      1064960
        8320          256          20.628      4259840      2129920
        8320          512          40.615      8519680      4259840
        8320         1024          80.630     17039360      8519680
        8320         2048         160.989     34078720     17039360
        8320         4096         321.006     68157440     34078720
        8320         8192         647.242    136314880     68157440
        8320        16384        1288.023    272629760    136314880
        8320        32768        2573.720    545259520    272629760
        8320        65536        5149.364   1090519040    545259520
        9152            1           1.202        18304         9152
        9152            2           0.581        36608        18304
        9152            4           0.792        73216        36608
        9152            8           1.092       146432        73216
        9152           16           2.043       292864       146432
        9152           32           3.176       585728       292864
        9152           64           5.901      1171456       585728
        9152          128          11.661      2342912      1171456
        9152          256          22.702      4685824      2342912
        9152          512          44.723      9371648      4685824
        9152         1024          88.775     18743296      9371648
        9152         2048         176.988     37486592     18743296
        9152         4096         353.256     74973184     37486592
        9152         8192         711.741    149946368     74973184
        9152        16384        1416.441    299892736    149946368
        9152        32768        2835.907    599785472    299892736
        9152        65536        5690.418   1199570944    599785472
       10064            1           1.302        20128        10064
       10064            2           0.762        40256        20128
       10064            4           0.902        80512        40256
       10064            8           1.172       161024        80512
       10064           16           1.893       322048       161024
       10064           32           3.427       644096       322048
       10064           64           6.753      1288192       644096
       10064          128          12.844      2576384      1288192
       10064          256          25.056      5152768      2576384
       10064          512          49.111     10305536      5152768
       10064         1024          97.882     20611072     10305536
       10064         2048         195.343     41222144     20611072
       10064         4096         393.441     82444288     41222144
       10064         8192         781.912    164888576     82444288
       10064        16384        1565.127    329777152    164888576
       10064        32768        3149.719    659554304    329777152
       10064        65536        6268.773   1319108608    659554304
       11056            1           1.293        22112        11056
       11056            2           0.941        44224        22112
       11056            4           0.931        88448        44224
       11056            8           1.272       176896        88448
       11056           16           2.063       353792       176896
       11056           32           3.737       707584       353792
       11056           64           7.394      1415168       707584
       11056          128          14.076      2830336      1415168
       11056          256          27.551      5660672      2830336
       11056          512          54.421     11321344      5660672
       11056         1024         107.750     22642688     11321344
       11056         2048         225.679     45285376     22642688
       11056         4096         433.835     90570752     45285376
       11056         8192         865.698    181141504     90570752
       11056        16384        1726.396    362283008    181141504
       11056        32768        3456.290    724566016    362283008
       11056        65536        6900.927   1449132032    724566016
       12160            1           1.643        24320        12160
       12160            2           0.671        48640        24320
       12160            4           0.892        97280        48640
       12160            8           1.322       194560        97280
       12160           16           2.214       389120       194560
       12160           32           4.348       778240       389120
       12160           64           7.965      1556480       778240
       12160          128          15.008      3112960      1556480
       12160          256          29.876      6225920      3112960
       12160          512          59.090     12451840      6225920
       12160         1024         117.809     24903680     12451840
       12160         2048         235.217     49807360     24903680
       12160         4096         475.022     99614720     49807360
       12160         8192         939.916    199229440     99614720
       12160        16384        1884.540    398458880    199229440
       12160        32768        3764.392    796917760    398458880
       12160        65536        7523.133   1593835520    796917760
       13376            1           1.673        26752        13376
       13376            2           0.681        53504        26752
       13376            4           0.932       107008        53504
       13376            8           1.553       214016       107008
       13376           16           2.394       428032       214016
       13376           32           4.678       856064       428032
       13376           64           8.726      1712128       856064
       13376          128          16.520      3424256      1712128
       13376          256          32.851      6848512      3424256
       13376          512          65.080     13697024      6848512
       13376         1024         129.541     27394048     13697024
       13376         2048         258.119     54788096     27394048
       13376         4096         518.733    109576192     54788096
       13376         8192        1038.198    219152384    109576192
       13376        16384        2073.852    438304768    219152384
       13376        32768        4144.768    876609536    438304768
       13376        65536        8296.890   1753219072    876609536
       14704            1           1.663        29408        14704
       14704            2           0.692        58816        29408
       14704            4           1.042       117632        58816
       14704            8           1.553       235264       117632
       14704           16           2.645       470528       235264
       14704           32           5.140       941056       470528
       14704           64           9.588      1882112       941056
       14704          128          18.445      3764224      1882112
       14704          256          35.917      7528448      3764224
       14704          512          71.854     15056896      7528448
       14704         1024         155.439     30113792     15056896
       14704         2048         285.149     60227584     30113792
       14704         4096         573.605    120455168     60227584
       14704         8192        1153.121    240910336    120455168
       14704        16384        2291.366    481820672    240910336
       14704        32768        4579.706    963641344    481820672
       14704        65536        9161.094   1927282688    963641344
       16160            1           2.003        32320        16160
       16160            2           0.892        64640        32320
       16160            4           1.172       129280        64640
       16160            8           1.653       258560       129280
       16160           16           2.836       517120       258560
       16160           32           5.560      1034240       517120
       16160           64          10.429      2068480      1034240
       16160          128          20.268      4136960      2068480
       16160          256          39.624      8273920      4136960
       16160          512          78.636     16547840      8273920
       16160         1024         156.370     33095680     16547840
       16160         2048         315.917     66191360     33095680
       16160         4096         627.786    132382720     66191360
       16160         8192        1255.352    264765440    132382720
       16160        16384        2509.330    529530880    264765440
       16160        32768        5018.571   1059061760    529530880
       16160        65536       10028.064   2118123520   1059061760
       17776            1           2.225        35552        17776
       17776            2           0.731        71104        35552
       17776            4           1.333       142208        71104
       17776            8           1.753       284416       142208
       17776           16           3.266       568832       284416
       17776           32           5.761      1137664       568832
       17776           64          11.141      2275328      1137664
       17776          128          22.201      4550656      2275328
       17776          256          43.711      9101312      4550656
       17776          512          86.441     18202624      9101312
       17776         1024         175.807     36405248     18202624
       17776         2048         354.388     72810496     36405248
       17776         4096         695.752    145620992     72810496
       17776         8192        1382.879    291241984    145620992
       17776        16384        2770.455    582483968    291241984
       17776        32768        5533.747   1164967936    582483968
       19552            1           2.184        39104        19552
       19552            2           0.852        78208        39104
       19552            4           1.262       156416        78208
       19552            8           1.923       312832       156416
       19552           16           3.327       625664       312832
       19552           32           6.282      1251328       625664
       19552           64          12.393      2502656      1251328
       19552          128          24.225      5005312      2502656
       19552          256          47.769     10010624      5005312
       19552          512          94.426     20021248     10010624
       19552         1024         203.067     40042496     20021248
       19552         2048         378.423     80084992     40042496
       19552         4096         764.420    160169984     80084992
       19552         8192        1520.173    320339968    160169984
       19552        16384        3036.760    640679936    320339968
       19552        32768        6079.882   1281359872    640679936
       21504            1           2.174        43008        21504
       21504            2           0.801        86016        43008
       21504            4           1.292       172032        86016
       21504            8           2.034       344064       172032
       21504           16           4.008       688128       344064
       21504           32           7.103      1376256       688128
       21504           64          13.605      2752512      1376256
       21504          128          26.590      5505024      2752512
       21504          256          52.548     11010048      5505024
       21504          512         103.903     22020096     11010048
       21504         1024         207.916     44040192     22020096
       21504         2048         417.536     88080384     44040192
       21504         4096         831.364    176160768     88080384
       21504         8192        1674.520    352321536    176160768
       21504        16384        3330.796    704643072    352321536
       21504        32768        6675.628   1409286144    704643072
       23648            1           2.074        47296        23648
       23648            2           0.851        94592        47296
       23648            4           1.703       189184        94592
       23648            8           2.224       378368       189184
       23648           16           4.258       756736       378368
       23648           32           7.784      1513472       756736
       23648           64          14.928      3026944      1513472
       23648          128          28.834      6053888      3026944
       23648          256          57.297     12107776      6053888
       23648          512         114.423     24215552     12107776
       23648         1024         228.395     48431104     24215552
       23648         2048         460.185     96862208     48431104
       23648         4096         918.887    193724416     96862208
       23648         8192        1832.954    387448832    193724416
       23648        16384        3670.116    774897664    387448832
       23648        32768        7335.062   1549795328    774897664
       26000            1           2.324        52000        26000
       26000            2           0.962       104000        52000
       26000            4           1.453       208000       104000
       26000            8           2.375       416000       208000
       26000           16           4.298       832000       416000
       26000           32           8.256      1664000       832000
       26000           64          16.340      3328000      1664000
       26000          128          31.959      6656000      3328000
       26000          256          77.934     13312000      6656000
       26000          512         126.305     26624000     13312000
       26000         1024         252.299     53248000     26624000
       26000         2048         504.066    106496000     53248000
       26000         4096        1012.500    212992000    106496000
       26000         8192        2020.453    425984000    212992000
       26000        16384        4046.004    851968000    425984000
       26000        32768        8098.480   1703936000    851968000
       28592            1           2.625        57184        28592
       28592            2           1.062       114368        57184
       28592            4           1.553       228736       114368
       28592            8           2.565       457472       228736
       28592           16           4.709       914944       457472
       28592           32           9.247      1829888       914944
       28592           64          17.923      3659776      1829888
       28592          128          34.904      7319552      3659776
       28592          256          69.850     14639104      7319552
       28592          512         138.326     29278208     14639104
       28592         1024         277.265     58556416     29278208
       28592         2048         556.523    117112832     58556416
       28592         4096        1113.668    234225664    117112832
       28592         8192        2225.192    468451328    234225664
       28592        16384        4455.805    936902656    468451328
       28592        32768        8879.591   1873805312    936902656
       31440            1           2.785        62880        31440
       31440            2           0.981       125760        62880
       31440            4           1.603       251520       125760
       31440            8           2.785       503040       251520
       31440           16           5.080      1006080       503040
       31440           32          10.109      2012160      1006080
       31440           64          19.546      4024320      2012160
       31440          128          38.482      8048640      4024320
       31440          256          76.271     16097280      8048640
       31440          512         152.242     32194560     16097280
       31440         1024         303.484     64389120     32194560
       31440         2048         610.694    128778240     64389120
       31440         4096        1219.525    257556480    128778240
       31440         8192        2445.722    515112960    257556480
       31440        16384        4871.778   1030225920    515112960
       31440        32768        9750.378   2060451840   1030225920
       34576            1           2.665        69152        34576
       34576            2           1.092       138304        69152
       34576            4           1.713       276608       138304
       34576            8           2.966       553216       276608
       34576           16           5.831      1106432       553216
       34576           32          11.071      2212864      1106432
       34576           64          21.450      4425728      2212864
       34576          128          42.368      8851456      4425728
       34576          256          83.996     17702912      8851456
       34576          512         167.431     35405824     17702912
       34576         1024         337.848     70811648     35405824
       34576         2048         667.750    141623296     70811648
       34576         4096        1342.824    283246592    141623296
       34576         8192        2679.656    566493184    283246592
       34576        16384        5381.404   1132986368    566493184
       38032            1           3.426        76064        38032
       38032            2           1.132       152128        76064
       38032            4           1.803       304256       152128
       38032            8           3.226       608512       304256
       38032           16           6.382      1217024       608512
       38032           32          11.792      2434048      1217024
       38032           64          23.574      4868096      2434048
       38032          128          46.437      9736192      4868096
       38032          256          92.292     19472384      9736192
       38032          512         183.932     38944768     19472384
       38032         1024         367.192     77889536     38944768
       38032         2048         739.413    155779072     77889536
       38032         4096        1475.380    311558144    155779072
       38032         8192        2947.975    623116288    311558144
       38032        16384        5901.800   1246232576    623116288
       41824            1           3.286        83648        41824
       41824            2           1.243       167296        83648
       41824            4           2.044       334592       167296
       41824            8           3.576       669184       334592
       41824           16           6.732      1338368       669184
       41824           32          13.294      2676736      1338368
       41824           64          25.878      5353472      2676736
       41824          128          66.493     10706944      5353472
       41824          256         101.118     21413888     10706944
       41824          512         201.745     42827776     21413888
       41824         1024         405.203     85655552     42827776
       41824         2048         816.016    171311104     85655552
       41824         4096        1621.492    342622208    171311104
       41824         8192        3250.727    685244416    342622208
       41824        16384        6488.781   1370488832    685244416
       46000            1           3.496        92000        46000
       46000            2           1.272       184000        92000
       46000            4           2.174       368000       184000
       46000            8           3.827       736000       368000
       46000           16           7.334      1472000       736000
       46000           32          14.497      2944000      1472000
       46000           64          28.353      5888000      2944000
       46000          128          56.074     11776000      5888000
       46000          256         111.567     23552000     11776000
       46000          512         235.036     47104000     23552000
       46000         1024         448.252     94208000     47104000
       46000         2048         895.403    188416000     94208000
       46000         4096        1786.928    376832000    188416000
       46000         8192        3570.831    753664000    376832000
       46000        16384        7136.764   1507328000    753664000
       50592            1           3.436       101184        50592
       50592            2           1.383       202368       101184
       50592            4           2.335       404736       202368
       50592            8          18.585       809472       404736
       50592           16           8.245      1618944       809472
       50592           32          15.890      3237888      1618944
       50592           64          30.838      6475776      3237888
       50592          128          61.224     12951552      6475776
       50592          256         122.878     25903104     12951552
       50592          512         244.494     51806208     25903104
       50592         1024         495.610    103612416     51806208
       50592         2048         977.976    207224832    103612416
       50592         4096        1968.095    414449664    207224832
       50592         8192        3941.280    828899328    414449664
       50592        16384        7881.287   1657798656    828899328
       55648            1           3.586       111296        55648
       55648            2           1.493       222592       111296
       55648            4           2.515       445184       222592
       55648            8           4.579       890368       445184
       55648           16           9.037      1780736       890368
       55648           32          17.403      3561472      1780736
       55648           64          34.204      7122944      3561472
       55648          128          81.080     14245888      7122944
       55648          256         134.720     28491776     14245888
       55648          512         268.939     56983552     28491776
       55648         1024         540.494    113967104     56983552
       55648         2048        1082.510    227934208    113967104
       55648         4096        2157.917    455868416    227934208
       55648         8192        4312.429    911736832    455868416
       55648        16384        8623.084   1823473664    911736832
       61200            1           5.060       122400        61200
       61200            2           1.533       244800       122400
       61200            4           2.735       489600       244800
       61200            8           4.980       979200       489600
       61200           16           9.598      1958400       979200
       61200           32          19.075      3916800      1958400
       61200           64          37.500      7833600      3916800
       61200          128          74.339     15667200      7833600
       61200          256         147.835     31334400     15667200
       61200          512         295.369     62668800     31334400
       61200         1024         593.392    125337600     62668800
       61200         2048        1186.614    250675200    125337600
       61200         4096        2370.231    501350400    250675200
       61200         8192        4744.420   1002700800    501350400
       61200        16384        9506.394   2005401600   1002700800
       67312            1           4.799       134624        67312
       67312            2           1.654       269248       134624
       67312            4           2.946       538496       269248
       67312            8           5.751      1076992       538496
       67312           16          10.820      2153984      1076992
       67312           32          20.969      4307968      2153984
       67312           64          41.257      8615936      4307968
       67312          128          81.942     17231872      8615936
       67312          256         162.962     34463744     17231872
       67312          512         325.554     68927488     34463744
       67312         1024         656.349    137854976     68927488
       67312         2048        1306.857    275709952    137854976
       67312         4096        2614.175    551419904    275709952
       67312         8192        5221.707   1102839808    551419904
       74032            1           5.560       148064        74032
       74032            2           1.934       296128       148064
       74032            4           3.396       592256       296128
       74032            8           6.341      1184512       592256
       74032           16          11.631      2369024      1184512
       74032           32          23.073      4738048      2369024
       74032           64          45.595      9476096      4738048
       74032          128          90.177     18952192      9476096
       74032          256         180.094     37904384     18952192
       74032          512         363.595     75808768     37904384
       74032         1024         722.632    151617536     75808768
       74032         2048        1448.931    303235072    151617536
       74032         4096        2883.916    606470144    303235072
       74032         8192        5768.072   1212940288    606470144
       81424            1           5.921       162848        81424
       81424            2           2.014       325696       162848
       81424            4           3.687       651392       325696
       81424            8           6.783      1302784       651392
       81424           16          13.054      2605568      1302784
       81424           32          25.257      5211136      2605568
       81424           64          49.802     10422272      5211136
       81424          128          98.703     20844544     10422272
       81424          256         197.156     41689088     20844544
       81424          512         393.361     83378176     41689088
       81424         1024         792.151    166756352     83378176
       81424         2048        1579.553    333512704    166756352
       81424         4096        3161.531    667025408    333512704
       81424         8192        6315.869   1334050816    667025408
       89552            1           6.251       179104        89552
       89552            2           2.144       358208       179104
       89552            4           4.368       716416       358208
       89552            8           7.824      1432832       716416
       89552           16          15.388      2865664      1432832
       89552           32          55.503      5731328      2865664
       89552           64          55.784     11462656      5731328
       89552          128         108.322     22925312     11462656
       89552          256         228.744     45850624     22925312
       89552          512         435.900     91701248     45850624
       89552         1024         869.445    183402496     91701248
       89552         2048        1734.962    366804992    183402496
       89552         4096        3470.655    733609984    366804992
       89552         8192        6948.534   1467219968    733609984
       98496            1           6.893       196992        98496
       98496            2           2.264       393984       196992
       98496            4           4.389       787968       393984
       98496            8           8.125      1575936       787968
       98496           16          15.609      3151872      1575936
       98496           32          30.437      6303744      3151872
       98496           64          60.042     12607488      6303744
       98496          128         122.508     25214976     12607488
       98496          256         238.904     50429952     25214976
       98496          512         486.975    100859904     50429952
       98496         1024         958.440    201719808    100859904
       98496         2048        1913.764    403439616    201719808
       98496         4096        3829.011    806879232    403439616
       98496         8192        7654.265   1613758464    806879232
      108336            1           6.983       216672       108336
      108336            2           2.484       433344       216672
      108336            4           4.678       866688       433344
      108336            8           8.746      1733376       866688
      108336           16          17.823      3466752      1733376
      108336           32          35.355      6933504      3466752
      108336           64          65.792     13867008      6933504
      108336          128         163.553     27734016     13867008
      108336          256         261.856     55468032     27734016
      108336          512         526.808    110936064     55468032
      108336         1024        1052.896    221872128    110936064
      108336         2048        2098.968    443744256    221872128
      108336         4096        4212.733    887488512    443744256
      108336         8192        8394.018   1774977024    887488512
      119168            1           7.424       238336       119168
      119168            2           2.675       476672       238336
      119168            4           5.169       953344       476672
      119168            8           9.698      1906688       953344
      119168           16          18.605      3813376      1906688
      119168           32          36.628      7626752      3813376
      119168           64          72.364     15253504      7626752
      119168          128         144.448     30507008     15253504
      119168          256         297.423     61014016     30507008
      119168          512         574.677    122028032     61014016
      119168         1024        1159.794    244056064    122028032
      119168         2048        2305.672    488112128    244056064
      119168         4096        4616.574    976224256    488112128
      119168         8192        9231.825   1952448512    976224256
      131072            1           9.347       262144       131072
      131072            2           3.046       524288       262144
      131072            4           5.440      1048576       524288
      131072            8          10.560      2097152      1048576
      131072           16          20.509      4194304      2097152
      131072           32          39.985      8388608      4194304
      131072           64          79.628     16777216      8388608
      131072          128         158.554     33554432     16777216
      131072          256         316.378     67108864     33554432
      131072          512         638.807    134217728     67108864
      131072         1024        1270.440    268435456    134217728
      131072         2048        2547.060    536870912    268435456
      131072         4096        5079.122   1073741824    536870912
      131072         8192       10144.238   2147483648   1073741824
      144176            1           9.768       288352       144176
      144176            2           3.206       576704       288352
      144176            4           5.991      1153408       576704
      144176            8          11.371      2306816      1153408
      144176           16          22.392      4613632      2306816
      144176           32          44.152      9227264      4613632
      144176           64          87.552     18454528      9227264
      144176          128         174.424     36909056     18454528
      144176          256         356.843     73818112     36909056
      144176          512         699.318    147636224     73818112
      144176         1024        1399.138    295272448    147636224
      144176         2048        2795.922    590544896    295272448
      144176         4096        5598.376   1181089792    590544896
      158592            1          11.401       317184       158592
      158592            2           4.268       634368       317184
      158592            4           6.702      1268736       634368
      158592            8          12.443      2537472      1268736
      158592           16          24.566      5074944      2537472
      158592           32          48.249     10149888      5074944
      158592           64          96.129     20299776     10149888
      158592          128         191.686     40599552     20299776
      158592          256         392.048     81199104     40599552
      158592          512         767.004    162398208     81199104
      158592         1024        1534.971    324796416    162398208
      158592         2048        3072.145    649592832    324796416
      158592         4096        6142.487   1299185664    649592832
      174448            1          11.141       348896       174448
      174448            2           3.787       697792       348896
      174448            4           7.033      1395584       697792
      174448            8          13.796      2791168      1395584
      174448           16          26.710      5582336      2791168
      174448           32          68.237     11164672      5582336
      174448           64         105.676     22329344     11164672
      174448          128         210.802     44658688     22329344
      174448          256         421.072     89317376     44658688
      174448          512         847.984    178634752     89317376
      174448         1024        1689.838    357269504    178634752
      174448         2048        3381.089    714539008    357269504
      174448         4096        6760.875   1429078016    714539008
      191888            1          13.435       383776       191888
      191888            2           4.007       767552       383776
      191888            4           8.125      1535104       767552
      191888            8          14.937      3070208      1535104
      191888           16          29.545      6140416      3070208
      191888           32          58.379     12280832      6140416
      191888           64         116.106     24561664     12280832
      191888          128         231.650     49123328     24561664
      191888          256         467.829     98246656     49123328
      191888          512         936.890    196493312     98246656
      191888         1024        1860.064    392986624    196493312
      191888         2048        3714.558    785973248    392986624
      191888         4096        7425.149   1571946496    785973248
      211072            1          13.755       422144       211072
      211072            2           4.739       844288       422144
      211072            4           8.496      1688576       844288
      211072            8          16.551      3377152      1688576
      211072           16          32.410      6754304      3377152
      211072           32          64.129     13508608      6754304
      211072           64         127.938     27017216     13508608
      211072          128         255.094     54034432     27017216
      211072          256         512.551    108068864     54034432
      211072          512        1023.560    216137728    108068864
      211072         1024        2047.983    432275456    216137728
      211072         2048        4095.085    864550912    432275456
      211072         4096        8166.966   1729101824    864550912
      232176            1          15.339       464352       232176
      232176            2           4.779       928704       464352
      232176            4           9.177      1857408       928704
      232176            8          18.104      3714816      1857408
      232176           16          35.386      7429632      3714816
      232176           32          70.320     14859264      7429632
      232176           64         140.341     29718528     14859264
      232176          128         280.200     59437056     29718528
      232176          256         562.294    118874112     59437056
      232176          512        1124.558    237748224    118874112
      232176         1024        2251.170    475496448    237748224
      232176         2048        4495.267    950992896    475496448
      232176         4096        8982.070   1901985792    950992896
      255392            1          17.363       510784       255392
      255392            2           5.390      1021568       510784
      255392            4          10.440      2043136      1021568
      255392            8          19.927      4086272      2043136
      255392           16          54.421      8172544      4086272
      255392           32          77.334     16345088      8172544
      255392           64         154.046     32690176     16345088
      255392          128         308.032     65380352     32690176
      255392          256         617.406    130760704     65380352
      255392          512        1238.139    261521408    130760704
      255392         1024        2472.020    523042816    261521408
      255392         2048        4944.412   1046085632    523042816
      255392         4096        9894.263   2092171264   1046085632
      280928            1          18.595       561856       280928
      280928            2           5.641      1123712       561856
      280928            4          10.970      2247424      1123712
      280928            8          21.390      4494848      2247424
      280928           16          42.499      8989696      4494848
      280928           32          85.088     17979392      8989696
      280928           64         195.783     35958784     17979392
      280928          128         342.556     71917568     35958784
      280928          256         679.322    143835136     71917568
      280928          512        1365.726    287670272    143835136
      280928         1024        2723.067    575340544    287670272
      280928         2048        5438.609   1150681088    575340544
      309008            1          20.207       618016       309008
      309008            2           6.412      1236032       618016
      309008            4          12.093      2472064      1236032
      309008            8          24.094      4944128      2472064
      309008           16          47.158      9888256      4944128
      309008           32          93.674     19776512      9888256
      309008           64         186.556     39553024     19776512
      309008          128         382.591     79106048     39553024
      309008          256         744.933    158212096     79106048
      309008          512        1507.750    316424192    158212096
      309008         1024        2991.054    632848384    316424192
      309008         2048        5984.723   1265696768    632848384
      339904            1          23.223       679808       339904
      339904            2           6.602      1359616       679808
      339904            4          13.024      2719232      1359616
      339904            8          26.108      5438464      2719232
      339904           16          51.616     10876928      5438464
      339904           32         102.731     21753856     10876928
      339904           64         216.391     43507712     21753856
      339904          128         409.320     87015424     43507712
      339904          256         821.455    174030848     87015424
      339904          512        1645.435    348061696    174030848
      339904         1024        3292.724    696123392    348061696
      339904         2048        6569.138   1392246784    696123392
      373888            1          24.906       747776       373888
      373888            2           7.784      1495552       747776
      373888            4          14.707      2991104      1495552
      373888            8          29.014      5982208      2991104
      373888           16          57.056     11964416      5982208
      373888           32         128.158     23928832     11964416
      373888           64         226.029     47857664     23928832
      373888          128         450.667     95715328     47857664
      373888          256         906.423    191430656     95715328
      373888          512        1836.079    382861312    191430656
      373888         1024        3621.876    765722624    382861312
      373888         2048        7237.380   1531445248    765722624
      411264            1          27.020       822528       411264
      411264            2           8.716      1645056       822528
      411264            4          16.250      3290112      1645056
      411264            8          31.819      6580224      3290112
      411264           16          62.657     13160448      6580224
      411264           32         124.581     26320896     13160448
      411264           64         248.060     52641792     26320896
      411264          128         498.906    105283584     52641792
      411264          256         996.360    210567168    105283584
      411264          512        1992.871    421134336    210567168
      411264         1024        3980.872    842268672    421134336
      411264         2048        7954.371   1684537344    842268672
      452384            1          29.635       904768       452384
      452384            2           9.548      1809536       904768
      452384            4          17.693      3619072      1809536
      452384            8          34.804      7238144      3619072
      452384           16          68.768     14476288      7238144
      452384           32         136.904     28952576     14476288
      452384           64         284.478     57905152     28952576
      452384          128         548.959    115810304     57905152
      452384          256        1096.386    231620608    115810304
      452384          512        2191.720    463241216    231620608
      452384         1024        4388.319    926482432    463241216
      452384         2048        8756.551   1852964864    926482432
      497616            1          33.362       995232       497616
      497616            2           9.768      1990464       995232
      497616            4          19.115      3980928      1990464
      497616            8          37.740      7961856      3980928
      497616           16          75.049     15923712      7961856
      497616           32         153.215     31847424     15923712
      497616           64         300.058     63694848     31847424
      497616          128         605.274    127389696     63694848
      497616          256        1204.577    254779392    127389696
      497616          512        2405.447    509558784    254779392
      497616         1024        4811.545   1019117568    509558784
      497616         2048        9633.209   2038235136   1019117568
      547376            1          36.127      1094752       547376
      547376            2          11.020      2189504      1094752
      547376            4          21.349      4379008      2189504
      547376            8          42.248      8758016      4379008
      547376           16          83.135     17516032      8758016
      547376           32         177.039     35032064     17516032
      547376           64         332.988     70064128     35032064
      547376          128         662.831    140128256     70064128
      547376          256        1328.588    280256512    140128256
      547376          512        2678.724    560513024    280256512
      547376         1024        5300.242   1121026048    560513024
      602112            1          39.904      1204224       602112
      602112            2          12.102      2408448      1204224
      602112            4          23.694      4816896      2408448
      602112            8          46.456      9633792      4816896
      602112           16          91.250     19267584      9633792
      602112           32         182.218     38535168     19267584
      602112           64         366.320     77070336     38535168
      602112          128         729.074    154140672     77070336
      602112          256        1459.951    308281344    154140672
      602112          512        2936.683    616562688    308281344
      602112         1024        5827.100   1233125376    616562688
      662320            1          43.952      1324640       662320
      662320            2          13.394      2649280      1324640
      662320            4          25.508      5298560      2649280
      662320            8          50.334     10597120      5298560
      662320           16         112.419     21194240     10597120
      662320           32         200.051     42388480     21194240
      662320           64         399.592     84776960     42388480
      662320          128         804.393    169553920     84776960
      662320          256        1608.377    339107840    169553920
      662320          512        3206.475    678215680    339107840
      662320         1024        6434.469   1356431360    678215680
      728544            1          49.181      1457088       728544
      728544            2          13.926      2914176      1457088
      728544            4          27.702      5828352      2914176
      728544            8          55.012     11656704      5828352
      728544           16         109.242     23313408     11656704
      728544           32         219.668     46626816     23313408
      728544           64         448.543     93253632     46626816
      728544          128         882.659    186507264     93253632
      728544          256        1764.065    373014528    186507264
      728544          512        3520.176    746029056    373014528
      728544         1024        7049.921   1492058112    746029056
      801392            1          52.658      1602784       801392
      801392            2          28.452      3205568      1602784
      801392            4          30.827      6411136      3205568
      801392            8          60.792     12822272      6411136
      801392           16         121.275     25644544     12822272
      801392           32         241.388     51289088     25644544
      801392           64         482.917    102578176     51289088
      801392          128         971.494    205156352    102578176
      801392          256        1939.812    410312704    205156352
      801392          512        3878.191    820625408    410312704
      801392         1024        7761.813   1641250816    820625408
      881520            1          57.586      1763040       881520
      881520            2          17.092      3526080      1763040
      881520            4          33.342      7052160      3526080
      881520            8          66.383     14104320      7052160
      881520           16         133.067     28208640     14104320
      881520           32         278.067     56417280     28208640
      881520           64         532.489    112834560     56417280
      881520          128        1068.865    225669120    112834560
      881520          256        2131.909    451338240    225669120
      881520          512        4270.580    902676480    451338240
      881520         1024        8527.114   1805352960    902676480
      969664            1          64.300      1939328       969664
      969664            2          18.915      3878656      1939328
      969664            4          36.508      7757312      3878656
      969664            8          73.036     15514624      7757312
      969664           16         157.642     31029248     15514624
      969664           32         291.501     62058496     31029248
      969664           64         587.170    124116992     62058496
      969664          128        1175.623    248233984    124116992
      969664          256        2346.648    496467968    248233984
      969664          512        4692.033    992935936    496467968
      969664         1024        9393.413   1985871872    992935936
     1066624            1          69.439      2133248      1066624
     1066624            2          23.083      4266496      2133248
     1066624            4          41.908      8532992      4266496
     1066624            8          81.912     17065984      8532992
     1066624           16         175.166     34131968     17065984
     1066624           32         324.032     68263936     34131968
     1066624           64         648.785    136527872     68263936
     1066624          128        1297.208    273055744    136527872
     1066624          256        2591.973    546111488    273055744
     1066624          512        5187.002   1092222976    546111488
     1173280            1          77.343      2346560      1173280
     1173280            2          25.698      4693120      2346560
     1173280            4          46.056      9386240      4693120
     1173280            8         100.336     18772480      9386240
     1173280           16         179.233     37544960     18772480
     1173280           32         356.583     75089920     37544960
     1173280           64         721.530    150179840     75089920
     1173280          128        1430.186    300359680    150179840
     1173280          256        2852.667    600719360    300359680
     1173280          512        5700.947   1201438720    600719360
     1290608            1          86.371      2581216      1290608
     1290608            2          27.962      5162432      2581216
     1290608            4          50.393     10324864      5162432
     1290608            8          98.954     20649728     10324864
     1290608           16         196.545     41299456     20649728
     1290608           32         397.779     82598912     41299456
     1290608           64         781.501    165197824     82598912
     1290608          128        1570.897    330395648    165197824
     1290608          256        3135.963    660791296    330395648
     1290608          512        6273.510   1321582592    660791296
     1419664            1          92.512      2839328      1419664
     1419664            2          30.687      5678656      2839328
     1419664            4          55.363     11357312      5678656
     1419664            8         108.902     22714624     11357312
     1419664           16         228.294     45429248     22714624
     1419664           32         431.050     90858496     45429248
     1419664           64         866.128    181716992     90858496
     1419664          128        1728.049    363433984    181716992
     1419664          256        3455.136    726867968    363433984
     1419664          512        6899.111   1453735936    726867968
     1561616            1         101.949      3123232      1561616
     1561616            2          33.943      6246464      3123232
     1561616            4          60.623     12492928      6246464
     1561616            8         119.672     24985856     12492928
     1561616           16         236.499     49971712     24985856
     1561616           32         480.172     99943424     49971712
     1561616           64         948.382    199886848     99943424
     1561616          128        1907.072    399773696    199886848
     1561616          256        3789.967    799547392    399773696
     1561616          512        7578.693   1599094784    799547392
     1717776            1         109.212      3435552      1717776
     1717776            2          36.719      6871104      3435552
     1717776            4          66.323     13742208      6871104
     1717776            8         131.274     27484416     13742208
     1717776           16         260.353     54968832     27484416
     1717776           32         524.785    109937664     54968832
     1717776           64        1047.885    219875328    109937664
     1717776          128        2094.299    439750656    219875328
     1717776          256        4182.617    879501312    439750656
     1717776          512        8356.287   1759002624    879501312
     1889552            1         122.267      3779104      1889552
     1889552            2          40.365      7558208      3779104
     1889552            4          72.876     15116416      7558208
     1889552            8         144.158     30232832     15116416
     1889552           16         289.547     60465664     30232832
     1889552           32         575.639    120931328     60465664
     1889552           64        1148.382    241862656    120931328
     1889552          128        2304.178    483725312    241862656
     1889552          256        4599.761    967450624    483725312
     1889552          512        9200.333   1934901248    967450624
     2078496            1         135.030      4156992      2078496
     2078496            2          43.771      8313984      4156992
     2078496            4          82.934     16627968      8313984
     2078496            8         158.093     33255936     16627968
     2078496           16         324.282     66511872     33255936
     2078496           32         631.703    133023744     66511872
     2078496           64        1263.897    266047488    133023744
     2078496          128        2522.714    532094976    266047488
     2078496          256        5056.149   1064189952    532094976
     2078496          512       10120.482   2128379904   1064189952
     2286336            1         149.227      4572672      2286336
     2286336            2          48.129      9145344      4572672
     2286336            4          98.583     18290688      9145344
     2286336            8         174.073     36581376     18290688
     2286336           16         346.353     73162752     36581376
     2286336           32         694.941    146325504     73162752
     2286336           64        1392.104    292651008    146325504
     2286336          128        2782.216    585302016    292651008
     2286336          256        5558.512   1170604032    585302016
     2514960            1         164.655      5029920      2514960
     2514960            2          52.939     10059840      5029920
     2514960            4          97.050     20119680     10059840
     2514960            8         202.847     40239360     20119680
     2514960           16         382.700     80478720     40239360
     2514960           32         768.687    160957440     80478720
     2514960           64        1527.647    321914880    160957440
     2514960          128        3060.883    643829760    321914880
     2514960          256        6123.631   1287659520    643829760
     2766448            1         177.620      5532896      2766448
     2766448            2          55.934     11065792      5532896
     2766448            4         105.406     22131584     11065792
     2766448            8         220.209     44263168     22131584
     2766448           16         417.315     88526336     44263168
     2766448           32         841.863    177052672     88526336
     2766448           64        1679.759    354105344    177052672
     2766448          128        3363.285    708210688    354105344
     2766448          256        6720.559   1416421376    708210688
     3043088            1         196.876      6086176      3043088
     3043088            2          63.598     12172352      6086176
     3043088            4         116.165     24344704     12172352
     3043088            8         231.320     48689408     24344704
     3043088           16         464.282     97378816     48689408
     3043088           32         926.330    194757632     97378816
     3043088           64        1848.312    389515264    194757632
     3043088          128        3708.486    779030528    389515264
     3043088          256        7417.073   1558061056    779030528
     3347392            1         215.581      6694784      3347392
     3347392            2          76.973     13389568      6694784
     3347392            4         126.615     26779136     13389568
     3347392            8         251.908     53558272     26779136
     3347392           16         503.404    107116544     53558272
     3347392           32        1016.428    214233088    107116544
     3347392           64        2031.312    428466176    214233088
     3347392          128        4067.924    856932352    428466176
     3347392          256        8116.030   1713864704    856932352
     3682128            1         235.728      7364256      3682128
     3682128            2          84.407     14728512      7364256
     3682128            4         139.079     29457024     14728512
     3682128            8         278.377     58914048     29457024
     3682128           16         561.883    117828096     58914048
     3682128           32        1116.934    235656192    117828096
     3682128           64        2236.462    471312384    235656192
     3682128          128        4483.746    942624768    471312384
     3682128          256        8944.779   1885249536    942624768
     4050336            1         279.770      8100672      4050336
     4050336            2          83.055     16201344      8100672
     4050336            4         155.148     32402688     16201344
     4050336            8         307.751     64805376     32402688
     4050336           16         619.521    129610752     64805376
     4050336           32        1233.009    259221504    129610752
     4050336           64        2463.564    518443008    259221504
     4050336          128        4925.386   1036886016    518443008
     4050336          256        9846.894   2073772032   1036886016
     4455360            1         295.929      8910720      4455360
     4455360            2          88.444     17821440      8910720
     4455360            4         167.691     35642880     17821440
     4455360            8         341.314     71285760     35642880
     4455360           16         671.757    142571520     71285760
     4455360           32        1352.872    285143040    142571520
     4455360           64        2708.720    570286080    285143040
     4455360          128        5409.575   1140572160    570286080
     4900896            1         321.096      9801792      4900896
     4900896            2          99.385     19603584      9801792
     4900896            4         197.016     39207168     19603584
     4900896            8         374.415     78414336     39207168
     4900896           16         750.102    156828672     78414336
     4900896           32        1494.004    313657344    156828672
     4900896           64        2982.067    627314688    313657344
     4900896          128        5963.484   1254629376    627314688
     5390976            1         360.599     10781952      5390976
     5390976            2         110.445     21563904     10781952
     5390976            4         207.846     43127808     21563904
     5390976            8         410.683     86255616     43127808
     5390976           16         823.589    172511232     86255616
     5390976           32        1668.298    345022464    172511232
     5390976           64        3279.279    690044928    345022464
     5390976          128        6553.799   1380089856    690044928
     5930064            1         382.880     11860128      5930064
     5930064            2         129.380     23720256     11860128
     5930064            4         224.887     47440512     23720256
     5930064            8         448.563     94881024     47440512
     5930064           16         904.259    189762048     94881024
     5930064           32        1805.252    379524096    189762048
     5930064           64        3594.714    759048192    379524096
     5930064          128        7200.720   1518096384    759048192
     6523056            1         437.683     13046112      6523056
     6523056            2         131.404     26092224     13046112
     6523056            4         250.866     52184448     26092224
     6523056            8         499.277    104368896     52184448
     6523056           16        1000.939    208737792    104368896
     6523056           32        1984.785    417475584    208737792
     6523056           64        3985.920    834951168    417475584
     6523056          128        7928.451   1669902336    834951168
     7175360            1         464.262     14350720      7175360
     7175360            2         140.080     28701440     14350720
     7175360            4         282.184     57402880     28701440
     7175360            8         545.022    114805760     57402880
     7175360           16        1087.890    229611520    114805760
     7175360           32        2183.103    459223040    229611520
     7175360           64        4358.112    918446080    459223040
     7175360          128        8715.352   1836892160    918446080
     7892896            1         508.404     15785792      7892896
     7892896            2         178.622     31571584     15785792
     7892896            4         302.282     63143168     31571584
     7892896            8         606.115    126286336     63143168
     7892896           16        1209.957    252572672    126286336
     7892896           32        2411.327    505145344    252572672
     7892896           64        4820.200   1010290688    505145344
     7892896          128        9618.980   2020581376   1010290688
     8682176            1         564.819     17364352      8682176
     8682176            2         278.757     34728704     17364352
     8682176            4         388.361     69457408     34728704
     8682176            8         676.696    138914816     69457408
     8682176           16        1391.293    277829632    138914816
     8682176           32        2743.574    555659264    277829632
     8682176           64        5486.577   1111318528    555659264
     9550384            1         675.805     19100768      9550384
     9550384            2         955.584     38201536     19100768
     9550384            4        1351.870     76403072     38201536
     9550384            8        2136.227    152806144     76403072
     9550384           16        3713.795    305612288    152806144
     9550384           32        6651.050    611224576    305612288
     9550384           64       12865.408   1222449152    611224576
    10505408            1         694.369     21010816     10505408
    10505408            2        1282.361     42021632     21010816
    10505408            4        1882.245     84043264     42021632
    10505408            8        3239.886    168086528     84043264
    10505408           16        6003.227    336173056    168086528
    10505408           32       11126.239    672346112    336173056
    10505408           64       21314.216   1344692224    672346112
    11555936            1         759.380     23111872     11555936
    11555936            2        1476.421     46223744     23111872
    11555936            4        2303.407     92447488     46223744
    11555936            8        4019.794    184894976     92447488
    11555936           16        7443.621    369789952    184894976
    11555936           32       14215.103    739579904    369789952
    11555936           64       27774.951   1479159808    739579904
    12711520            1         848.736     25423040     12711520
    12711520            2        1661.405     50846080     25423040
    12711520            4        2683.442    101692160     50846080
    12711520            8        4640.817    203384320    101692160
    12711520           16        8553.041    406768640    203384320
    12711520           32       16336.903    813537280    406768640
    12711520           64       31980.540   1627074560    813537280
    13982672            1         939.113     27965344     13982672
    13982672            2        1880.772     55930688     27965344
    13982672            4        2956.169    111861376     55930688
    13982672            8        5108.986    223722752    111861376
    13982672           16        9419.259    447445504    223722752
    13982672           32       18040.387    894891008    447445504
    13982672           64       35165.173   1789782016    894891008
    15380928            1        1025.474     30761856     15380928
    15380928            2        2076.595     61523712     30761856
    15380928            4        3272.176    123047424     61523712
    15380928            8        5683.533    246094848    123047424
    15380928           16       10469.809    492189696    246094848
    15380928           32       20007.818    984379392    492189696
    15380928           64       39083.255   1968758784    984379392
    16919008            1        1121.843     33838016     16919008
    16919008            2        2288.600     67676032     33838016
    16919008            4        3579.175    135352064     67676032
    16919008            8        6327.027    270704128    135352064
    16919008           16       11484.082    541408256    270704128
    16919008           32       21907.415   1082816512    541408256
    18610896            1        1219.875     37221792     18610896
    18610896            2        2472.761     74443584     37221792
    18610896            4        3898.078    148887168     74443584
    18610896            8        6763.919    297774336    148887168
    18610896           16       12588.533    595548672    297774336
    18610896           32       24165.086   1191097344    595548672
    20471984            1        1348.905     40943968     20471984
    20471984            2        2677.000     81887936     40943968
    20471984            4        4183.638    163775872     81887936
    20471984            8        7113.388    327551744    163775872
    20471984           16       13168.149    655103488    327551744
    20471984           32       25118.276   1310206976    655103488
    22519168            1        1487.091     45038336     22519168
    22519168            2        2963.412     90076672     45038336
    22519168            4        4674.379    180153344     90076672
    22519168            8        7896.781    360306688    180153344
    22519168           16       14442.715    720613376    360306688
    22519168           32       27624.750   1441226752    720613376
    24771072            1        1644.924     49542144     24771072
    24771072            2        3287.173     99084288     49542144
    24771072            4        5105.980    198168576     99084288
    24771072            8        8780.402    396337152    198168576
    24771072           16       16049.859    792674304    396337152
    24771072           32       30683.639   1585348608    792674304
    27248176            1        1809.920     54496352     27248176
    27248176            2        3576.981    108992704     54496352
    27248176            4        5542.811    217985408    108992704
    27248176            8        9538.800    435970816    217985408
    27248176           16       17620.976    871941632    435970816
    27248176           32       33486.423   1743883264    871941632
    29972992            1        1975.087     59945984     29972992
    29972992            2        3965.943    119891968     59945984
    29972992            4        6146.933    239783936    119891968
    29972992            8       10527.005    479567872    239783936
    29972992           16       19424.605    959135744    479567872
    29972992           32       36962.555   1918271488    959135744
    32970288            1        2190.677     65940576     32970288
    32970288            2        4352.431    131881152     65940576
    32970288            4        6783.444    263762304    131881152
    32970288            8       11598.594    527524608    263762304
    32970288           16       21239.403   1055049216    527524608
    32970288           32       40461.440   2110098432   1055049216
    36267312            1        2368.377     72534624     36267312
    36267312            2        4785.134    145069248     72534624
    36267312            4        7415.468    290138496    145069248
    36267312            8       12721.940    580276992    290138496
    36267312           16       23284.119   1160553984    580276992
    39894032            1        2610.296     79788064     39894032
    39894032            2        5251.520    159576128     79788064
    39894032            4        8156.553    319152256    159576128
    39894032            8       14048.001    638304512    319152256
    39894032           16       25653.408   1276609024    638304512
    43883424            1        2889.054     87766848     43883424
    43883424            2        5827.349    175533696     87766848
    43883424            4        9020.097    351067392    175533696
    43883424            8       15450.706    702134784    351067392
    43883424           16       28235.311   1404269568    702134784
    48271760            1        3168.232     96543520     48271760
    48271760            2        6335.803    193087040     96543520
    48271760            4        9877.018    386174080    193087040
    48271760            8       16911.748    772348160    386174080
    48271760           16       30981.289   1544696320    772348160
    53098928            1        3503.916    106197856     53098928
    53098928            2        6993.174    212395712    106197856
    53098928            4       10877.966    424791424    212395712
    53098928            8       18651.258    849582848    424791424
    53098928           16       34196.499   1699165696    849582848
    58408816            1        3864.104    116817632     58408816
    58408816            2        7777.990    233635264    116817632
    58408816            4       12237.440    467270528    233635264
    58408816            8       21159.585    934541056    467270528
    58408816           16       39136.450   1869082112    934541056
    64249696            1        4238.930    128499392     64249696
    64249696            2        8480.224    256998784    128499392
    64249696            4       13446.634    513997568    256998784
    64249696            8       23336.284   1027995136    513997568
    64249696           16       43195.042   2055990272   1027995136
    70674656            1        4722.347    141349312     70674656
    70674656            2        9193.939    282698624    141349312
    70674656            4       14603.722    565397248    282698624
    70674656            8       25389.306   1130794496    565397248
    77742112            1        5116.338    155484224     77742112
    77742112            2       10218.301    310968448    155484224
    77742112            4       15921.529    621936896    310968448
    77742112            8       27205.588   1243873792    621936896
    85516320            1        5621.046    171032640     85516320
    85516320            2       11223.948    342065280    171032640
    85516320            4       17489.450    684130560    342065280
    85516320            8       29964.560   1368261120    684130560
    94067952            1        6124.380    188135904     94067952
    94067952            2       12206.472    376271808    188135904
    94067952            4       19509.640    752543616    376271808
    94067952            8       33866.895   1505087232    752543616
   103474736            1        6836.772    206949472    103474736
   103474736            2       13573.049    413898944    206949472
   103474736            4       21199.678    827797888    413898944
   103474736            8       36289.252   1655595776    827797888
   113822208            1        7499.663    227644416    113822208
   113822208            2       14921.082    455288832    227644416
   113822208            4       23211.783    910577664    455288832
   113822208            8       39978.731   1821155328    910577664
   125204416            1        8251.819    250408832    125204416
   125204416            2       16559.982    500817664    250408832
   125204416            4       26033.180   1001635328    500817664
   125204416            8       45116.716   2003270656   1001635328
   137724848            1        9038.068    275449696    137724848
   137724848            2       18034.961    550899392    275449696
   137724848            4       28322.629   1101798784    550899392
   151497328            1        9902.463    302994656    151497328
   151497328            2       19790.219    605989312    302994656
   151497328            4       31466.145   1211978624    605989312
   166647056            1       11109.174    333294112    166647056
   166647056            2       21794.149    666588224    333294112
   166647056            4       33857.144   1333176448    666588224
   183311760            1       11997.322    366623520    183311760
   183311760            2       23989.856    733247040    366623520
   183311760            4       37347.774   1466494080    733247040
   201642928            1       13216.956    403285856    201642928
   201642928            2       26472.014    806571712    403285856
   201642928            4       41122.131   1613143424    806571712
   221807216            1       14522.220    443614432    221807216
   221807216            2       28903.177    887228864    443614432
   221807216            4       45974.358   1774457728    887228864
   243987936            1       16061.967    487975872    243987936
   243987936            2       32069.112    975951744    487975872
   243987936            4       50734.080   1951903488    975951744
   268386720            1       17545.491    536773440    268386720
   268386720            2       35083.448   1073546880    536773440
   268386720            4       54725.590   2147093760   1073546880
   295225392            1       19375.037    590450784    295225392
   295225392            2       38635.532   1180901568    590450784
   324747920            1       21071.206    649495840    324747920
   324747920            2       42131.622   1298991680    649495840
   357222704            1       23282.431    714445408    357222704
   357222704            2       46620.344   1428890816    714445408
   392944960            1       25862.761    785889920    392944960
   392944960            2       51653.097   1571779840    785889920
   432239456            1       28419.747    864478912    432239456
   432239456            2       56928.240   1728957824    864478912
   475463392            1       30820.191    950926784    475463392
   475463392            2       61531.470   1901853568    950926784
   523009728            1       33824.038   1046019456    523009728
   523009728            2       68121.382   2092038912   1046019456
   575310688            1       37849.700   1150621376    575310688
   632841744            1       41529.260   1265683488    632841744
   696125904            1       45979.361   1392251808    696125904
   765738480            1       50384.719   1531476960    765738480
   842312320            1       54711.150   1684624640    842312320
   926543552            1       59889.603   1853087104    926543552
  1019197904            1       67103.358   2038395808   1019197904

META_DATA
FLOPS          8
OPENMP_THREADS 2
ERT_VERSION  1.1.0
HOSTNAME  ('cachyos-laptop', [], ['127.0.1.1'])
UNAME  uname_result(system='Linux', node='cachyos-laptop', release='6.18.0-2-cachyos', version='#1 SMP PREEMPT_DYNAMIC Sat, 06 Dec 2025 07:42:36 +0000', machine='x86_64')
TIMESTAMP_DATA  1765908490.0669813
CONFIG  {'ERT_MPI': ['False'], 'ERT_OPENMP': ['True'], 'ERT_OPENMP_CFLAGS': ['-fopenmp'], 'ERT_OPENMP_LDFLAGS': ['-fopenmp'], 'ERT_PRECISION': ['FP64'], 'ERT_TRIALS_MIN': ['1'], 'ERT_TRIALS': ['3', '#', 'Run', 'each', 'test', '3', 'times', 'to', 'filter', 'out', 'background', 'noise'], 'ERT_RESULTS': ['Results/5500U'], 'ERT_GNUPLOT': ['gnuplot'], 'ERT_DRIVER': ['driver1'], 'ERT_KERNEL': ['kernel1'], 'ERT_CC': ['g++'], 'ERT_LD': ['g++'], 'ERT_CFLAGS': ['-O3', '-march=native', '-fopenmp', '-fstrict-aliasing', '-funroll-loops', '-Wno-all'], 'ERT_LDFLAGS': ['-O3', '-march=native', '-fopenmp'], 'ERT_LDLIBS': ['-lm'], 'ERT_RUN': ['export', 'OMP_NUM_THREADS=ERT_OPENMP_THREADS;', './ERT_CODE'], 'ERT_WORKING_SET_MIN': ['128'], 'ERT_MEMORY_MAX': ['1073741824'], 'ERT_ALIGN': ['64'], 'ERT_MIN_PROCS': ['1'], 'ERT_MAX_PROCS': ['1'], 'ERT_OPENMP_THREADS': ['1,2,4,8,12', '#', 'Logical', 'Threads'], 'ERT_NUM_EXPERIMENTS': ['5'], 'ERT_FLOPS': ['1,2,4,8'], 'ERT_GPU': [False], 'ERT_HIP': [False], 'ERT_OCL': [False], 'ERT_SYCL': [False], 'ERT_WSS_MULT': [1.1]}
