fp64
        2048            1           1.112         4096         2048
        2048            2           0.451         8192         4096
        2048            4           0.571        16384         8192
        2048            8           0.551        32768        16384
        2048           16           0.701        65536        32768
        2048           32           1.052       131072        65536
        2048           64           1.613       262144       131072
        2048          128           2.846       524288       262144
        2048          256           5.641      1048576       524288
        2048          512          10.610      2097152      1048576
        2048         1024          20.117      4194304      2097152
        2048         2048          39.975      8388608      4194304
        2048         4096          79.117     16777216      8388608
        2048         8192         158.084     33554432     16777216
        2048        16384         315.005     67108864     33554432
        2048        32768         633.237    134217728     67108864
        2048        65536        1268.568    268435456    134217728
        2048       131072        2532.947    536870912    268435456
        2048       262144        5057.800   1073741824    536870912
        2048       524288       10112.695   2147483648   1073741824
        2240            1           0.932         4480         2240
        2240            2           0.561         8960         4480
        2240            4           0.521        17920         8960
        2240            8           0.561        35840        17920
        2240           16           0.722        71680        35840
        2240           32           1.102       143360        71680
        2240           64           1.744       286720       143360
        2240          128           3.346       573440       286720
        2240          256           6.091      1146880       573440
        2240          512          11.211      2293760      1146880
        2240         1024          22.292      4587520      2293760
        2240         2048          43.881      9175040      4587520
        2240         4096          87.112     18350080      9175040
        2240         8192         176.629     36700160     18350080
        2240        16384         358.286     73400320     36700160
        2240        32768         695.613    146800640     73400320
        2240        65536        1394.292    293601280    146800640
        2240       131072        2779.987    587202560    293601280
        2240       262144        5600.188   1174405120    587202560
        2464            1           1.453         4928         2464
        2464            2           0.822         9856         4928
        2464            4           0.531        19712         9856
        2464            8           0.671        39424        19712
        2464           16           0.891        78848        39424
        2464           32           1.142       157696        78848
        2464           64           2.134       315392       157696
        2464          128           3.507       630784       315392
        2464          256           6.492      1261568       630784
        2464          512          12.453      2523136      1261568
        2464         1024          24.515      5046272      2523136
        2464         2048          48.510     10092544      5046272
        2464         4096         110.977     20185088     10092544
        2464         8192         193.329     40370176     20185088
        2464        16384         385.977     80740352     40370176
        2464        32768         785.791    161480704     80740352
        2464        65536        1558.456    322961408    161480704
        2464       131072        3103.137    645922816    322961408
        2464       262144        6199.272   1291845632    645922816
        2704            1           0.821         5408         2704
        2704            2           0.481        10816         5408
        2704            4           0.511        21632        10816
        2704            8           0.621        43264        21632
        2704           16           0.801        86528        43264
        2704           32           1.212       173056        86528
        2704           64           2.044       346112       173056
        2704          128           3.998       692224       346112
        2704          256           7.294      1384448       692224
        2704          512          13.956      2768896      1384448
        2704         1024          27.180      5537792      2768896
        2704         2048          53.760     11075584      5537792
        2704         4096         106.799     22151168     11075584
        2704         8192         212.965     44302336     22151168
        2704        16384         431.752     88604672     44302336
        2704        32768         852.325    177209344     88604672
        2704        65536        1707.173    354418688    177209344
        2704       131072        3441.786    708837376    354418688
        2704       262144        6837.058   1417674752    708837376
        2960            1           0.902         5920         2960
        2960            2           0.551        11840         5920
        2960            4           0.561        23680        11840
        2960            8           0.611        47360        23680
        2960           16           0.831        94720        47360
        2960           32           1.572       189440        94720
        2960           64           2.244       378880       189440
        2960          128           4.298       757760       378880
        2960          256           7.624      1515520       757760
        2960          512          15.138      3031040      1515520
        2960         1024          29.405      6062080      3031040
        2960         2048          71.382     12124160      6062080
        2960         4096         116.767     24248320     12124160
        2960         8192         232.742     48496640     24248320
        2960        16384         464.754     96993280     48496640
        2960        32768         934.687    193986560     96993280
        2960        65536        1865.687    387973120    193986560
        2960       131072        3743.267    775946240    387973120
        2960       262144        7458.171   1551892480    775946240
        3248            1           2.725         6496         3248
        3248            2           0.621        12992         6496
        3248            4           0.601        25984        12992
        3248            8           0.641        51968        25984
        3248           16           0.902       103936        51968
        3248           32           1.393       207872       103936
        3248           64           2.405       415744       207872
        3248          128           4.689       831488       415744
        3248          256           8.717      1662976       831488
        3248          512          16.801      3325952      1662976
        3248         1024          32.971      6651904      3325952
        3248         2048          65.271     13303808      6651904
        3248         4096         129.431     26607616     13303808
        3248         8192         272.406     53215232     26607616
        3248        16384         516.821    106430464     53215232
        3248        32768        1039.772    212860928    106430464
        3248        65536        2077.060    425721856    212860928
        3248       131072        4156.164    851443712    425721856
        3248       262144        8303.352   1702887424    851443712
        3568            1           0.761         7136         3568
        3568            2           0.471        14272         7136
        3568            4           0.741        28544        14272
        3568            8           0.662        57088        28544
        3568           16           0.942       114176        57088
        3568           32           1.493       228352       114176
        3568           64           2.615       456704       228352
        3568          128           5.079       913408       456704
        3568          256           9.507      1826816       913408
        3568          512          18.344      3653632      1826816
        3568         1024          36.027      7307264      3653632
        3568         2048          71.313     14614528      7307264
        3568         4096         142.145     29229056     14614528
        3568         8192         299.847     58458112     29229056
        3568        16384         566.844    116916224     58458112
        3568        32768        1138.527    233832448    116916224
        3568        65536        2274.357    467664896    233832448
        3568       131072        4572.929    935329792    467664896
        3568       262144        9128.707   1870659584    935329792
        3920            1           2.445         7840         3920
        3920            2           0.801        15680         7840
        3920            4           0.671        31360        15680
        3920            8           0.741        62720        31360
        3920           16           0.982       125440        62720
        3920           32           1.853       250880       125440
        3920           64           2.756       501760       250880
        3920          128           5.430      1003520       501760
        3920          256          10.199      2007040      1003520
        3920          512          20.368      4014080      2007040
        3920         1024          41.096      8028160      4014080
        3920         2048          78.085     16056320      8028160
        3920         4096         153.676     32112640     16056320
        3920         8192         321.918     64225280     32112640
        3920        16384         614.272    128450560     64225280
        3920        32768        1230.207    256901120    128450560
        3920        65536        2496.139    513802240    256901120
        3920       131072        4936.515   1027604480    513802240
        3920       262144        9822.305   2055208960   1027604480
        4304            1           0.912         8608         4304
        4304            2           0.491        17216         8608
        4304            4           0.561        34432        17216
        4304            8           0.712        68864        34432
        4304           16           1.042       137728        68864
        4304           32           1.984       275456       137728
        4304           64           3.006       550912       275456
        4304          128           5.931      1101824       550912
        4304          256          11.171      2203648      1101824
        4304          512          21.400      4407296      2203648
        4304         1024          42.910      8814592      4407296
        4304         2048          84.527     17629184      8814592
        4304         4096         184.153     35258368     17629184
        4304         8192         337.357     70516736     35258368
        4304        16384         680.063    141033472     70516736
        4304        32768        1354.337    282066944    141033472
        4304        65536        2710.307    564133888    282066944
        4304       131072        5413.962   1128267776    564133888
        4720            1           1.923         9440         4720
        4720            2           0.491        18880         9440
        4720            4           0.791        37760        18880
        4720            8           0.781        75520        37760
        4720           16           1.162       151040        75520
        4720           32           1.834       302080       151040
        4720           64           3.266       604160       302080
        4720          128           6.432      1208320       604160
        4720          256          12.072      2416640      1208320
        4720          512          23.834      4833280      2416640
        4720         1024          46.928      9666560      4833280
        4720         2048          93.173     19333120      9666560
        4720         4096         185.695     38666240     19333120
        4720         8192         379.996     77332480     38666240
        4720        16384         740.796    154664960     77332480
        4720        32768        1495.670    309329920    154664960
        4720        65536        3023.990    618659840    309329920
        4720       131072        5966.028   1237319680    618659840
        5184            1           1.402        10368         5184
        5184            2           0.601        20736        10368
        5184            4           0.681        41472        20736
        5184            8           0.781        82944        41472
        5184           16           1.163       165888        82944
        5184           32           1.944       331776       165888
        5184           64           3.556       663552       331776
        5184          128           6.662      1327104       663552
        5184          256          12.874      2654208      1327104
        5184          512          25.658      5308416      2654208
        5184         1024          53.800     10616832      5308416
        5184         2048         100.347     21233664     10616832
        5184         4096         200.522     42467328     21233664
        5184         8192         400.554     84934656     42467328
        5184        16384         806.238    169869312     84934656
        5184        32768        1607.638    339738624    169869312
        5184        65536        3214.013    679477248    339738624
        5184       131072        6430.291   1358954496    679477248
        5696            1           1.843        11392         5696
        5696            2           0.511        22784        11392
        5696            4           0.661        45568        22784
        5696            8           0.861        91136        45568
        5696           16           1.242       182272        91136
        5696           32           2.094       364544       182272
        5696           64           4.098       729088       364544
        5696          128           7.534      1458176       729088
        5696          256          14.396      2916352      1458176
        5696          512          28.112      5832704      2916352
        5696         1024          55.543     11665408      5832704
        5696         2048         110.526     23330816     11665408
        5696         4096         220.259     46661632     23330816
        5696         8192         439.848     93323264     46661632
        5696        16384         890.235    186646528     93323264
        5696        32768        1767.274    373293056    186646528
        5696        65536        3531.803    746586112    373293056
        5696       131072        7063.908   1493172224    746586112
        6256            1           1.172        12512         6256
        6256            2           0.591        25024        12512
        6256            4           0.821        50048        25024
        6256            8           0.872       100096        50048
        6256           16           1.362       200192       100096
        6256           32           2.294       400384       200192
        6256           64           4.429       800768       400384
        6256          128           8.215      1601536       800768
        6256          256          15.910      3203072      1601536
        6256          512          30.908      6406144      3203072
        6256         1024          61.765     12812288      6406144
        6256         2048         126.004     25624576     12812288
        6256         4096         244.805     51249152     25624576
        6256         8192         495.100    102498304     51249152
        6256        16384         982.977    204996608    102498304
        6256        32768        1965.122    409993216    204996608
        6256        65536        3929.553    819986432    409993216
        6256       131072        7848.175   1639972864    819986432
        6880            1           2.945        13760         6880
        6880            2           0.661        27520        13760
        6880            4           0.852        55040        27520
        6880            8           0.922       110080        55040
        6880           16           1.453       220160       110080
        6880           32           2.454       440320       220160
        6880           64           4.849       880640       440320
        6880          128           8.986      1761280       880640
        6880          256          17.302      3522560      1761280
        6880          512          33.913      7045120      3522560
        6880         1024          67.225     14090240      7045120
        6880         2048         133.999     28180480     14090240
        6880         4096         267.918     56360960     28180480
        6880         8192         536.928    112721920     56360960
        6880        16384        1072.904    225443840    112721920
        6880        32768        2149.826    450887680    225443840
        6880        65536        4290.724    901775360    450887680
        6880       131072        8575.438   1803550720    901775360
        7568            1           1.513        15136         7568
        7568            2           0.831        30272        15136
        7568            4           0.682        60544        30272
        7568            8           1.082       121088        60544
        7568           16           1.522       242176       121088
        7568           32           2.945       484352       242176
        7568           64           5.270       968704       484352
        7568          128           9.828      1937408       968704
        7568          256          19.016      3874816      1937408
        7568          512          37.330      7749632      3874816
        7568         1024          74.058     15499264      7749632
        7568         2048         147.374     30998528     15499264
        7568         4096         294.036     61997056     30998528
        7568         8192         590.357    123994112     61997056
        7568        16384        1179.772    247988224    123994112
        7568        32768        2359.996    495976448    247988224
        7568        65536        4719.081    991952896    495976448
        7568       131072        9436.979   1983905792    991952896
        8320            1           2.665        16640         8320
        8320            2           0.581        33280        16640
        8320            4           0.791        66560        33280
        8320            8           1.312       133120        66560
        8320           16           1.623       266240       133120
        8320           32           2.875       532480       266240
        8320           64           5.400      1064960       532480
        8320          128          10.690      2129920      1064960
        8320          256          20.688      4259840      2129920
        8320          512          40.675      8519680      4259840
        8320         1024          80.409     17039360      8519680
        8320         2048         174.986     34078720     17039360
        8320         4096         320.766     68157440     34078720
        8320         8192         644.698    136314880     68157440
        8320        16384        1290.037    272629760    136314880
        8320        32768        2578.402    545259520    272629760
        8320        65536        5151.814   1090519040    545259520
        9152            1           1.163        18304         9152
        9152            2           0.881        36608        18304
        9152            4           0.862        73216        36608
        9152            8           1.102       146432        73216
        9152           16           1.813       292864       146432
        9152           32           3.125       585728       292864
        9152           64           5.911      1171456       585728
        9152          128          11.662      2342912      1171456
        9152          256          63.458      4685824      2342912
        9152          512          46.927      9371648      4685824
        9152         1024          89.266     18743296      9371648
        9152         2048         176.969     37486592     18743296
        9152         4096         353.097     74973184     37486592
        9152         8192         711.693    149946368     74973184
        9152        16384        1416.553    299892736    149946368
        9152        32768        2834.428    599785472    299892736
        9152        65536        5666.250   1199570944    599785472
       10064            1           3.517        20128        10064
       10064            2           0.721        40256        20128
       10064            4           0.792        80512        40256
       10064            8           1.152       161024        80512
       10064           16           2.204       322048       161024
       10064           32           3.436       644096       322048
       10064           64           6.753      1288192       644096
       10064          128          12.844      2576384      1288192
       10064          256          24.806      5152768      2576384
       10064          512          63.458     10305536      5152768
       10064         1024          98.022     20611072     10305536
       10064         2048         195.303     41222144     20611072
       10064         4096         390.235     82444288     41222144
       10064         8192         785.770    164888576     82444288
       10064        16384        1566.190    329777152    164888576
       10064        32768        3144.113    659554304    329777152
       10064        65536        6263.871   1319108608    659554304
       11056            1           1.953        22112        11056
       11056            2           0.691        44224        22112
       11056            4           0.931        88448        44224
       11056            8           1.252       176896        88448
       11056           16           2.054       353792       176896
       11056           32           4.048       707584       353792
       11056           64           7.384      1415168       707584
       11056          128          14.147      2830336      1415168
       11056          256          27.160      5660672      2830336
       11056          512          54.040     11321344      5660672
       11056         1024         107.510     22642688     11321344
       11056         2048         225.510     45285376     22642688
       11056         4096         429.769     90570752     45285376
       11056         8192         863.064    181141504     90570752
       11056        16384        1732.710    362283008    181141504
       11056        32768        3457.084    724566016    362283008
       11056        65536        6907.908   1449132032    724566016
       12160            1           2.815        24320        12160
       12160            2           0.791        48640        24320
       12160            4           1.051        97280        48640
       12160            8           1.312       194560        97280
       12160           16           2.215       389120       194560
       12160           32           4.328       778240       389120
       12160           64           7.705      1556480       778240
       12160          128          15.288      3112960      1556480
       12160          256          29.865      6225920      3112960
       12160          512          59.330     12451840      6225920
       12160         1024         117.949     24903680     12451840
       12160         2048         238.484     49807360     24903680
       12160         4096         474.372     99614720     49807360
       12160         8192         942.452    199229440     99614720
       12160        16384        1880.936    398458880    199229440
       12160        32768        3779.894    796917760    398458880
       12160        65536        7568.686   1593835520    796917760
       13376            1           1.602        26752        13376
       13376            2           0.652        53504        26752
       13376            4           1.002       107008        53504
       13376            8           1.403       214016       107008
       13376           16           2.685       428032       214016
       13376           32           4.398       856064       428032
       13376           64           8.716      1712128       856064
       13376          128          16.751      3424256      1712128
       13376          256          32.861      6848512      3424256
       13376          512          65.071     13697024      6848512
       13376         1024         129.531     27394048     13697024
       13376         2048         258.660     54788096     27394048
       13376         4096         520.016    109576192     54788096
       13376         8192        1034.573    219152384    109576192
       13376        16384        2074.205    438304768    219152384
       13376        32768        4144.061    876609536    438304768
       13376        65536        8290.648   1753219072    876609536
       14704            1           3.577        29408        14704
       14704            2           0.802        58816        29408
       14704            4           1.052       117632        58816
       14704            8           1.493       235264       117632
       14704           16           2.896       470528       235264
       14704           32           4.959       941056       470528
       14704           64           9.498      1882112       941056
       14704          128          20.418      3764224      1882112
       14704          256          36.007      7528448      3764224
       14704          512          71.604     15056896      7528448
       14704         1024         157.904     30113792     15056896
       14704         2048         285.270     60227584     30113792
       14704         4096         573.706    120455168     60227584
       14704         8192        1167.119    240910336    120455168
       14704        16384        2287.331    481820672    240910336
       14704        32768        4585.221    963641344    481820672
       14704        65536        9157.599   1927282688    963641344
       16160            1           1.563        32320        16160
       16160            2           0.781        64640        32320
       16160            4           1.082       129280        64640
       16160            8           1.633       258560       129280
       16160           16           2.825       517120       258560
       16160           32           5.531      1034240       517120
       16160           64          10.409      2068480      1034240
       16160          128          20.158      4136960      2068480
       16160          256          39.643      8273920      4136960
       16160          512          78.656     16547840      8273920
       16160         1024         156.701     33095680     16547840
       16160         2048         312.692     66191360     33095680
       16160         4096         630.692    132382720     66191360
       16160         8192        1255.403    264765440    132382720
       16160        16384        2511.378    529530880    264765440
       16160        32768        5012.044   1059061760    529530880
       16160        65536       10052.593   2118123520   1059061760
       17776            1           4.178        35552        17776
       17776            2           0.742        71104        35552
       17776            4           1.092       142208        71104
       17776            8           1.753       284416       142208
       17776           16           3.356       568832       284416
       17776           32           6.052      1137664       568832
       17776           64          11.241      2275328      1137664
       17776          128          22.122      4550656      2275328
       17776          256          43.672      9101312      4550656
       17776          512         101.579     18202624      9101312
       17776         1024         176.068     36405248     18202624
       17776         2048         345.021     72810496     36405248
       17776         4096         697.937    145620992     72810496
       17776         8192        1383.692    291241984    145620992
       17776        16384        2776.039    582483968    291241984
       17776        32768        5533.563   1164967936    582483968
       19552            1           2.074        39104        19552
       19552            2           0.952        78208        39104
       19552            4           1.212       156416        78208
       19552            8           1.924       312832       156416
       19552           16           3.316       625664       312832
       19552           32           6.572      1251328       625664
       19552           64          12.423      2502656      1251328
       19552          128          23.894      5005312      2502656
       19552          256          47.508     10010624      5005312
       19552          512          95.047     20021248     10010624
       19552         1024         189.322     40042496     20021248
       19552         2048         378.113     80084992     40042496
       19552         4096         760.683    160169984     80084992
       19552         8192        1518.852    320339968    160169984
       19552        16384        3031.223    640679936    320339968
       19552        32768        6071.673   1281359872    640679936
       21504            1           3.637        43008        21504
       21504            2           0.872        86016        43008
       21504            4           1.182       172032        86016
       21504            8           2.003       344064       172032
       21504           16           3.607       688128       344064
       21504           32           6.883      1376256       688128
       21504           64          13.365      2752512      1376256
       21504          128          26.459      5505024      2752512
       21504          256          68.738     11010048      5505024
       21504          512         104.174     22020096     11010048
       21504         1024         207.446     44040192     22020096
       21504         2048         418.548     88080384     44040192
       21504         4096         833.920    176160768     88080384
       21504         8192        1664.062    352321536    176160768
       21504        16384        3332.563    704643072    352321536
       21504        32768        6654.637   1409286144    704643072
       23648            1           2.103        47296        23648
       23648            2           0.912        94592        47296
       23648            4           1.262       189184        94592
       23648            8           2.474       378368       189184
       23648           16           3.967       756736       378368
       23648           32           7.734      1513472       756736
       23648           64          14.808      3026944      1513472
       23648          128          28.794      6053888      3026944
       23648          256          57.217     12107776      6053888
       23648          512         114.744     24215552     12107776
       23648         1024         240.347     48431104     24215552
       23648         2048         457.090     96862208     48431104
       23648         4096         920.170    193724416     96862208
       23648         8192        1836.573    387448832    193724416
       23648        16384        3670.231    774897664    387448832
       23648        32768        7371.389   1549795328    774897664
       26000            1          18.565        52000        26000
       26000            2           0.891       104000        52000
       26000            4           1.482       208000       104000
       26000            8           2.445       416000       208000
       26000           16           4.549       832000       416000
       26000           32           8.225      1664000       832000
       26000           64          16.019      3328000      1664000
       26000          128          31.799      6656000      3328000
       26000          256          63.287     13312000      6656000
       26000          512         126.205     26624000     13312000
       26000         1024         252.218     53248000     26624000
       26000         2048         513.354    106496000     53248000
       26000         4096        1010.298    212992000    106496000
       26000         8192        2017.930    425984000    212992000
       26000        16384        4049.826    851968000    425984000
       26000        32768        8072.242   1703936000    851968000
       28592            1           2.444        57184        28592
       28592            2           0.901       114368        57184
       28592            4           1.573       228736       114368
       28592            8           2.856       457472       228736
       28592           16           4.689       914944       457472
       28592           32           9.317      1829888       914944
       28592           64          17.863      3659776      1829888
       28592          128          35.225      7319552      3659776
       28592          256          69.789     14639104      7319552
       28592          512         139.800     29278208     14639104
       28592         1024         277.686     58556416     29278208
       28592         2048         561.353    117112832     58556416
       28592         4096        1112.527    234225664    117112832
       28592         8192        2238.621    468451328    234225664
       28592        16384        4451.453    936902656    468451328
       28592        32768        8901.612   1873805312    936902656
       31440            1           2.103        62880        31440
       31440            2           0.982       125760        62880
       31440            4           1.573       251520       125760
       31440            8           3.046       503040       251520
       31440           16           5.380      1006080       503040
       31440           32          10.129      2012160      1006080
       31440           64          19.597      4024320      2012160
       31440          128          38.211      8048640      4024320
       31440          256          76.051     16097280      8048640
       31440          512         152.403     32194560     16097280
       31440         1024         303.885     64389120     32194560
       31440         2048         615.163    128778240     64389120
       31440         4096        1220.658    257556480    128778240
       31440         8192        2444.543    515112960    257556480
       31440        16384        4876.923   1030225920    515112960
       31440        32768        9775.937   2060451840   1030225920
       34576            1           2.595        69152        34576
       34576            2           1.022       138304        69152
       34576            4           1.673       276608       138304
       34576            8           3.256       553216       276608
       34576           16           5.581      1106432       553216
       34576           32          11.091      2212864      1106432
       34576           64          21.420      4425728      2212864
       34576          128          42.268      8851456      4425728
       34576          256          83.996     17702912      8851456
       34576          512         167.151     35405824     17702912
       34576         1024         341.875     70811648     35405824
       34576         2048         667.721    141623296     70811648
       34576         4096        1343.036    283246592    141623296
       34576         8192        2689.047    566493184    283246592
       34576        16384        5364.139   1132986368    566493184
       38032            1           2.255        76064        38032
       38032            2           1.092       152128        76064
       38032            4           1.794       304256       152128
       38032            8           3.216       608512       304256
       38032           16           6.412      1217024       608512
       38032           32          12.112      2434048      1217024
       38032           64          23.524      4868096      2434048
       38032          128          46.466      9736192      4868096
       38032          256          92.282     19472384      9736192
       38032          512         193.109     38944768     19472384
       38032         1024         370.308     77889536     38944768
       38032         2048         736.519    155779072     77889536
       38032         4096        1476.344    311558144    155779072
       38032         8192        2948.229    623116288    311558144
       38032        16384        5918.479   1246232576    623116288
       41824            1           3.326        83648        41824
       41824            2           1.262       167296        83648
       41824            4           1.974       334592       167296
       41824            8           3.807       669184       334592
       41824           16           6.963      1338368       669184
       41824           32          13.235      2676736      1338368
       41824           64          25.818      5353472      2676736
       41824          128          51.095     10706944      5353472
       41824          256         104.524     21413888     10706944
       41824          512         203.378     42827776     21413888
       41824         1024         408.719     85655552     42827776
       41824         2048         816.016    171311104     85655552
       41824         4096        1632.684    342622208    171311104
       41824         8192        3245.321    685244416    342622208
       41824        16384        6494.118   1370488832    685244416
       46000            1           3.156        92000        46000
       46000            2           1.232       184000        92000
       46000            4           2.104       368000       184000
       46000            8           3.837       736000       368000
       46000           16           7.614      1472000       736000
       46000           32          14.537      2944000      1472000
       46000           64          28.062      5888000      2944000
       46000          128          55.894     11776000      5888000
       46000          256         111.587     23552000     11776000
       46000          512         234.115     47104000     23552000
       46000         1024         447.952     94208000     47104000
       46000         2048         892.759    188416000     94208000
       46000         4096        1789.064    376832000    188416000
       46000         8192        3593.839    753664000    376832000
       46000        16384        7152.422   1507328000    753664000
       50592            1           5.069       101184        50592
       50592            2           1.402       202368       101184
       50592            4           2.314       404736       202368
       50592            8           4.178       809472       404736
       50592           16           8.004      1618944       809472
       50592           32          15.879      3237888      1618944
       50592           64          31.068      6475776      3237888
       50592          128          61.324     12951552      6475776
       50592          256         125.743     25903104     12951552
       50592          512         258.351     51806208     25903104
       50592         1024         488.047    103612416     51806208
       50592         2048         982.776    207224832    103612416
       50592         4096        1960.663    414449664    207224832
       50592         8192        3925.185    828899328    414449664
       50592        16384        7847.764   1657798656    828899328
       55648            1           3.948       111296        55648
       55648            2           2.295       222592       111296
       55648            4           2.675       445184       222592
       55648            8           4.538       890368       445184
       55648           16           8.786      1780736       890368
       55648           32          17.112      3561472      1780736
       55648           64          33.852      7122944      3561472
       55648          128          67.656     14245888      7122944
       55648          256         134.641     28491776     14245888
       55648          512         269.020     56983552     28491776
       55648         1024         542.458    113967104     56983552
       55648         2048        1081.921    227934208    113967104
       55648         4096        2172.186    455868416    227934208
       55648         8192        4323.445    911736832    455868416
       55648        16384        8705.287   1823473664    911736832
       61200            1           4.278       122400        61200
       61200            2           1.513       244800       122400
       61200            4           2.675       489600       244800
       61200            8           5.190       979200       489600
       61200           16           9.648      1958400       979200
       61200           32          18.795      3916800      1958400
       61200           64          37.269      7833600      3916800
       61200          128          74.067     15667200      7833600
       61200          256         147.904     31334400     15667200
       61200          512         295.209     62668800     31334400
       61200         1024         597.921    125337600     62668800
       61200         2048        1186.335    250675200    125337600
       61200         4096        2385.192    501350400    250675200
       61200         8192        4758.813   1002700800    501350400
       61200        16384        9493.261   2005401600   1002700800
       67312            1           4.208       134624        67312
       67312            2           1.663       269248       134624
       67312            4           3.045       538496       269248
       67312            8           5.811      1076992       538496
       67312           16          10.880      2153984      1076992
       67312           32          20.969      4307968      2153984
       67312           64          41.236      8615936      4307968
       67312          128          95.808     17231872      8615936
       67312          256         166.188     34463744     17231872
       67312          512         325.435     68927488     34463744
       67312         1024         653.725    137854976     68927488
       67312         2048        1306.247    275709952    137854976
       67312         4096        2615.049    551419904    275709952
       67312         8192        5226.342   1102839808    551419904
       74032            1           4.599       148064        74032
       74032            2           1.953       296128       148064
       74032            4           3.317       592256       296128
       74032            8           6.342      1184512       592256
       74032           16          11.672      2369024      1184512
       74032           32          23.133      4738048      2369024
       74032           64          45.584      9476096      4738048
       74032          128          93.924     18952192      9476096
       74032          256         180.125     37904384     18952192
       74032          512         370.578     75808768     37904384
       74032         1024         722.112    151617536     75808768
       74032         2048        1445.646    303235072    151617536
       74032         4096        2892.315    606470144    303235072
       74032         8192        5778.388   1212940288    606470144
       81424            1           4.749       162848        81424
       81424            2           2.003       325696       162848
       81424            4           3.827       651392       325696
       81424            8           6.642      1302784       651392
       81424           16          13.024      2605568      1302784
       81424           32          25.287      5211136      2605568
       81424           64          49.763     10422272      5211136
       81424          128          98.974     20844544     10422272
       81424          256         197.086     41689088     20844544
       81424          512         395.956     83378176     41689088
       81424         1024         789.106    166756352     83378176
       81424         2048        1578.413    333512704    166756352
       81424         4096        3157.277    667025408    333512704
       81424         8192        6316.367   1334050816    667025408
       89552            1           5.200       179104        89552
       89552            2           2.074       358208       179104
       89552            4           3.817       716416       358208
       89552            8           7.173      1432832       716416
       89552           16          14.187      2865664      1432832
       89552           32          27.341      5731328      2865664
       89552           64          68.037     11462656      5731328
       89552          128         108.151     22925312     11462656
       89552          256         216.452     45850624     22925312
       89552          512         432.093     91701248     45850624
       89552         1024         872.972    183402496     91701248
       89552         2048        1739.483    366804992    183402496
       89552         4096        3478.714    733609984    366804992
       89552         8192        6956.287   1467219968    733609984
       98496            1           8.396       196992        98496
       98496            2           2.405       393984       196992
       98496            4           4.178       787968       393984
       98496            8           8.125      1575936       787968
       98496           16          15.259      3151872      1575936
       98496           32          30.446      6303744      3151872
       98496           64          59.941     12607488      6303744
       98496          128         119.722     25214976     12607488
       98496          256         238.693     50429952     25214976
       98496          512         483.779    100859904     50429952
       98496         1024         959.072    201719808    100859904
       98496         2048        1917.693    403439616    201719808
       98496         4096        3833.694    806879232    403439616
       98496         8192        7688.537   1613758464    806879232
      108336            1           7.424       216672       108336
      108336            2           2.485       433344       216672
      108336            4           4.709       866688       433344
      108336            8           8.626      1733376       866688
      108336           16          16.821      3466752      1733376
      108336           32          33.302      6933504      3466752
      108336           64          65.933     13867008      6933504
      108336          128         131.034     27734016     13867008
      108336          256         261.817     55468032     27734016
      108336          512         536.637    110936064     55468032
      108336         1024        1052.395    221872128    110936064
      108336         2048        2113.558    443744256    221872128
      108336         4096        4207.599    887488512    443744256
      108336         8192        8403.276   1774977024    887488512
      119168            1           7.734       238336       119168
      119168            2           2.755       476672       238336
      119168            4           5.240       953344       476672
      119168            8           9.688      1906688       953344
      119168           16          18.615      3813376      1906688
      119168           32          36.488      7626752      3813376
      119168           64          72.454     15253504      7626752
      119168          128         143.958     30507008     15253504
      119168          256         287.724     61014016     30507008
      119168          512         584.166    122028032     61014016
      119168         1024        1155.106    244056064    122028032
      119168         2048        2341.671    488112128    244056064
      119168         4096        4613.102    976224256    488112128
      119168         8192        9223.249   1952448512    976224256
      131072            1           7.945       262144       131072
      131072            2           3.186       524288       262144
      131072            4           5.761      1048576       524288
      131072            8          10.670      2097152      1048576
      131072           16          20.228      4194304      2097152
      131072           32          40.355      8388608      4194304
      131072           64          79.678     16777216      8388608
      131072          128         158.174     33554432     16777216
      131072          256         327.288     67108864     33554432
      131072          512         635.551    134217728     67108864
      131072         1024        1297.341    268435456    134217728
      131072         2048        2540.712    536870912    268435456
      131072         4096        5078.588   1073741824    536870912
      131072         8192       10159.770   2147483648   1073741824
      144176            1          11.712       288352       144176
      144176            2           3.326       576704       288352
      144176            4           6.202      1153408       576704
      144176            8          24.947      2306816      1153408
      144176           16          22.171      4613632      2306816
      144176           32          44.122      9227264      4613632
      144176           64          87.553     18454528      9227264
      144176          128         174.554     36909056     18454528
      144176          256         351.654     73818112     36909056
      144176          512         698.178    147636224     73818112
      144176         1024        1398.509    295272448    147636224
      144176         2048        2795.595    590544896    295272448
      144176         4096        5591.932   1181089792    590544896
      158592            1           9.537       317184       158592
      158592            2           3.436       634368       317184
      158592            4           6.652      1268736       634368
      158592            8          12.603      2537472      1268736
      158592           16          24.536      5074944      2537472
      158592           32          48.550     10149888      5074944
      158592           64          96.079     20299776     10149888
      158592          128         191.345     40599552     20299776
      158592          256         382.861     81199104     40599552
      158592          512         767.967    162398208     81199104
      158592         1024        1543.348    324796416    162398208
      158592         2048        3071.568    649592832    324796416
      158592         4096        6160.788   1299185664    649592832
      174448            1          11.321       348896       174448
      174448            2           4.007       697792       348896
      174448            4           7.173      1395584       697792
      174448            8          13.795      2791168      1395584
      174448           16          26.900      5582336      2791168
      174448           32          53.158     11164672      5582336
      174448           64         105.797     22329344     11164672
      174448          128         210.782     44658688     22329344
      174448          256         424.008     89317376     44658688
      174448          512         841.474    178634752     89317376
      174448         1024        1693.086    357269504    178634752
      174448         2048        3377.997    714539008    357269504
      174448         4096        6757.257   1429078016    714539008
      191888            1          11.281       383776       191888
      191888            2           4.028       767552       383776
      191888            4           7.574      1535104       767552
      191888            8          14.827      3070208      1535104
      191888           16          29.525      6140416      3070208
      191888           32          58.409     12280832      6140416
      191888           64         116.226     24561664     12280832
      191888          128         244.414     49123328     24561664
      191888          256         465.815     98246656     49123328
      191888          512         936.129    196493312     98246656
      191888         1024        1856.580    392986624    196493312
      191888         2048        3715.955    785973248    392986624
      191888         4096        7428.514   1571946496    785973248
      211072            1          14.598       422144       211072
      211072            2           4.809       844288       422144
      211072            4           8.857      1688576       844288
      211072            8          16.782      3377152      1688576
      211072           16          32.370      6754304      3377152
      211072           32          64.320     13508608      6754304
      211072           64         142.475     27017216     13508608
      211072          128         254.473     54034432     27017216
      211072          256         508.936    108068864     54034432
      211072          512        1026.047    216137728    108068864
      211072         1024        2045.942    432275456    216137728
      211072         2048        4087.175    864550912    432275456
      211072         4096        8169.701   1729101824    864550912
      232176            1          16.511       464352       232176
      232176            2           4.729       928704       464352
      232176            4           9.257      1857408       928704
      232176            8          17.874      3714816      1857408
      232176           16          35.646      7429632      3714816
      232176           32          70.071     14859264      7429632
      232176           64         154.617     29718528     14859264
      232176          128         280.160     59437056     29718528
      232176          256         560.051    118874112     59437056
      232176          512        1127.706    237748224    118874112
      232176         1024        2278.584    475496448    237748224
      232176         2048        4503.809    950992896    475496448
      232176         4096        8990.266   1901985792    950992896
      255392            1          18.394       510784       255392
      255392            2           5.660      1021568       510784
      255392            4          10.420      2043136      1021568
      255392            8          19.647      4086272      2043136
      255392           16          39.123      8172544      4086272
      255392           32          77.544     16345088      8172544
      255392           64         170.788     32690176     16345088
      255392          128         308.003     65380352     32690176
      255392          256         619.711    130760704     65380352
      255392          512        1237.600    261521408    130760704
      255392         1024        2476.181    523042816    261521408
      255392         2048        4946.070   1046085632    523042816
      255392         4096        9905.757   2092171264   1046085632
      280928            1          16.651       561856       280928
      280928            2           5.690      1123712       561856
      280928            4          11.221      2247424      1123712
      280928            8          21.650      4494848      2247424
      280928           16          42.939      8989696      4494848
      280928           32          99.565     17979392      8989696
      280928           64         169.896     35958784     17979392
      280928          128         339.170     71917568     35958784
      280928          256         702.635    143835136     71917568
      280928          512        1359.577    287670272    143835136
      280928         1024        2724.834    575340544    287670272
      280928         2048        5436.693   1150681088    575340544
      309008            1          19.065       618016       309008
      309008            2           6.322      1236032       618016
      309008            4          12.102      2472064      1236032
      309008            8          23.955      4944128      2472064
      309008           16          47.148      9888256      4944128
      309008           32          93.684     19776512      9888256
      309008           64         190.204     39553024     19776512
      309008          128         383.012     79106048     39553024
      309008          256         758.450    158212096     79106048
      309008          512        1494.848    316424192    158212096
      309008         1024        2993.652    632848384    316424192
      309008         2048        6002.043   1265696768    632848384
      339904            1          22.282       679808       339904
      339904            2           7.013      1359616       679808
      339904            4          13.285      2719232      1359616
      339904            8          26.059      5438464      2719232
      339904           16          51.536     10876928      5438464
      339904           32         102.781     21753856     10876928
      339904           64         204.730     43507712     21753856
      339904          128         413.318     87015424     43507712
      339904          256         824.432    174030848     87015424
      339904          512        1641.801    348061696    174030848
      339904         1024        3288.611    696123392    348061696
      339904         2048        6575.809   1392246784    696123392
      373888            1          24.225       747776       373888
      373888            2           8.005      1495552       747776
      373888            4          14.838      2991104      1495552
      373888            8          29.344      5982208      2991104
      373888           16          56.955     11964416      5982208
      373888           32         113.671     23928832     11964416
      373888           64         225.429     47857664     23928832
      373888          128         450.477     95715328     47857664
      373888          256         907.105    191430656     95715328
      373888          512        1811.897    382861312    191430656
      373888         1024        3718.430    765722624    382861312
      373888         2048        7263.928   1531445248    765722624
      411264            1          27.160       822528       411264
      411264            2           8.345      1645056       822528
      411264            4          16.210      3290112      1645056
      411264            8          31.589      6580224      3290112
      411264           16          62.937     13160448      6580224
      411264           32         124.822     26320896     13160448
      411264           64         262.718     52641792     26320896
      411264          128         498.627    105283584     52641792
      411264          256         997.504    210567168    105283584
      411264          512        1992.803    421134336    210567168
      411264         1024        3989.143    842268672    421134336
      411264         2048        7951.976   1684537344    842268672
      452384            1          32.170       904768       452384
      452384            2          14.787      1809536       904768
      452384            4          18.034      3619072      1809536
      452384            8          34.764      7238144      3619072
      452384           16          68.658     14476288      7238144
      452384           32         136.704     28952576     14476288
      452384           64         276.744     57905152     28952576
      452384          128         569.499    115810304     57905152
      452384          256        1095.937    231620608    115810304
      452384          512        2191.232    463241216    231620608
      452384         1024        4378.747    926482432    463241216
      452384         2048        8754.177   1852964864    926482432
      497616            1          31.759       995232       497616
      497616            2           9.759      1990464       995232
      497616            4          18.805      3980928      1990464
      497616            8          37.860      7961856      3980928
      497616           16          78.105     15923712      7961856
      497616           32         150.139     31847424     15923712
      497616           64         311.699     63694848     31847424
      497616          128         602.530    127389696     63694848
      497616          256        1204.138    254779392    127389696
      497616          512        2418.113    509558784    254779392
      497616         1024        4815.618   1019117568    509558784
      497616         2048        9623.963   2038235136   1019117568
      547376            1          33.773      1094752       547376
      547376            2          25.237      2189504      1094752
      547376            4          21.761      4379008      2189504
      547376            8          42.119      8758016      4379008
      547376           16          83.035     17516032      8758016
      547376           32         165.939     35032064     17516032
      547376           64         330.193     70064128     35032064
      547376          128         663.122    140128256     70064128
      547376          256        1324.672    280256512    140128256
      547376          512        2652.859    560513024    280256512
      547376         1024        5298.085   1121026048    560513024
      602112            1          40.114      1204224       602112
      602112            2          12.403      2408448      1204224
      602112            4          23.314      4816896      2408448
      602112            8          46.126      9633792      4816896
      602112           16          91.720     19267584      9633792
      602112           32         197.106     38535168     19267584
      602112           64         363.325     77070336     38535168
      602112          128         728.283    154140672     77070336
      602112          256        1457.228    308281344    154140672
      602112          512        2921.649    616562688    308281344
      602112         1024        5845.251   1233125376    616562688
      662320            1          41.196      1324640       662320
      662320            2          13.165      2649280      1324640
      662320            4          25.587      5298560      2649280
      662320            8          50.464     10597120      5298560
      662320           16         100.516     21194240     10597120
      662320           32         200.302     42388480     21194240
      662320           64         408.379     84776960     42388480
      662320          128         800.588    169553920     84776960
      662320          256        1605.714    339107840    169553920
      662320          512        3208.672    678215680    339107840
      662320         1024        6415.971   1356431360    678215680
      728544            1          47.298      1457088       728544
      728544            2          13.975      2914176      1457088
      728544            4          27.672      5828352      2914176
      728544            8          55.022     11656704      5828352
      728544           16         109.964     23313408     11656704
      728544           32         219.277     46626816     23313408
      728544           64         441.520     93253632     46626816
      728544          128         882.800    186507264     93253632
      728544          256        1763.967    373014528    186507264
      728544          512        3537.513    746029056    373014528
      728544         1024        7046.954   1492058112    746029056
      801392            1          50.785      1602784       801392
      801392            2          16.120      3205568      1602784
      801392            4          31.879      6411136      3205568
      801392            8          60.582     12822272      6411136
      801392           16         121.135     25644544     12822272
      801392           32         241.589     51289088     25644544
      801392           64         488.127    102578176     51289088
      801392          128         976.915    205156352    102578176
      801392          256        1941.898    410312704    205156352
      801392          512        3877.174    820625408    410312704
      801392         1024        7753.978   1641250816    820625408
      881520            1          55.413      1763040       881520
      881520            2          17.161      3526080      1763040
      881520            4          33.142      7052160      3526080
      881520            8          66.583     14104320      7052160
      881520           16         132.907     28208640     14104320
      881520           32         268.750     56417280     28208640
      881520           64         533.722    112834560     56417280
      881520          128        1067.363    225669120    112834560
      881520          256        2134.907    451338240    225669120
      881520          512        4269.213    902676480    451338240
      881520         1024        8526.242   1805352960    902676480
      969664            1          62.356      1939328       969664
      969664            2          19.095      3878656      1939328
      969664            4          37.059      7757312      3878656
      969664            8          93.834     15514624      7757312
      969664           16         146.121     31029248     15514624
      969664           32         307.892     62058496     31029248
      969664           64         586.480    124116992     62058496
      969664          128        1173.671    248233984    124116992
      969664          256        2357.531    496467968    248233984
      969664          512        4700.985    992935936    496467968
      969664         1024        9377.504   1985871872    992935936
     1066624            1          67.666      2133248      1066624
     1066624            2          22.692      4266496      2133248
     1066624            4          41.577      8532992      4266496
     1066624            8          81.532     17065984      8532992
     1066624           16         162.482     34131968     17065984
     1066624           32         323.611     68263936     34131968
     1066624           64         653.084    136527872     68263936
     1066624          128        1296.359    273055744    136527872
     1066624          256        2595.112    546111488    273055744
     1066624          512        5181.327   1092222976    546111488
     1173280            1          77.103      2346560      1173280
     1173280            2          25.036      4693120      2346560
     1173280            4          46.436      9386240      4693120
     1173280            8         102.911     18772480      9386240
     1173280           16         179.663     37544960     18772480
     1173280           32         356.463     75089920     37544960
     1173280           64         717.453    150179840     75089920
     1173280          128        1424.056    300359680    150179840
     1173280          256        2849.966    600719360    300359680
     1173280          512        5693.469   1201438720    600719360
     1290608            1          81.772      2581216      1290608
     1290608            2          27.581      5162432      2581216
     1290608            4          50.153     10324864      5162432
     1290608            8          99.224     20649728     10324864
     1290608           16         196.695     41299456     20649728
     1290608           32         398.892     82598912     41299456
     1290608           64         789.417    165197824     82598912
     1290608          128        1572.412    330395648    165197824
     1290608          256        3140.776    660791296    330395648
     1290608          512        6277.384   1321582592    660791296
     1419664            1          89.807      2839328      1419664
     1419664            2          31.158      5678656      2839328
     1419664            4          55.383     11357312      5678656
     1419664            8         109.483     22714624     11357312
     1419664           16         227.332     45429248     22714624
     1419664           32         431.502     90858496     45429248
     1419664           64         872.741    181716992     90858496
     1419664          128        1730.386    363433984    181716992
     1419664          256        3457.444    726867968    363433984
     1419664          512        6902.105   1453735936    726867968
     1561616            1         100.717      3123232      1561616
     1561616            2          34.153      6246464      3123232
     1561616            4          60.593     12492928      6246464
     1561616            8         119.322     24985856     12492928
     1561616           16         240.186     49971712     24985856
     1561616           32         475.884     99943424     49971712
     1561616           64         950.205    199886848     99943424
     1561616          128        1892.737    399773696    199886848
     1561616          256        3835.697    799547392    399773696
     1561616          512        7566.570   1599094784    799547392
     1717776            1         110.756      3435552      1717776
     1717776            2          36.918      6871104      3435552
     1717776            4          66.374     13742208      6871104
     1717776            8         131.014     27484416     13742208
     1717776           16         264.010     54968832     27484416
     1717776           32         523.723    109937664     54968832
     1717776           64        1041.766    219875328    109937664
     1717776          128        2089.182    439750656    219875328
     1717776          256        4175.850    879501312    439750656
     1717776          512        8367.678   1759002624    879501312
     1889552            1         132.627      3779104      1889552
     1889552            2          40.204      7558208      3779104
     1889552            4          72.655     15116416      7558208
     1889552            8         143.888     30232832     15116416
     1889552           16         285.781     60465664     30232832
     1889552           32         575.590    120931328     60465664
     1889552           64        1147.883    241862656    120931328
     1889552          128        2292.410    483725312    241862656
     1889552          256        4611.638    967450624    483725312
     1889552          512        9179.065   1934901248    967450624
     2078496            1         132.306      4156992      2078496
     2078496            2          44.032      8313984      4156992
     2078496            4          80.119     16627968      8313984
     2078496            8         158.454     33255936     16627968
     2078496           16         321.918     66511872     33255936
     2078496           32         627.797    133023744     66511872
     2078496           64        1268.867    266047488    133023744
     2078496          128        2522.798    532094976    266047488
     2078496          256        5053.009   1064189952    532094976
     2078496          512       10123.219   2128379904   1064189952
     2286336            1         145.861      4572672      2286336
     2286336            2          47.728      9145344      4572672
     2286336            4          87.894     18290688      9145344
     2286336            8         173.853     36581376     18290688
     2286336           16         346.414     73162752     36581376
     2286336           32         697.005    146325504     73162752
     2286336           64        1390.894    292651008    146325504
     2286336          128        2778.102    585302016    292651008
     2286336          256        5601.448   1170604032    585302016
     2514960            1         177.910      5029920      2514960
     2514960            2          52.658     10059840      5029920
     2514960            4          96.920     20119680     10059840
     2514960            8         195.163     40239360     20119680
     2514960           16         380.166     80478720     40239360
     2514960           32         769.269    160957440     80478720
     2514960           64        1528.370    321914880    160957440
     2514960          128        3057.651    643829760    321914880
     2514960          256        6108.550   1287659520    643829760
     2766448            1         172.701      5532896      2766448
     2766448            2          56.265     11065792      5532896
     2766448            4         105.326     22131584     11065792
     2766448            8         219.879     44263168     22131584
     2766448           16         421.193     88526336     44263168
     2766448           32         839.399    177052672     88526336
     2766448           64        1678.810    354105344    177052672
     2766448          128        3382.164    708210688    354105344
     2766448          256        6733.491   1416421376    708210688
     3043088            1         206.694      6086176      3043088
     3043088            2          63.077     12172352      6086176
     3043088            4         116.386     24344704     12172352
     3043088            8         231.120     48689408     24344704
     3043088           16         463.771     97378816     48689408
     3043088           32         921.392    194757632     97378816
     3043088           64        1853.013    389515264    194757632
     3043088          128        3703.201    779030528    389515264
     3043088          256        7411.360   1558061056    779030528
     3347392            1         213.827      6694784      3347392
     3347392            2          66.554     13389568      6694784
     3347392            4         129.180     26779136     13389568
     3347392            8         263.740     53558272     26779136
     3347392           16         503.906    107116544     53558272
     3347392           32        1014.986    214233088    107116544
     3347392           64        2027.728    428466176    214233088
     3347392          128        4066.245    856932352    428466176
     3347392          256        8154.712   1713864704    856932352
     3682128            1         236.760      7364256      3682128
     3682128            2          73.947     14728512      7364256
     3682128            4         138.787     29457024     14728512
     3682128            8         280.281     58914048     29457024
     3682128           16         559.489    117828096     58914048
     3682128           32        1118.519    235656192    117828096
     3682128           64        2230.425    471312384    235656192
     3682128          128        4538.193    942624768    471312384
     3682128          256        8964.366   1885249536    942624768
     4050336            1         308.523      8100672      4050336
     4050336            2          82.053     16201344      8100672
     4050336            4         155.809     32402688     16201344
     4050336            8         307.321     64805376     32402688
     4050336           16         615.624    129610752     64805376
     4050336           32        1231.167    259221504    129610752
     4050336           64        2463.507    518443008    259221504
     4050336          128        4922.577   1036886016    518443008
     4050336          256        9842.547   2073772032   1036886016
     4455360            1         288.306      8910720      4455360
     4455360            2          87.543     17821440      8910720
     4455360            4         167.592     35642880     17821440
     4455360            8         340.914     71285760     35642880
     4455360           16         675.385    142571520     71285760
     4455360           32        1351.211    285143040    142571520
     4455360           64        2702.562    570286080    285143040
     4455360          128        5406.886   1140572160    570286080
     4900896            1         312.090      9801792      4900896
     4900896            2          99.726     19603584      9801792
     4900896            4         198.809     39207168     19603584
     4900896            8         375.157     78414336     39207168
     4900896           16         749.012    156828672     78414336
     4900896           32        1488.535    313657344    156828672
     4900896           64        2982.662    627314688    313657344
     4900896          128        5965.474   1254629376    627314688
     5390976            1         358.867     10781952      5390976
     5390976            2         109.263     21563904     10781952
     5390976            4         210.471     43127808     21563904
     5390976            8         413.618     86255616     43127808
     5390976           16         817.890    172511232     86255616
     5390976           32        1641.830    345022464    172511232
     5390976           64        3275.526    690044928    345022464
     5390976          128        6556.412   1380089856    690044928
     5930064            1         381.119     11860128      5930064
     5930064            2         116.597     23720256     11860128
     5930064            4         240.025     47440512     23720256
     5930064            8         448.914     94881024     47440512
     5930064           16         898.499    189762048     94881024
     5930064           32        1799.975    379524096    189762048
     5930064           64        3602.443    759048192    379524096
     5930064          128        7195.669   1518096384    759048192
     6523056            1         430.009     13046112      6523056
     6523056            2         130.973     26092224     13046112
     6523056            4         251.126     52184448     26092224
     6523056            8         498.927    104368896     52184448
     6523056           16         995.349    208737792    104368896
     6523056           32        1985.558    417475584    208737792
     6523056           64        3970.557    834951168    417475584
     6523056          128        7924.223   1669902336    834951168
     7175360            1         458.892     14350720      7175360
     7175360            2         140.652     28701440     14350720
     7175360            4         285.600     57402880     28701440
     7175360            8         542.178    114805760     57402880
     7175360           16        1086.388    229611520    114805760
     7175360           32        2180.522    459223040    229611520
     7175360           64        4367.625    918446080    459223040
     7175360          128        8714.742   1836892160    918446080
     7892896            1         503.506     15785792      7892896
     7892896            2         177.910     31571584     15785792
     7892896            4         305.007     63143168     31571584
     7892896            8         604.273    126286336     63143168
     7892896           16        1208.585    252572672    126286336
     7892896           32        2401.251    505145344    252572672
     7892896           64        4809.365   1010290688    505145344
     7892896          128        9612.620   2020581376   1010290688
     8682176            1         548.239     17364352      8682176
     8682176            2         281.574     34728704     17364352
     8682176            4         392.750     69457408     34728704
     8682176            8         677.348    138914816     69457408
     8682176           16        1400.503    277829632    138914816
     8682176           32        2792.738    555659264    277829632
     8682176           64        5458.382   1111318528    555659264
     9550384            1         621.274     19100768      9550384
     9550384            2         979.379     38201536     19100768
     9550384            4        1248.180     76403072     38201536
     9550384            8        2094.100    152806144     76403072
     9550384           16        3736.532    305612288    152806144
     9550384           32        7051.762    611224576    305612288
     9550384           64       13465.047   1222449152    611224576
    10505408            1         672.299     21010816     10505408
    10505408            2        1288.534     42021632     21010816
    10505408            4        1897.545     84043264     42021632
    10505408            8        3323.625    168086528     84043264
    10505408           16        6061.692    336173056    168086528
    10505408           32       11240.143    672346112    336173056
    10505408           64       21908.173   1344692224    672346112
    11555936            1         772.636     23111872     11555936
    11555936            2        1459.722     46223744     23111872
    11555936            4        2321.734     92447488     46223744
    11555936            8        4045.766    184894976     92447488
    11555936           16        7502.759    369789952    184894976
    11555936           32       14302.874    739579904    369789952
    11555936           64       27933.198   1479159808    739579904
    12711520            1         829.090     25423040     12711520
    12711520            2        1684.670     50846080     25423040
    12711520            4        2685.900    101692160     50846080
    12711520            8        4640.972    203384320    101692160
    12711520           16        8521.553    406768640    203384320
    12711520           32       16394.270    813537280    406768640
    12711520           64       32077.508   1627074560    813537280
    13982672            1         945.938     27965344     13982672
    13982672            2        1867.009     55930688     27965344
    13982672            4        2965.230    111861376     55930688
    13982672            8        5128.268    223722752    111861376
    13982672           16        9454.957    447445504    223722752
    13982672           32       18060.816    894891008    447445504
    13982672           64       35154.274   1789782016    894891008
    15380928            1        1016.449     30761856     15380928
    15380928            2        2050.199     61523712     30761856
    15380928            4        3253.956    123047424     61523712
    15380928            8        5658.964    246094848    123047424
    15380928           16       10453.752    492189696    246094848
    15380928           32       19918.866    984379392    492189696
    15380928           64       38939.864   1968758784    984379392
    16919008            1        1128.177     33838016     16919008
    16919008            2        2258.145     67676032     33838016
    16919008            4        3555.886    135352064     67676032
    16919008            8        6206.420    270704128    135352064
    16919008           16       11477.453    541408256    270704128
    16919008           32       21850.545   1082816512    541408256
    18610896            1        1201.913     37221792     18610896
    18610896            2        2429.183     74443584     37221792
    18610896            4        3887.503    148887168     74443584
    18610896            8        6754.629    297774336    148887168
    18610896           16       12496.356    595548672    297774336
    18610896           32       24027.430   1191097344    595548672
    20471984            1        1339.328     40943968     20471984
    20471984            2        2640.285     81887936     40943968
    20471984            4        4123.130    163775872     81887936
    20471984            8        7083.911    327551744    163775872
    20471984           16       13141.625    655103488    327551744
    20471984           32       24986.020   1310206976    655103488
    22519168            1        1505.928     45038336     22519168
    22519168            2        2942.086     90076672     45038336
    22519168            4        4586.391    180153344     90076672
    22519168            8        7889.247    360306688    180153344
    22519168           16       14382.280    720613376    360306688
    22519168           32       27518.315   1441226752    720613376
    24771072            1        1625.580     49542144     24771072
    24771072            2        3235.171     99084288     49542144
    24771072            4        5080.589    198168576     99084288
    24771072            8        8674.055    396337152    198168576
    24771072           16       15901.152    792674304    396337152
    24771072           32       30624.996   1585348608    792674304
    27248176            1        1761.262     54496352     27248176
    27248176            2        3554.864    108992704     54496352
    27248176            4        5596.186    217985408    108992704
    27248176            8        9467.900    435970816    217985408
    27248176           16       17503.699    871941632    435970816
    27248176           32       33490.861   1743883264    871941632
    29972992            1        1960.141     59945984     29972992
    29972992            2        3910.165    119891968     59945984
    29972992            4        6141.831    239783936    119891968
    29972992            8       10493.295    479567872    239783936
    29972992           16       19305.566    959135744    479567872
    29972992           32       37347.165   1918271488    959135744
    32970288            1        2145.776     65940576     32970288
    32970288            2        4326.167    131881152     65940576
    32970288            4        6704.836    263762304    131881152
    32970288            8       11597.225    527524608    263762304
    32970288           16       21231.422   1055049216    527524608
    32970288           32       40767.957   2110098432   1055049216
    36267312            1        2340.107     72534624     36267312
    36267312            2        4718.926    145069248     72534624
    36267312            4        7406.079    290138496    145069248
    36267312            8       12656.312    580276992    290138496
    36267312           16       23280.079   1160553984    580276992
    39894032            1        2614.998     79788064     39894032
    39894032            2        5188.639    159576128     79788064
    39894032            4        8120.997    319152256    159576128
    39894032            8       13978.308    638304512    319152256
    39894032           16       25644.311   1276609024    638304512
    43883424            1        2941.254     87766848     43883424
    43883424            2        5737.038    175533696     87766848
    43883424            4        9003.557    351067392    175533696
    43883424            8       15421.619    702134784    351067392
    43883424           16       28250.343   1404269568    702134784
    48271760            1        3153.669     96543520     48271760
    48271760            2        6336.281    193087040     96543520
    48271760            4        9797.571    386174080    193087040
    48271760            8       16862.927    772348160    386174080
    48271760           16       30984.181   1544696320    772348160
    53098928            1        3596.491    106197856     53098928
    53098928            2        7064.805    212395712    106197856
    53098928            4       10929.845    424791424    212395712
    53098928            8       18569.999    849582848    424791424
    53098928           16       34151.024   1699165696    849582848
    58408816            1        3842.328    116817632     58408816
    58408816            2        7751.300    233635264    116817632
    58408816            4       12193.142    467270528    233635264
    58408816            8       21325.999    934541056    467270528
    58408816           16       39310.619   1869082112    934541056
    64249696            1        4227.403    128499392     64249696
    64249696            2        8486.505    256998784    128499392
    64249696            4       13446.199    513997568    256998784
    64249696            8       23316.554   1027995136    513997568
    64249696           16       43231.139   2055990272   1027995136
    70674656            1        4598.993    141349312     70674656
    70674656            2        9360.218    282698624    141349312
    70674656            4       14647.690    565397248    282698624
    70674656            8       25418.269   1130794496    565397248
    77742112            1        5081.069    155484224     77742112
    77742112            2       10207.352    310968448    155484224
    77742112            4       15907.380    621936896    310968448
    77742112            8       27211.590   1243873792    621936896
    85516320            1        5590.435    171032640     85516320
    85516320            2       11185.169    342065280    171032640
    85516320            4       17413.278    684130560    342065280
    85516320            8       30011.121   1368261120    684130560
    94067952            1        6057.353    188135904     94067952
    94067952            2       12147.356    376271808    188135904
    94067952            4       19417.190    752543616    376271808
    94067952            8       34011.983   1505087232    752543616
   103474736            1        6800.133    206949472    103474736
   103474736            2       13611.305    413898944    206949472
   103474736            4       21252.991    827797888    413898944
   103474736            8       36162.278   1655595776    827797888
   113822208            1        7430.403    227644416    113822208
   113822208            2       14907.974    455288832    227644416
   113822208            4       23115.511    910577664    455288832
   113822208            8       39889.652   1821155328    910577664
   125204416            1        8205.133    250408832    125204416
   125204416            2       16609.876    500817664    250408832
   125204416            4       26103.369   1001635328    500817664
   125204416            8       45182.069   2003270656   1001635328
   137724848            1        9268.878    275449696    137724848
   137724848            2       17978.456    550899392    275449696
   137724848            4       28118.984   1101798784    550899392
   151497328            1        9872.930    302994656    151497328
   151497328            2       19753.965    605989312    302994656
   151497328            4       31508.179   1211978624    605989312
   166647056            1       10847.390    333294112    166647056
   166647056            2       22170.844    666588224    333294112
   166647056            4       34007.492   1333176448    666588224
   183311760            1       11944.217    366623520    183311760
   183311760            2       23967.732    733247040    366623520
   183311760            4       37541.186   1466494080    733247040
   201642928            1       13181.956    403285856    201642928
   201642928            2       26371.678    806571712    403285856
   201642928            4       41168.804   1613143424    806571712
   221807216            1       14540.420    443614432    221807216
   221807216            2       29007.444    887228864    443614432
   221807216            4       45948.423   1774457728    887228864
   243987936            1       16068.218    487975872    243987936
   243987936            2       32081.033    975951744    487975872
   243987936            4       50766.599   1951903488    975951744
   268386720            1       17575.647    536773440    268386720
   268386720            2       35201.376   1073546880    536773440
   268386720            4       54860.323   2147093760   1073546880
   295225392            1       19298.837    590450784    295225392
   295225392            2       38646.245   1180901568    590450784
   324747920            1       21274.397    649495840    324747920
   324747920            2       42097.356   1298991680    649495840
   357222704            1       23276.145    714445408    357222704
   357222704            2       46735.010   1428890816    714445408
   392944960            1       25788.091    785889920    392944960
   392944960            2       51663.605   1571779840    785889920
   432239456            1       28450.036    864478912    432239456
   432239456            2       56784.127   1728957824    864478912
   475463392            1       30966.219    950926784    475463392
   475463392            2       64264.044   1901853568    950926784
   523009728            1       34069.241   1046019456    523009728
   523009728            2       67638.363   2092038912   1046019456
   575310688            1       37753.955   1150621376    575310688
   632841744            1       41821.429   1265683488    632841744
   696125904            1       45672.051   1392251808    696125904
   765738480            1       50469.152   1531476960    765738480
   842312320            1       54446.179   1684624640    842312320
   926543552            1       59684.338   1853087104    926543552
  1019197904            1       66834.234   2038395808   1019197904

META_DATA
FLOPS          8
OPENMP_THREADS 2
ERT_VERSION  1.1.0
HOSTNAME  ('cachyos-laptop', [], ['127.0.1.1'])
UNAME  uname_result(system='Linux', node='cachyos-laptop', release='6.18.0-2-cachyos', version='#1 SMP PREEMPT_DYNAMIC Sat, 06 Dec 2025 07:42:36 +0000', machine='x86_64')
TIMESTAMP_DATA  1765908476.000735
CONFIG  {'ERT_MPI': ['False'], 'ERT_OPENMP': ['True'], 'ERT_OPENMP_CFLAGS': ['-fopenmp'], 'ERT_OPENMP_LDFLAGS': ['-fopenmp'], 'ERT_PRECISION': ['FP64'], 'ERT_TRIALS_MIN': ['1'], 'ERT_TRIALS': ['3', '#', 'Run', 'each', 'test', '3', 'times', 'to', 'filter', 'out', 'background', 'noise'], 'ERT_RESULTS': ['Results/5500U'], 'ERT_GNUPLOT': ['gnuplot'], 'ERT_DRIVER': ['driver1'], 'ERT_KERNEL': ['kernel1'], 'ERT_CC': ['g++'], 'ERT_LD': ['g++'], 'ERT_CFLAGS': ['-O3', '-march=native', '-fopenmp', '-fstrict-aliasing', '-funroll-loops', '-Wno-all'], 'ERT_LDFLAGS': ['-O3', '-march=native', '-fopenmp'], 'ERT_LDLIBS': ['-lm'], 'ERT_RUN': ['export', 'OMP_NUM_THREADS=ERT_OPENMP_THREADS;', './ERT_CODE'], 'ERT_WORKING_SET_MIN': ['128'], 'ERT_MEMORY_MAX': ['1073741824'], 'ERT_ALIGN': ['64'], 'ERT_MIN_PROCS': ['1'], 'ERT_MAX_PROCS': ['1'], 'ERT_OPENMP_THREADS': ['1,2,4,8,12', '#', 'Logical', 'Threads'], 'ERT_NUM_EXPERIMENTS': ['5'], 'ERT_FLOPS': ['1,2,4,8'], 'ERT_GPU': [False], 'ERT_HIP': [False], 'ERT_OCL': [False], 'ERT_SYCL': [False], 'ERT_WSS_MULT': [1.1]}
