fp64
        2048            1           1.193         4096         2048
        2048            2           0.441         8192         4096
        2048            4           0.772        16384         8192
        2048            8           0.551        32768        16384
        2048           16           0.692        65536        32768
        2048           32           1.052       131072        65536
        2048           64           1.613       262144       131072
        2048          128           2.855       524288       262144
        2048          256           5.640      1048576       524288
        2048          512          10.258      2097152      1048576
        2048         1024          20.117      4194304      2097152
        2048         2048          39.842      8388608      4194304
        2048         4096          79.625     16777216      8388608
        2048         8192         157.747     33554432     16777216
        2048        16384         326.395     67108864     33554432
        2048        32768         629.527    134217728     67108864
        2048        65536        1271.276    268435456    134217728
        2048       131072        2540.319    536870912    268435456
        2048       262144        5058.949   1073741824    536870912
        2048       524288       10179.490   2147483648   1073741824
        2240            1           2.274         4480         2240
        2240            2           0.571         8960         4480
        2240            4           0.571        17920         8960
        2240            8           0.601        35840        17920
        2240           16           0.721        71680        35840
        2240           32           1.062       143360        71680
        2240           64           1.723       286720       143360
        2240          128           3.106       573440       286720
        2240          256           5.831      1146880       573440
        2240          512          11.201      2293760      1146880
        2240         1024          22.280      4587520      2293760
        2240         2048          43.620      9175040      4587520
        2240         4096          86.918     18350080      9175040
        2240         8192         173.486     36700160     18350080
        2240        16384         360.146     73400320     36700160
        2240        32768         701.849    146800640     73400320
        2240        65536        1388.651    293601280    146800640
        2240       131072        2781.720    587202560    293601280
        2240       262144        5552.919   1174405120    587202560
        2464            1           1.242         4928         2464
        2464            2           0.641         9856         4928
        2464            4           0.661        19712         9856
        2464            8           0.631        39424        19712
        2464           16           0.771        78848        39424
        2464           32           1.132       157696        78848
        2464           64           1.893       315392       157696
        2464          128           3.437       630784       315392
        2464          256           6.722      1261568       630784
        2464          512          12.673      2523136      1261568
        2464         1024          24.765      5046272      2523136
        2464         2048          48.889     10092544      5046272
        2464         4096          96.987     20185088     10092544
        2464         8192         193.383     40370176     20185088
        2464        16384         385.943     80740352     40370176
        2464        32768         779.902    161480704     80740352
        2464        65536        1549.744    322961408    161480704
        2464       131072        3103.806    645922816    322961408
        2464       262144        6192.565   1291845632    645922816
        2704            1           0.571         5408         2704
        2704            2           0.661        10816         5408
        2704            4           0.611        21632        10816
        2704            8           0.641        43264        21632
        2704           16           0.802        86528        43264
        2704           32           1.212       173056        86528
        2704           64           2.033       346112       173056
        2704          128           3.997       692224       346112
        2704          256           7.284      1384448       692224
        2704          512          13.955      2768896      1384448
        2704         1024          27.180      5537792      2768896
        2704         2048          53.408     11075584      5537792
        2704         4096         106.795     22151168     11075584
        2704         8192         214.992     44302336     22151168
        2704        16384         428.932     88604672     44302336
        2704        32768         855.319    177209344     88604672
        2704        65536        1703.926    354418688    177209344
        2704       131072        3414.012    708837376    354418688
        2704       262144        6824.587   1417674752    708837376
        2960            1           1.172         5920         2960
        2960            2           0.461        11840         5920
        2960            4           0.551        23680        11840
        2960            8           0.611        47360        23680
        2960           16           0.831        94720        47360
        2960           32           1.332       189440        94720
        2960           64           2.184       378880       189440
        2960          128           4.297       757760       378880
        2960          256           7.914      1515520       757760
        2960          512          15.168      3031040      1515520
        2960         1024          29.654      6062080      3031040
        2960         2048          58.717     12124160      6062080
        2960         4096         132.342     24248320     12124160
        2960         8192         232.704     48496640     24248320
        2960        16384         464.767     96993280     48496640
        2960        32768         934.563    193986560     96993280
        2960        65536        1868.686    387973120    193986560
        2960       131072        3735.528    775946240    387973120
        2960       262144        7465.003   1551892480    775946240
        3248            1           1.032         6496         3248
        3248            2           0.481        12992         6496
        3248            4           0.601        25984        12992
        3248            8           0.641        51968        25984
        3248           16           0.991       103936        51968
        3248           32           1.392       207872       103936
        3248           64           2.384       415744       207872
        3248          128           4.689       831488       415744
        3248          256           8.716      1662976       831488
        3248          512          16.780      3325952      1662976
        3248         1024          32.559      6651904      3325952
        3248         2048          64.878     13303808      6651904
        3248         4096         129.436     26607616     13303808
        3248         8192         263.320     53215232     26607616
        3248        16384         517.493    106430464     53215232
        3248        32768        1040.797    212860928    106430464
        3248        65536        2075.683    425721856    212860928
        3248       131072        4153.820    851443712    425721856
        3248       262144        8361.557   1702887424    851443712
        3568            1           1.032         7136         3568
        3568            2           0.651        14272         7136
        3568            4           0.711        28544        14272
        3568            8           0.671        57088        28544
        3568           16           0.931       114176        57088
        3568           32           1.783       228352       114176
        3568           64           2.605       456704       228352
        3568          128           4.819       913408       456704
        3568          256           9.498      1826816       913408
        3568          512          18.334      3653632      1826816
        3568         1024          36.016      7307264      3653632
        3568         2048          71.420     14614528      7307264
        3568         4096         155.783     29229056     14614528
        3568         8192         287.093     58458112     29229056
        3568        16384         566.743    116916224     58458112
        3568        32768        1140.098    233832448    116916224
        3568        65536        2276.268    467664896    233832448
        3568       131072        4550.162    935329792    467664896
        3568       262144        9099.452   1870659584    935329792
        3920            1           0.931         7840         3920
        3920            2           0.491        15680         7840
        3920            4           0.581        31360        15680
        3920            8           0.681        62720        31360
        3920           16           0.971       125440        62720
        3920           32           1.583       250880       125440
        3920           64           2.775       501760       250880
        3920          128           5.170      1003520       501760
        3920          256          10.279      2007040      1003520
        3920          512          19.756      4014080      2007040
        3920         1024          39.051      8028160      4014080
        3920         2048          80.567     16056320      8028160
        3920         4096         153.860     32112640     16056320
        3920         8192         307.260     64225280     32112640
        3920        16384         617.906    128450560     64225280
        3920        32768        1227.267    256901120    128450560
        3920        65536        2465.353    513802240    256901120
        3920       131072        4929.693   1027604480    513802240
        3920       262144        9834.712   2055208960   1027604480
        4304            1           1.072         8608         4304
        4304            2           0.601        17216         8608
        4304            4           0.571        34432        17216
        4304            8           0.711        68864        34432
        4304           16           1.323       137728        68864
        4304           32           1.703       275456       137728
        4304           64           3.065       550912       275456
        4304          128           5.690      1101824       550912
        4304          256          11.171      2203648      1101824
        4304          512          40.424      4407296      2203648
        4304         1024          43.389      8814592      4407296
        4304         2048          84.444     17629184      8814592
        4304         4096         169.098     35258368     17629184
        4304         8192         341.062     70516736     35258368
        4304        16384         677.675    141033472     70516736
        4304        32768        1354.408    282066944    141033472
        4304        65536        2706.322    564133888    282066944
        4304       131072        5417.312   1128267776    564133888
        4720            1           2.776         9440         4720
        4720            2           0.471        18880         9440
        4720            4           0.682        37760        18880
        4720            8           0.782        75520        37760
        4720           16           1.122       151040        75520
        4720           32           1.834       302080       151040
        4720           64           3.266       604160       302080
        4720          128           6.162      1208320       604160
        4720          256          11.952      2416640      1208320
        4720          512          23.824      4833280      2416640
        4720         1024          46.906      9666560      4833280
        4720         2048         127.062     19333120      9666560
        4720         4096         185.729     38666240     19333120
        4720         8192         370.786     77332480     38666240
        4720        16384         743.345    154664960     77332480
        4720        32768        1490.887    309329920    154664960
        4720        65536        2976.825    618659840    309329920
        4720       131072        5949.983   1237319680    618659840
        5184            1           0.951        10368         5184
        5184            2           0.491        20736        10368
        5184            4           0.702        41472        20736
        5184            8           0.791        82944        41472
        5184           16           1.442       165888        82944
        5184           32           1.943       331776       165888
        5184           64           3.506       663552       331776
        5184          128           6.622      1327104       663552
        5184          256          13.184      2654208      1327104
        5184          512          25.697      5308416      2654208
        5184         1024          50.612     10616832      5308416
        5184         2048         100.704     21233664     10616832
        5184         4096         200.586     42467328     21233664
        5184         8192         406.520     84934656     42467328
        5184        16384         803.574    169869312     84934656
        5184        32768        1608.311    339738624    169869312
        5184        65536        3212.515    679477248    339738624
        5184       131072        6431.812   1358954496    679477248
        5696            1           1.262        11392         5696
        5696            2           0.501        22784        11392
        5696            4           0.661        45568        22784
        5696            8           0.812        91136        45568
        5696           16           1.232       182272        91136
        5696           32           2.094       364544       182272
        5696           64           4.107       729088       364544
        5696          128           7.253      1458176       729088
        5696          256          14.146      2916352      1458176
        5696          512          28.132      5832704      2916352
        5696         1024          55.591     11665408      5832704
        5696         2048         110.541     23330816     11665408
        5696         4096         220.311     46661632     23330816
        5696         8192         446.433     93323264     46661632
        5696        16384         885.204    186646528     93323264
        5696        32768        1763.063    373293056    186646528
        5696        65536        3535.764    746586112    373293056
        5696       131072        7057.973   1493172224    746586112
        6256            1           1.113        12512         6256
        6256            2           0.531        25024        12512
        6256            4           0.751        50048        25024
        6256            8           0.922       100096        50048
        6256           16           1.342       200192       100096
        6256           32           2.284       400384       200192
        6256           64           4.488       800768       400384
        6256          128           8.315      1601536       800768
        6256          256          15.919      3203072      1601536
        6256          512          31.217      6406144      3203072
        6256         1024          61.753     12812288      6406144
        6256         2048         122.443     25624576     12812288
        6256         4096         259.122     51249152     25624576
        6256         8192         488.981    102498304     51249152
        6256        16384         983.463    204996608    102498304
        6256        32768        1964.760    409993216    204996608
        6256        65536        3927.338    819986432    409993216
        6256       131072        7841.280   1639972864    819986432
        6880            1           2.545        13760         6880
        6880            2           0.741        27520        13760
        6880            4           1.082        55040        27520
        6880            8           0.931       110080        55040
        6880           16           1.442       220160       110080
        6880           32           2.474       440320       220160
        6880           64           4.579       880640       440320
        6880          128           9.016      1761280       880640
        6880          256          17.372      3522560      1761280
        6880          512          33.701      7045120      3522560
        6880         1024          66.972     14090240      7045120
        6880         2048         133.543     28180480     14090240
        6880         4096         268.068     56360960     28180480
        6880         8192         539.914    112721920     56360960
        6880        16384        1071.493    225443840    112721920
        6880        32768        2143.076    450887680    225443840
        6880        65536        4281.563    901775360    450887680
        6880       131072        8566.792   1803550720    901775360
        7568            1           1.663        15136         7568
        7568            2           0.692        30272        15136
        7568            4           0.681        60544        30272
        7568            8           1.052       121088        60544
        7568           16           1.512       242176       121088
        7568           32           2.955       484352       242176
        7568           64           5.240       968704       484352
        7568          128           9.828      1937408       968704
        7568          256          18.964      3874816      1937408
        7568          512          37.338      7749632      3874816
        7568         1024          74.005     15499264      7749632
        7568         2048         147.359     30998528     15499264
        7568         4096         305.087     61997056     30998528
        7568         8192         587.351    123994112     61997056
        7568        16384        1181.724    247988224    123994112
        7568        32768        2359.159    495976448    247988224
        7568        65536        4718.049    991952896    495976448
        7568       131072        9432.260   1983905792    991952896
        8320            1           1.112        16640         8320
        8320            2           0.691        33280        16640
        8320            4           0.761        66560        33280
        8320            8           1.032       133120        66560
        8320           16           1.923       266240       133120
        8320           32           2.926       532480       266240
        8320           64           5.660      1064960       532480
        8320          128          10.609      2129920      1064960
        8320          256          23.453      4259840      2129920
        8320          512          40.604      8519680      4259840
        8320         1024          80.697     17039360      8519680
        8320         2048         160.963     34078720     17039360
        8320         4096         332.996     68157440     34078720
        8320         8192         644.796    136314880     68157440
        8320        16384        1294.609    272629760    136314880
        8320        32768        2575.363    545259520    272629760
        8320        65536        5215.154   1090519040    545259520
        9152            1           2.755        18304         9152
        9152            2           0.711        36608        18304
        9152            4           0.871        73216        36608
        9152            8           1.092       146432        73216
        9152           16           1.753       292864       146432
        9152           32           3.416       585728       292864
        9152           64           5.891      1171456       585728
        9152          128          11.421      2342912      1171456
        9152          256          22.691      4685824      2342912
        9152          512          44.722      9371648      4685824
        9152         1024          88.772     18743296      9371648
        9152         2048         176.632     37486592     18743296
        9152         4096         356.490     74973184     37486592
        9152         8192         708.792    149946368     74973184
        9152        16384        1418.545    299892736    149946368
        9152        32768        2835.518    599785472    299892736
        9152        65536        5691.272   1199570944    599785472
       10064            1           1.593        20128        10064
       10064            2           0.631        40256        20128
       10064            4           0.842        80512        40256
       10064            8           1.463       161024        80512
       10064           16           1.904       322048       161024
       10064           32           3.436       644096       322048
       10064           64           6.542      1288192       644096
       10064          128          12.873      2576384      1288192
       10064          256          24.885      5152768      2576384
       10064          512          52.636     10305536      5152768
       10064         1024         117.995     20611072     10305536
       10064         2048         194.905     41222144     20611072
       10064         4096         389.840     82444288     41222144
       10064         8192         784.419    164888576     82444288
       10064        16384        1566.855    329777152    164888576
       10064        32768        3145.442    659554304    329777152
       10064        65536        6262.192   1319108608    659554304
       11056            1           1.583        22112        11056
       11056            2           0.821        44224        22112
       11056            4           0.842        88448        44224
       11056            8           1.303       176896        88448
       11056           16           2.344       353792       176896
       11056           32           3.746       707584       353792
       11056           64           7.403      1415168       707584
       11056          128          15.458      2830336      1415168
       11056          256          29.103      5660672      2830336
       11056          512          55.641     11321344      5660672
       11056         1024         108.428     22642688     11321344
       11056         2048         215.373     45285376     22642688
       11056         4096         430.474     90570752     45285376
       11056         8192         865.998    181141504     90570752
       11056        16384        1732.468    362283008    181141504
       11056        32768        3450.969    724566016    362283008
       11056        65536        6916.074   1449132032    724566016
       12160            1           3.436        24320        12160
       12160            2           0.641        48640        24320
       12160            4           1.042        97280        48640
       12160            8           1.303       194560        97280
       12160           16           2.204       389120       194560
       12160           32           4.348       778240       389120
       12160           64           7.795      1556480       778240
       12160          128          14.967      3112960      1556480
       12160          256          29.534      6225920      3112960
       12160          512          59.057     12451840      6225920
       12160         1024         117.484     24903680     12451840
       12160         2048         247.491     49807360     24903680
       12160         4096         476.148     99614720     49807360
       12160         8192         944.741    199229440     99614720
       12160        16384        1883.012    398458880    199229440
       12160        32768        3772.876    796917760    398458880
       12160        65536        7532.227   1593835520    796917760
       13376            1           4.117        26752        13376
       13376            2           0.712        53504        26752
       13376            4           0.992       107008        53504
       13376            8           1.443       214016       107008
       13376           16           2.384       428032       214016
       13376           32           4.378       856064       428032
       13376           64           8.425      1712128       856064
       13376          128          16.781      3424256      1712128
       13376          256          32.860      6848512      3424256
       13376          512          64.828     13697024      6848512
       13376         1024         129.215     27394048     13697024
       13376         2048         272.887     54788096     27394048
       13376         4096         519.707    109576192     54788096
       13376         8192        1037.761    219152384    109576192
       13376        16384        2074.430    438304768    219152384
       13376        32768        4168.006    876609536    438304768
       13376        65536        8288.335   1753219072    876609536
       14704            1           3.757        29408        14704
       14704            2           0.751        58816        29408
       14704            4           1.172       117632        58816
       14704            8           1.623       235264       117632
       14704           16           2.675       470528       235264
       14704           32           5.109       941056       470528
       14704           64           9.528      1882112       941056
       14704          128          18.474      3764224      1882112
       14704          256          36.206      7528448      3764224
       14704          512          71.851     15056896      7528448
       14704         1024         142.871     30113792     15056896
       14704         2048         285.601     60227584     30113792
       14704         4096         572.944    120455168     60227584
       14704         8192        1145.338    240910336    120455168
       14704        16384        2290.584    481820672    240910336
       14704        32768        4578.143    963641344    481820672
       14704        65536        9161.856   1927282688    963641344
       16160            1           3.246        32320        16160
       16160            2           0.872        64640        32320
       16160            4           1.102       129280        64640
       16160            8           1.623       258560       129280
       16160           16           2.815       517120       258560
       16160           32           5.550      1034240       517120
       16160           64          10.409      2068480      1034240
       16160          128          20.146      4136960      2068480
       16160          256          39.412      8273920      4136960
       16160          512          78.353     16547840      8273920
       16160         1024         159.842     33095680     16547840
       16160         2048         317.329     66191360     33095680
       16160         4096         627.223    132382720     66191360
       16160         8192        1256.390    264765440    132382720
       16160        16384        2508.131    529530880    264765440
       16160        32768        5024.507   1059061760    529530880
       16160        65536       10017.637   2118123520   1059061760
       17776            1           4.378        35552        17776
       17776            2           0.752        71104        35552
       17776            4           1.162       142208        71104
       17776            8           1.733       284416       142208
       17776           16           3.066       568832       284416
       17776           32           5.760      1137664       568832
       17776           64          11.431      2275328      1137664
       17776          128          22.040      4550656      2275328
       17776          256          43.679      9101312      4550656
       17776          512         102.276     18202624      9101312
       17776         1024         172.505     36405248     18202624
       17776         2048         345.079     72810496     36405248
       17776         4096         694.956    145620992     72810496
       17776         8192        1383.511    291241984    145620992
       17776        16384        2769.377    582483968    291241984
       17776        32768        5536.891   1164967936    582483968
       19552            1           4.007        39104        19552
       19552            2           0.841        78208        39104
       19552            4           1.213       156416        78208
       19552            8           2.144       312832       156416
       19552           16           3.356       625664       312832
       19552           32           6.552      1251328       625664
       19552           64          12.472      2502656      1251328
       19552          128          24.164      5005312      2502656
       19552          256          47.667     10010624      5005312
       19552          512          94.702     20021248     10010624
       19552         1024         205.254     40042496     20021248
       19552         2048         378.159     80084992     40042496
       19552         4096         761.358    160169984     80084992
       19552         8192        1514.610    320339968    160169984
       19552        16384        3032.296    640679936    320339968
       19552        32768        6065.865   1281359872    640679936
       21504            1           3.496        43008        21504
       21504            2           1.022        86016        43008
       21504            4           1.262       172032        86016
       21504            8           1.993       344064       172032
       21504           16           3.977       688128       344064
       21504           32           7.143      1376256       688128
       21504           64          13.555      2752512      1376256
       21504          128          26.448      5505024      2752512
       21504          256          52.315     11010048      5505024
       21504          512         107.836     22020096     11010048
       21504         1024         207.118     44040192     22020096
       21504         2048         414.456     88080384     44040192
       21504         4096         841.213    176160768     88080384
       21504         8192        1668.230    352321536    176160768
       21504        16384        3333.415    704643072    352321536
       21504        32768        6692.827   1409286144    704643072
       23648            1           3.957        47296        23648
       23648            2           0.952        94592        47296
       23648            4           1.763       189184        94592
       23648            8           2.204       378368       189184
       23648           16           4.227       756736       378368
       23648           32           7.774      1513472       756736
       23648           64          14.877      3026944      1513472
       23648          128          28.833      6053888      3026944
       23648          256          57.605     12107776      6053888
       23648          512         114.348     24215552     12107776
       23648         1024         243.554     48431104     24215552
       23648         2048         460.188     96862208     48431104
       23648         4096         916.801    193724416     96862208
       23648         8192        1832.639    387448832    193724416
       23648        16384        3668.756    774897664    387448832
       23648        32768        7336.210   1549795328    774897664
       26000            1           3.987        52000        26000
       26000            2           1.002       104000        52000
       26000            4           1.493       208000       104000
       26000            8          15.658       416000       208000
       26000           16           4.297       832000       416000
       26000           32           8.475      1664000       832000
       26000           64          16.309      3328000      1664000
       26000          128          31.788      6656000      3328000
       26000          256          63.346     13312000      6656000
       26000          512         126.010     26624000     13312000
       26000         1024         251.619     53248000     26624000
       26000         2048         504.971    106496000     53248000
       26000         4096        1010.803    212992000    106496000
       26000         8192        2017.828    425984000    212992000
       26000        16384        4057.475    851968000    425984000
       26000        32768        8075.637   1703936000    851968000
       28592            1           4.739        57184        28592
       28592            2           1.272       114368        57184
       28592            4           1.542       228736       114368
       28592            8           2.524       457472       228736
       28592           16           4.969       914944       457472
       28592           32           9.307      1829888       914944
       28592           64          32.159      3659776      1829888
       28592          128          35.234      7319552      3659776
       28592          256          69.737     14639104      7319552
       28592          512         138.823     29278208     14639104
       28592         1024         277.014     58556416     29278208
       28592         2048         555.963    117112832     58556416
       28592         4096        1114.020    234225664    117112832
       28592         8192        2223.753    468451328    234225664
       28592        16384        4457.804    936902656    468451328
       28592        32768        8893.839   1873805312    936902656
       31440            1           5.390        62880        31440
       31440            2           1.092       125760        62880
       31440            4           1.603       251520       125760
       31440            8           3.015       503040       251520
       31440           16           5.110      1006080       503040
       31440           32           9.828      2012160      1006080
       31440           64          19.696      4024320      2012160
       31440          128          41.446      8048640      4024320
       31440          256          77.852     16097280      8048640
       31440          512         167.365     32194560     16097280
       31440         1024         304.445     64389120     32194560
       31440         2048         610.753    128778240     64389120
       31440         4096        1222.808    257556480    128778240
       31440         8192        2440.818    515112960    257556480
       31440        16384        4886.004   1030225920    515112960
       31440        32768        9761.791   2060451840   1030225920
       34576            1           2.765        69152        34576
       34576            2           1.132       138304        69152
       34576            4           1.704       276608       138304
       34576            8           3.256       553216       276608
       34576           16           5.851      1106432       553216
       34576           32          11.060      2212864      1106432
       34576           64          21.169      4425728      2212864
       34576          128          42.077      8851456      4425728
       34576          256          83.703     17702912      8851456
       34576          512         167.305     35405824     17702912
       34576         1024         342.695     70811648     35405824
       34576         2048         667.677    141623296     70811648
       34576         4096        1342.877    283246592    141623296
       34576         8192        2680.145    566493184    283246592
       34576        16384        5413.206   1132986368    566493184
       38032            1           2.624        76064        38032
       38032            2           1.132       152128        76064
       38032            4           1.854       304256       152128
       38032            8           3.536       608512       304256
       38032           16           6.381      1217024       608512
       38032           32          12.112      2434048      1217024
       38032           64          23.543      4868096      2434048
       38032          128          46.435      9736192      4868096
       38032          256         106.654     19472384      9736192
       38032          512         183.734     38944768     19472384
       38032         1024         366.969     77889536     38944768
       38032         2048         735.841    155779072     77889536
       38032         4096        1472.704    311558144    155779072
       38032         8192        2947.832    623116288    311558144
       38032        16384        5900.504   1246232576    623116288
       41824            1           5.120        83648        41824
       41824            2           1.302       167296        83648
       41824            4           2.154       334592       167296
       41824            8           3.547       669184       334592
       41824           16           6.873      1338368       669184
       41824           32          13.274      2676736      1338368
       41824           64          25.877      5353472      2676736
       41824          128          51.194     10706944      5353472
       41824          256         101.736     21413888     10706944
       41824          512         216.605     42827776     21413888
       41824         1024         408.254     85655552     42827776
       41824         2048         815.436    171311104     85655552
       41824         4096        1624.891    342622208    171311104
       41824         8192        3252.628    685244416    342622208
       41824        16384        6494.175   1370488832    685244416
       46000            1           5.310        92000        46000
       46000            2           1.623       184000        92000
       46000            4           2.284       368000       184000
       46000            8           4.078       736000       368000
       46000           16           7.354      1472000       736000
       46000           32          14.597      2944000      1472000
       46000           64          28.361      5888000      2944000
       46000          128          56.172     11776000      5888000
       46000          256         111.503     23552000     11776000
       46000          512         237.433     47104000     23552000
       46000         1024         444.931     94208000     47104000
       46000         2048         895.893    188416000     94208000
       46000         4096        1786.305    376832000    188416000
       46000         8192        3578.051    753664000    376832000
       46000        16384        7147.426   1507328000    753664000
       50592            1           5.911       101184        50592
       50592            2           1.362       202368       101184
       50592            4           2.465       404736       202368
       50592            8           4.218       809472       404736
       50592           16           8.305      1618944       809472
       50592           32          15.879      3237888      1618944
       50592           64          31.127      6475776      3237888
       50592          128          61.593     12951552      6475776
       50592          256         122.523     25903104     12951552
       50592          512         263.731     51806208     25903104
       50592         1024         489.092    103612416     51806208
       50592         2048         981.719    207224832    103612416
       50592         4096        1967.575    414449664    207224832
       50592         8192        3918.832    828899328    414449664
       50592        16384        7856.488   1657798656    828899328
       55648            1           6.411       111296        55648
       55648            2           1.522       222592       111296
       55648            4           2.525       445184       222592
       55648            8           4.779       890368       445184
       55648           16           9.057      1780736       890368
       55648           32          17.532      3561472      1780736
       55648           64          34.152      7122944      3561472
       55648          128          67.594     14245888      7122944
       55648          256         134.395     28491776     14245888
       55648          512         268.700     56983552     28491776
       55648         1024         540.665    113967104     56983552
       55648         2048        1076.582    227934208    113967104
       55648         4096        2156.320    455868416    227934208
       55648         8192        4311.779    911736832    455868416
       55648        16384        8613.579   1823473664    911736832
       61200            1           6.191       122400        61200
       61200            2           1.603       244800       122400
       61200            4           2.765       489600       244800
       61200            8           4.979       979200       489600
       61200           16           9.978      1958400       979200
       61200           32          19.115      3916800      1958400
       61200           64          37.448      7833600      3916800
       61200          128          74.396     15667200      7833600
       61200          256         147.659     31334400     15667200
       61200          512         295.579     62668800     31334400
       61200         1024         593.472    125337600     62668800
       61200         2048        1186.202    250675200    125337600
       61200         4096        2374.107    501350400    250675200
       61200         8192        4746.401   1002700800    501350400
       61200        16384        9492.961   2005401600   1002700800
       67312            1           6.422       134624        67312
       67312            2           1.803       269248       134624
       67312            4           3.105       538496       269248
       67312            8           5.480      1076992       538496
       67312           16          10.810      2153984      1076992
       67312           32          20.978      4307968      2153984
       67312           64          41.275      8615936      4307968
       67312          128          81.709     17231872      8615936
       67312          256         162.837     34463744     17231872
       67312          512         325.273     68927488     34463744
       67312         1024         656.888    137854976     68927488
       67312         2048        1310.128    275709952    137854976
       67312         4096        2618.132    551419904    275709952
       67312         8192        5224.201   1102839808    551419904
       74032            1           6.852       148064        74032
       74032            2           1.864       296128       148064
       74032            4           3.717       592256       296128
       74032            8           6.933      1184512       592256
       74032           16          13.104      2369024      1184512
       74032           32          23.263      4738048      2369024
       74032           64          45.553      9476096      4738048
       74032          128          90.284     18952192      9476096
       74032          256         180.428     37904384     18952192
       74032          512         359.746     75808768     37904384
       74032         1024         743.304    151617536     75808768
       74032         2048        1446.276    303235072    151617536
       74032         4096        2885.829    606470144    303235072
       74032         8192        5774.594   1212940288    606470144
       81424            1           7.453       162848        81424
       81424            2           2.004       325696       162848
       81424            4           3.657       651392       325696
       81424            8           6.873      1302784       651392
       81424           16          12.723      2605568      1302784
       81424           32          25.296      5211136      2605568
       81424           64          49.570     10422272      5211136
       81424          128          98.970     20844544     10422272
       81424          256         211.626     41689088     20844544
       81424          512         398.978     83378176     41689088
       81424         1024         794.107    166756352     83378176
       81424         2048        1577.365    333512704    166756352
       81424         4096        3159.839    667025408    333512704
       81424         8192        6309.299   1334050816    667025408
       89552            1           8.847       179104        89552
       89552            2           2.224       358208       179104
       89552            4           4.007       716416       358208
       89552            8           7.103      1432832       716416
       89552           16          13.875      2865664      1432832
       89552           32          27.360      5731328      2865664
       89552           64          56.343     11462656      5731328
       89552          128         109.259     22925312     11462656
       89552          256         216.104     45850624     22925312
       89552          512         435.974     91701248     45850624
       89552         1024         869.324    183402496     91701248
       89552         2048        1737.687    366804992    183402496
       89552         4096        3469.784    733609984    366804992
       89552         8192        6937.885   1467219968    733609984
       98496            1           6.742       196992        98496
       98496            2           2.485       393984       196992
       98496            4           4.108       787968       393984
       98496            8           8.125      1575936       787968
       98496           16          15.238      3151872      1575936
       98496           32          30.385      6303744      3151872
       98496           64          60.220     12607488      6303744
       98496          128         119.408     25214976     12607488
       98496          256         242.051     50429952     25214976
       98496          512         479.223    100859904     50429952
       98496         1024         957.084    201719808    100859904
       98496         2048        1914.930    403439616    201719808
       98496         4096        3829.750    806879232    403439616
       98496         8192        7655.572   1613758464    806879232
      108336            1           9.808       216672       108336
      108336            2           2.545       433344       216672
      108336            4           4.709       866688       433344
      108336            8           8.926      1733376       866688
      108336           16          17.011      3466752      1733376
      108336           32          36.556      6933504      3466752
      108336           64          68.555     13867008      6933504
      108336          128         130.838     27734016     13867008
      108336          256         275.462     55468032     27734016
      108336          512         526.449    110936064     55468032
      108336         1024        1057.467    221872128    110936064
      108336         2048        2102.922    443744256    221872128
      108336         4096        4204.674    887488512    443744256
      108336         8192        8397.515   1774977024    887488512
      119168            1          10.640       238336       119168
      119168            2           2.745       476672       238336
      119168            4           5.129       953344       476672
      119168            8           9.597      1906688       953344
      119168           16          18.614      3813376      1906688
      119168           32          36.297      7626752      3813376
      119168           64          72.623     15253504      7626752
      119168          128         144.203     30507008     15253504
      119168          256         295.619     61014016     30507008
      119168          512         575.078    122028032     61014016
      119168         1024        1155.376    244056064    122028032
      119168         2048        2315.730    488112128    244056064
      119168         4096        4612.226    976224256    488112128
      119168         8192        9248.807   1952448512    976224256
      131072            1          10.800       262144       131072
      131072            2           2.955       524288       262144
      131072            4           5.530      1048576       524288
      131072            8          10.649      2097152      1048576
      131072           16          20.497      4194304      2097152
      131072           32          39.832      8388608      4194304
      131072           64          79.284     16777216      8388608
      131072          128         158.529     33554432     16777216
      131072          256         316.587     67108864     33554432
      131072          512         639.034    134217728     67108864
      131072         1024        1268.803    268435456    134217728
      131072         2048        2542.504    536870912    268435456
      131072         4096        5077.323   1073741824    536870912
      131072         8192       10150.691   2147483648   1073741824
      144176            1          11.812       288352       144176
      144176            2           3.286       576704       288352
      144176            4           6.001      1153408       576704
      144176            8          11.511      2306816      1153408
      144176           16          22.461      4613632      2306816
      144176           32          43.910      9227264      4613632
      144176           64          87.599     18454528      9227264
      144176          128         174.398     36909056     18454528
      144176          256         352.052     73818112     36909056
      144176          512         699.716    147636224     73818112
      144176         1024        1400.042    295272448    147636224
      144176         2048        2792.189    590544896    295272448
      144176         4096        5592.473   1181089792    590544896
      158592            1          12.863       317184       158592
      158592            2           3.396       634368       317184
      158592            4           6.682      1268736       634368
      158592            8          12.623      2537472      1268736
      158592           16          24.495      5074944      2537472
      158592           32          48.188     10149888      5074944
      158592           64          95.865     20299776     10149888
      158592          128         191.849     40599552     20299776
      158592          256         396.623     81199104     40599552
      158592          512         771.816    162398208     81199104
      158592         1024        1534.226    324796416    162398208
      158592         2048        3070.836    649592832    324796416
      158592         4096        6136.565   1299185664    649592832
      174448            1          14.516       348896       174448
      174448            2           3.566       697792       348896
      174448            4           7.083      1395584       697792
      174448            8          13.805      2791168      1395584
      174448           16          26.548      5582336      2791168
      174448           32          53.076     11164672      5582336
      174448           64         105.733     22329344     11164672
      174448          128         210.614     44658688     22329344
      174448          256         429.823     89317376     44658688
      174448          512         847.935    178634752     89317376
      174448         1024        1688.067    357269504    178634752
      174448         2048        3380.041    714539008    357269504
      174448         4096        6754.150   1429078016    714539008
      191888            1          15.558       383776       191888
      191888            2           5.500       767552       383776
      191888            4           7.855      1535104       767552
      191888            8          15.137      3070208      1535104
      191888           16          29.454      6140416      3070208
      191888           32          58.337     12280832      6140416
      191888           64         116.172     24561664     12280832
      191888          128         245.718     49123328     24561664
      191888          256         462.593     98246656     49123328
      191888          512         954.099    196493312     98246656
      191888         1024        1856.364    392986624    196493312
      191888         2048        3717.246    785973248    392986624
      191888         4096        7428.410   1571946496    785973248
      211072            1          16.450       422144       211072
      211072            2           4.559       844288       422144
      211072            4           8.816      1688576       844288
      211072            8          16.690      3377152      1688576
      211072           16          32.480      6754304      3377152
      211072           32          63.967     13508608      6754304
      211072           64         127.713     27017216     13508608
      211072          128         254.805     54034432     27017216
      211072          256         512.323    108068864     54034432
      211072          512        1026.190    216137728    108068864
      211072         1024        2043.644    432275456    216137728
      211072         2048        4086.919    864550912    432275456
      211072         4096        8163.279   1729101824    864550912
      232176            1          17.522       464352       232176
      232176            2           5.109       928704       464352
      232176            4           9.568      1857408       928704
      232176            8          18.133      3714816      1857408
      232176           16          35.325      7429632      3714816
      232176           32          70.539     14859264      7429632
      232176           64         140.365     29718528     14859264
      232176          128         280.131     59437056     29718528
      232176          256         562.815    118874112     59437056
      232176          512        1125.331    237748224    118874112
      232176         1024        2246.094    475496448    237748224
      232176         2048        4500.884    950992896    475496448
      232176         4096        8996.348   1901985792    950992896
      255392            1          19.235       510784       255392
      255392            2          21.539      1021568       510784
      255392            4          10.209      2043136      1021568
      255392            8          19.726      4086272      2043136
      255392           16          39.111      8172544      4086272
      255392           32          77.591     16345088      8172544
      255392           64         154.391     32690176     16345088
      255392          128         307.952     65380352     32690176
      255392          256         626.272    130760704     65380352
      255392          512        1238.227    261521408    130760704
      255392         1024        2473.899    523042816    261521408
      255392         2048        4941.958   1046085632    523042816
      255392         4096        9899.182   2092171264   1046085632
      280928            1          18.805       561856       280928
      280928            2           5.690      1123712       561856
      280928            4          10.950      2247424      1123712
      280928            8          21.780      4494848      2247424
      280928           16          42.778      8989696      4494848
      280928           32          84.864     17979392      8989696
      280928           64         169.819     35958784     17979392
      280928          128         362.441     71917568     35958784
      280928          256         681.001    143835136     71917568
      280928          512        1363.054    287670272    143835136
      280928         1024        2719.106    575340544    287670272
      280928         2048        5442.229   1150681088    575340544
      309008            1          21.189       618016       309008
      309008            2           6.362      1236032       618016
      309008            4          12.123      2472064      1236032
      309008            8          23.944      4944128      2472064
      309008           16          47.236      9888256      4944128
      309008           32          93.550     19776512      9888256
      309008           64         190.026     39553024     19776512
      309008          128         372.769     79106048     39553024
      309008          256         751.159    158212096     79106048
      309008          512        1519.991    316424192    158212096
      309008         1024        2991.844    632848384    316424192
      309008         2048        5986.451   1265696768    632848384
      339904            1          24.094       679808       339904
      339904            2           6.682      1359616       679808
      339904            4          13.024      2719232      1359616
      339904            8          25.717      5438464      2719232
      339904           16          51.595     10876928      5438464
      339904           32         102.727     21753856     10876928
      339904           64         205.034     43507712     21753856
      339904          128         409.446     87015424     43507712
      339904          256         824.353    174030848     87015424
      339904          512        1644.468    348061696    174030848
      339904         1024        3289.977    696123392    348061696
      339904         2048        6574.273   1392246784    696123392
      373888            1          26.388       747776       373888
      373888            2           7.734      1495552       747776
      373888            4          15.058      2991104      1495552
      373888            8          28.983      5982208      2991104
      373888           16          56.894     11964416      5982208
      373888           32         113.237     23928832     11964416
      373888           64         225.511     47857664     23928832
      373888          128         454.759     95715328     47857664
      373888          256         906.983    191430656     95715328
      373888          512        1814.427    382861312    191430656
      373888         1024        3629.706    765722624    382861312
      373888         2048        7233.224   1531445248    765722624
      411264            1          27.761       822528       411264
      411264            2           8.335      1645056       822528
      411264            4          16.430      3290112      1645056
      411264            8          31.588      6580224      3290112
      411264           16          62.664     13160448      6580224
      411264           32         127.823     26320896     13160448
      411264           64         263.420     52641792     26320896
      411264          128         496.245    105283584     52641792
      411264          256         993.401    210567168    105283584
      411264          512        1992.151    421134336    210567168
      411264         1024        3982.939    842268672    421134336
      411264         2048        7962.693   1684537344    842268672
      452384            1          29.845       904768       452384
      452384            2           9.297      1809536       904768
      452384            4          17.902      3619072      1809536
      452384            8          34.633      7238144      3619072
      452384           16          68.756     14476288      7238144
      452384           32         151.606     28952576     14476288
      452384           64         272.927     57905152     28952576
      452384          128         545.644    115810304     57905152
      452384          256        1103.070    231620608    115810304
      452384          512        2188.128    463241216    231620608
      452384         1024        4379.763    926482432    463241216
      452384         2048        8762.381   1852964864    926482432
      497616            1          34.804       995232       497616
      497616            2           9.617      1990464       995232
      497616            4          19.195      3980928      1990464
      497616            8          37.789      7961856      3980928
      497616           16          75.007     15923712      7961856
      497616           32         150.134     31847424     15923712
      497616           64         299.316     63694848     31847424
      497616          128         606.225    127389696     63694848
      497616          256        1204.084    254779392    127389696
      497616          512        2410.353    509558784    254779392
      497616         1024        4815.286   1019117568    509558784
      497616         2048        9649.768   2038235136   1019117568
      547376            1          37.469      1094752       547376
      547376            2          11.381      2189504      1094752
      547376            4          21.569      4379008      2189504
      547376            8          42.036      8758016      4379008
      547376           16          83.051     17516032      8758016
      547376           32         165.682     35032064     17516032
      547376           64         344.298     70064128     35032064
      547376          128         660.083    140128256     70064128
      547376          256        1327.660    280256512    140128256
      547376          512        2652.535    560513024    280256512
      547376         1024        5298.147   1121026048    560513024
      602112            1          39.051      1204224       602112
      602112            2          12.563      2408448      1204224
      602112            4          23.673      4816896      2408448
      602112            8          46.355      9633792      4816896
      602112           16         106.665     19267584      9633792
      602112           32         182.032     38535168     19267584
      602112           64         366.869     77070336     38535168
      602112          128         728.347    154140672     77070336
      602112          256        1458.168    308281344    154140672
      602112          512        2917.779    616562688    308281344
      602112         1024        5829.356   1233125376    616562688
      662320            1          43.169      1324640       662320
      662320            2          13.695      2649280      1324640
      662320            4          25.607      5298560      2649280
      662320            8          50.963     10597120      5298560
      662320           16         100.393     21194240     10597120
      662320           32         200.205     42388480     21194240
      662320           64         402.935     84776960     42388480
      662320          128         800.970    169553920     84776960
      662320          256        1607.630    339107840    169553920
      662320          512        3209.080    678215680    339107840
      662320         1024        6410.705   1356431360    678215680
      728544            1          48.879      1457088       728544
      728544            2          14.085      2914176      1457088
      728544            4          27.540      5828352      2914176
      728544            8          54.599     11656704      5828352
      728544           16         123.906     23313408     11656704
      728544           32         219.250     46626816     23313408
      728544           64         441.555     93253632     46626816
      728544          128         885.464    186507264     93253632
      728544          256        1762.112    373014528    186507264
      728544          512        3521.048    746029056    373014528
      728544         1024        7043.458   1492058112    746029056
      801392            1          67.783      1602784       801392
      801392            2          16.430      3205568      1602784
      801392            4          30.576      6411136      3205568
      801392            8          60.951     12822272      6411136
      801392           16         121.060     25644544     12822272
      801392           32         241.641     51289088     25644544
      801392           64         485.715    102578176     51289088
      801392          128         971.501    205156352    102578176
      801392          256        1936.570    410312704    205156352
      801392          512        3882.758    820625408    410312704
      801392         1024        7758.371   1641250816    820625408
      881520            1          59.508      1763040       881520
      881520            2          17.312      3526080      1763040
      881520            4          33.741      7052160      3526080
      881520            8          66.552     14104320      7052160
      881520           16         132.481     28208640     14104320
      881520           32         265.805     56417280     28208640
      881520           64         534.274    112834560     56417280
      881520          128        1067.916    225669120    112834560
      881520          256        2139.780    451338240    225669120
      881520          512        4274.542    902676480    451338240
      881520         1024        8532.192   1805352960    902676480
      969664            1          66.842      1939328       969664
      969664            2          19.054      3878656      1939328
      969664            4          36.857      7757312      3878656
      969664            8          73.234     15514624      7757312
      969664           16         146.046     31029248     15514624
      969664           32         292.012     62058496     31029248
      969664           64         590.806    124116992     62058496
      969664          128        1172.888    248233984    124116992
      969664          256        2346.247    496467968    248233984
      969664          512        4697.112    992935936    496467968
      969664         1024        9384.416   1985871872    992935936
     1066624            1          82.791      2133248      1066624
     1066624            2          23.463      4266496      2133248
     1066624            4          41.997      8532992      4266496
     1066624            8          81.769     17065984      8532992
     1066624           16         164.009     34131968     17065984
     1066624           32         325.724     68263936     34131968
     1066624           64         655.865    136527872     68263936
     1066624          128        1300.641    273055744    136527872
     1066624          256        2593.778    546111488    273055744
     1066624          512        5185.491   1092222976    546111488
     1173280            1          76.059      2346560      1173280
     1173280            2          26.198      4693120      2346560
     1173280            4          46.214      9386240      4693120
     1173280            8          90.826     18772480      9386240
     1173280           16         182.723     37544960     18772480
     1173280           32         356.680     75089920     37544960
     1173280           64         717.799    150179840     75089920
     1173280          128        1426.891    300359680    150179840
     1173280          256        2846.258    600719360    300359680
     1173280          512        5692.235   1201438720    600719360
     1290608            1          82.480      2581216      1290608
     1290608            2          27.360      5162432      2581216
     1290608            4          50.442     10324864      5162432
     1290608            8          98.901     20649728     10324864
     1290608           16         196.338     41299456     20649728
     1290608           32         401.833     82598912     41299456
     1290608           64         788.657    165197824     82598912
     1290608          128        1570.272    330395648    165197824
     1290608          256        3141.486    660791296    330395648
     1290608          512        6279.146   1321582592    660791296
     1419664            1          97.588      2839328      1419664
     1419664            2          30.636      5678656      2839328
     1419664            4          66.441     11357312      5678656
     1419664            8         109.159     22714624     11357312
     1419664           16         216.304     45429248     22714624
     1419664           32         431.176     90858496     45429248
     1419664           64         867.301    181716992     90858496
     1419664          128        1726.407    363433984    181716992
     1419664          256        3450.980    726867968    363433984
     1419664          512        6914.053   1453735936    726867968
     1561616            1         101.315      3123232      1561616
     1561616            2          34.443      6246464      3123232
     1561616            4          60.740     12492928      6246464
     1561616            8         119.468     24985856     12492928
     1561616           16         236.992     49971712     24985856
     1561616           32         478.662     99943424     49971712
     1561616           64         949.521    199886848     99943424
     1561616          128        1895.465    399773696    199886848
     1561616          256        3781.001    799547392    399773696
     1561616          512        7569.267   1599094784    799547392
     1717776            1         107.887      3435552      1717776
     1717776            2          37.108      6871104      3435552
     1717776            4          66.702     13742208      6871104
     1717776            8         131.129     27484416     13742208
     1717776           16         261.076     54968832     27484416
     1717776           32         525.918    109937664     54968832
     1717776           64        1045.396    219875328    109937664
     1717776          128        2095.169    439750656    219875328
     1717776          256        4177.044    879501312    439750656
     1717776          512        8360.229   1759002624    879501312
     1889552            1         117.574      3779104      1889552
     1889552            2          39.251      7558208      3779104
     1889552            4          72.762     15116416      7558208
     1889552            8         154.943     30232832     15116416
     1889552           16         287.114     60465664     30232832
     1889552           32         571.411    120931328     60465664
     1889552           64        1153.293    241862656    120931328
     1889552          128        2297.397    483725312    241862656
     1889552          256        4601.418    967450624    483725312
     1889552          512        9186.656   1934901248    967450624
     2078496            1         129.616      4156992      2078496
     2078496            2          44.160      8313984      4156992
     2078496            4          79.966     16627968      8313984
     2078496            8         158.859     33255936     16627968
     2078496           16         315.555     66511872     33255936
     2078496           32         633.124    133023744     66511872
     2078496           64        1264.355    266047488    133023744
     2078496          128        2527.617    532094976    266047488
     2078496          256        5054.654   1064189952    532094976
     2078496          512       10108.827   2128379904   1064189952
     2286336            1         147.669      4572672      2286336
     2286336            2          47.516      9145344      4572672
     2286336            4          90.966     18290688      9145344
     2286336            8         173.707     36581376     18290688
     2286336           16         357.893     73162752     36581376
     2286336           32         693.574    146325504     73162752
     2286336           64        1393.260    292651008    146325504
     2286336          128        2782.882    585302016    292651008
     2286336          256        5553.844   1170604032    585302016
     2514960            1         175.510      5029920      2514960
     2514960            2          53.447     10059840      5029920
     2514960            4          96.826     20119680     10059840
     2514960            8         191.910     40239360     20119680
     2514960           16         380.924     80478720     40239360
     2514960           32         763.883    160957440     80478720
     2514960           64        1532.673    321914880    160957440
     2514960          128        3057.704    643829760    321914880
     2514960          256        6113.814   1287659520    643829760
     2766448            1         173.175      5532896      2766448
     2766448            2          56.362     11065792      5532896
     2766448            4         115.280     22131584     11065792
     2766448            8         209.542     44263168     22131584
     2766448           16         418.293     88526336     44263168
     2766448           32         860.017    177052672     88526336
     2766448           64        1682.648    354105344    177052672
     2766448          128        3360.756    708210688    354105344
     2766448          256        6725.129   1416421376    708210688
     3043088            1         194.184      6086176      3043088
     3043088            2          62.745     12172352      6086176
     3043088            4         127.422     24344704     12172352
     3043088            8         231.432     48689408     24344704
     3043088           16         461.130     97378816     48689408
     3043088           32         924.525    194757632     97378816
     3043088           64        1851.986    389515264    194757632
     3043088          128        3704.262    779030528    389515264
     3043088          256        7411.200   1558061056    779030528
     3347392            1         217.216      6694784      3347392
     3347392            2          66.801     13389568      6694784
     3347392            4         126.049     26779136     13389568
     3347392            8         252.090     53558272     26779136
     3347392           16         510.671    107116544     53558272
     3347392           32        1013.587    214233088    107116544
     3347392           64        2031.483    428466176    214233088
     3347392          128        4070.129    856932352    428466176
     3347392          256        8128.287   1713864704    856932352
     3682128            1         237.643      7364256      3682128
     3682128            2          74.706     14728512      7364256
     3682128            4         138.813     29457024     14728512
     3682128            8         277.596     58914048     29457024
     3682128           16         561.353    117828096     58914048
     3682128           32        1119.130    235656192    117828096
     3682128           64        2236.798    471312384    235656192
     3682128          128        4484.504    942624768    471312384
     3682128          256        8951.066   1885249536    942624768
     4050336            1         258.992      8100672      4050336
     4050336            2          82.921     16201344      8100672
     4050336            4         165.662     32402688     16201344
     4050336            8         308.413     64805376     32402688
     4050336           16         613.057    129610752     64805376
     4050336           32        1237.375    259221504    129610752
     4050336           64        2462.218    518443008    259221504
     4050336          128        4924.316   1036886016    518443008
     4050336          256        9843.774   2073772032   1036886016
     4455360            1         303.864      8910720      4455360
     4455360            2          87.870     17821440      8910720
     4455360            4         167.856     35642880     17821440
     4455360            8         335.832     71285760     35642880
     4455360           16         677.696    142571520     71285760
     4455360           32        1375.498    285143040    142571520
     4455360           64        2700.723    570286080    285143040
     4455360          128        5405.443   1140572160    570286080
     4900896            1         326.916      9801792      4900896
     4900896            2         100.332     19603584      9801792
     4900896            4         188.764     39207168     19603584
     4900896            8         373.470     78414336     39207168
     4900896           16         746.251    156828672     78414336
     4900896           32        1495.737    313657344    156828672
     4900896           64        2986.043    627314688    313657344
     4900896          128        5967.077   1254629376    627314688
     5390976            1         351.611     10781952      5390976
     5390976            2         109.209     21563904     10781952
     5390976            4         206.857     43127808     21563904
     5390976            8         410.188     86255616     43127808
     5390976           16         819.784    172511232     86255616
     5390976           32        1643.696    345022464    172511232
     5390976           64        3271.864    690044928    345022464
     5390976          128        6551.292   1380089856    690044928
     5930064            1         377.168     11860128      5930064
     5930064            2         116.613     23720256     11860128
     5930064            4         225.852     47440512     23720256
     5930064            8         454.519     94881024     47440512
     5930064           16         897.586    189762048     94881024
     5930064           32        1798.559    379524096    189762048
     5930064           64        3618.245    759048192    379524096
     5930064          128        7214.822   1518096384    759048192
     6523056            1         414.606     13046112      6523056
     6523056            2         142.530     26092224     13046112
     6523056            4         254.985     52184448     26092224
     6523056            8         496.475    104368896     52184448
     6523056           16         998.160    208737792    104368896
     6523056           32        1986.441    417475584    208737792
     6523056           64        3966.200    834951168    417475584
     6523056          128        7931.398   1669902336    834951168
     7175360            1         445.912     14350720      7175360
     7175360            2         140.246     28701440     14350720
     7175360            4         271.354     57402880     28701440
     7175360            8         554.050    114805760     57402880
     7175360           16        1090.498    229611520    114805760
     7175360           32        2173.983    459223040    229611520
     7175360           64        4371.659    918446080    459223040
     7175360          128        8704.247   1836892160    918446080
     7892896            1         502.666     15785792      7892896
     7892896            2         178.074     31571584     15785792
     7892896            4         304.155     63143168     31571584
     7892896            8         607.838    126286336     63143168
     7892896           16        1206.830    252572672    126286336
     7892896           32        2422.516    505145344    252572672
     7892896           64        4808.366   1010290688    505145344
     7892896          128       10071.520   2020581376   1010290688
     8682176            1         538.652     17364352      8682176
     8682176            2         331.394     34728704     17364352
     8682176            4         358.954     69457408     34728704
     8682176            8         721.204    138914816     69457408
     8682176           16        1378.143    277829632    138914816
     8682176           32        2761.575    555659264    277829632
     8682176           64        5460.664   1111318528    555659264
     9550384            1         617.676     19100768      9550384
     9550384            2         924.566     38201536     19100768
     9550384            4        1222.338     76403072     38201536
     9550384            8        2074.612    152806144     76403072
     9550384           16        3730.580    305612288    152806144
     9550384           32        6870.615    611224576    305612288
     9550384           64       13010.427   1222449152    611224576
    10505408            1         668.889     21010816     10505408
    10505408            2        1285.964     42021632     21010816
    10505408            4        1878.906     84043264     42021632
    10505408            8        3284.136    168086528     84043264
    10505408           16        6020.414    336173056    168086528
    10505408           32       11292.916    672346112    336173056
    10505408           64       21367.561   1344692224    672346112
    11555936            1         755.817     23111872     11555936
    11555936            2        1470.590     46223744     23111872
    11555936            4        2309.761     92447488     46223744
    11555936            8        4045.725    184894976     92447488
    11555936           16        7509.879    369789952    184894976
    11555936           32       14249.605    739579904    369789952
    11555936           64       27935.133   1479159808    739579904
    12711520            1         834.291     25423040     12711520
    12711520            2        1675.885     50846080     25423040
    12711520            4        2682.570    101692160     50846080
    12711520            8        4640.950    203384320    101692160
    12711520           16        8559.122    406768640    203384320
    12711520           32       16457.661    813537280    406768640
    12711520           64       32130.141   1627074560    813537280
    13982672            1         931.067     27965344     13982672
    13982672            2        1884.335     55930688     27965344
    13982672            4        2979.832    111861376     55930688
    13982672            8        5136.514    223722752    111861376
    13982672           16        9438.005    447445504    223722752
    13982672           32       18079.497    894891008    447445504
    13982672           64       35257.302   1789782016    894891008
    15380928            1        1005.012     30761856     15380928
    15380928            2        2053.012     61523712     30761856
    15380928            4        3293.684    123047424     61523712
    15380928            8        5674.184    246094848    123047424
    15380928           16       10489.762    492189696    246094848
    15380928           32       20137.130    984379392    492189696
    15380928           64       39276.260   1968758784    984379392
    16919008            1        1114.833     33838016     16919008
    16919008            2        2246.736     67676032     33838016
    16919008            4        3607.837    135352064     67676032
    16919008            8        6222.554    270704128    135352064
    16919008           16       11487.281    541408256    270704128
    16919008           32       22056.769   1082816512    541408256
    18610896            1        1243.597     37221792     18610896
    18610896            2        2462.249     74443584     37221792
    18610896            4        3899.028    148887168     74443584
    18610896            8        6831.284    297774336    148887168
    18610896           16       12611.621    595548672    297774336
    18610896           32       24312.392   1191097344    595548672
    20471984            1        1358.175     40943968     20471984
    20471984            2        2685.646     81887936     40943968
    20471984            4        4176.503    163775872     81887936
    20471984            8        7190.859    327551744    163775872
    20471984           16       13213.849    655103488    327551744
    20471984           32       25315.149   1310206976    655103488
    22519168            1        1473.547     45038336     22519168
    22519168            2        2969.483     90076672     45038336
    22519168            4        4637.094    180153344     90076672
    22519168            8        7892.448    360306688    180153344
    22519168           16       14588.895    720613376    360306688
    22519168           32       27843.408   1441226752    720613376
    24771072            1        1644.979     49542144     24771072
    24771072            2        3327.716     99084288     49542144
    24771072            4        5121.116    198168576     99084288
    24771072            8        8793.069    396337152    198168576
    24771072           16       16099.880    792674304    396337152
    24771072           32       30801.962   1585348608    792674304
    27248176            1        1790.695     54496352     27248176
    27248176            2        3686.691    108992704     54496352
    27248176            4        5624.143    217985408    108992704
    27248176            8        9653.408    435970816    217985408
    27248176           16       17688.847    871941632    435970816
    27248176           32       33750.287   1743883264    871941632
    29972992            1        1976.383     59945984     29972992
    29972992            2        4018.606    119891968     59945984
    29972992            4        6226.872    239783936    119891968
    29972992            8       10627.424    479567872    239783936
    29972992           16       19544.170    959135744    479567872
    29972992           32       37277.239   1918271488    959135744
    32970288            1        2197.145     65940576     32970288
    32970288            2        4441.037    131881152     65940576
    32970288            4        6877.238    263762304    131881152
    32970288            8       11757.314    527524608    263762304
    32970288           16       21467.858   1055049216    527524608
    32970288           32       41127.829   2110098432   1055049216
    36267312            1        2391.810     72534624     36267312
    36267312            2        4772.882    145069248     72534624
    36267312            4        7479.806    290138496    145069248
    36267312            8       12792.061    580276992    290138496
    36267312           16       23471.280   1160553984    580276992
    39894032            1        2627.129     79788064     39894032
    39894032            2        5374.348    159576128     79788064
    39894032            4        8370.400    319152256    159576128
    39894032            8       14095.948    638304512    319152256
    39894032           16       25959.236   1276609024    638304512
    43883424            1        2895.910     87766848     43883424
    43883424            2        5837.663    175533696     87766848
    43883424            4        9074.023    351067392    175533696
    43883424            8       15521.858    702134784    351067392
    43883424           16       28501.350   1404269568    702134784
    48271760            1        3188.012     96543520     48271760
    48271760            2        6361.858    193087040     96543520
    48271760            4        9897.564    386174080    193087040
    48271760            8       16924.365    772348160    386174080
    48271760           16       31134.791   1544696320    772348160
    53098928            1        3514.347    106197856     53098928
    53098928            2        7009.689    212395712    106197856
    53098928            4       10890.885    424791424    212395712
    53098928            8       18614.285    849582848    424791424
    53098928           16       34278.712   1699165696    849582848
    58408816            1        3855.448    116817632     58408816
    58408816            2        7744.168    233635264    116817632
    58408816            4       12277.553    467270528    233635264
    58408816            8       21294.442    934541056    467270528
    58408816           16       39145.676   1869082112    934541056
    64249696            1        4225.032    128499392     64249696
    64249696            2        8513.050    256998784    128499392
    64249696            4       13466.873    513997568    256998784
    64249696            8       23387.359   1027995136    513997568
    64249696           16       43292.789   2055990272   1027995136
    70674656            1        4605.677    141349312     70674656
    70674656            2        9201.887    282698624    141349312
    70674656            4       14557.621    565397248    282698624
    70674656            8       25380.703   1130794496    565397248
    77742112            1        5190.984    155484224     77742112
    77742112            2       10277.808    310968448    155484224
    77742112            4       15914.304    621936896    310968448
    77742112            8       27279.775   1243873792    621936896
    85516320            1        5600.651    171032640     85516320
    85516320            2       11255.691    342065280    171032640
    85516320            4       17461.846    684130560    342065280
    85516320            8       30069.411   1368261120    684130560
    94067952            1        6130.848    188135904     94067952
    94067952            2       12237.070    376271808    188135904
    94067952            4       19453.887    752543616    376271808
    94067952            8       33792.429   1505087232    752543616
   103474736            1        6768.541    206949472    103474736
   103474736            2       13622.366    413898944    206949472
   103474736            4       21196.305    827797888    413898944
   103474736            8       36222.039   1655595776    827797888
   113822208            1        7479.065    227644416    113822208
   113822208            2       14929.900    455288832    227644416
   113822208            4       23275.255    910577664    455288832
   113822208            8       39990.329   1821155328    910577664
   125204416            1        8277.001    250408832    125204416
   125204416            2       16532.934    500817664    250408832
   125204416            4       26136.293   1001635328    500817664
   125204416            8       45194.530   2003270656   1001635328
   137724848            1        9074.886    275449696    137724848
   137724848            2       18109.117    550899392    275449696
   137724848            4       28146.778   1101798784    550899392
   151497328            1        9898.608    302994656    151497328
   151497328            2       19832.289    605989312    302994656
   151497328            4       31595.967   1211978624    605989312
   166647056            1       11141.142    333294112    166647056
   166647056            2       21799.556    666588224    333294112
   166647056            4       34062.344   1333176448    666588224
   183311760            1       12107.485    366623520    183311760
   183311760            2       24084.953    733247040    366623520
   183311760            4       37520.148   1466494080    733247040
   201642928            1       13212.309    403285856    201642928
   201642928            2       26532.515    806571712    403285856
   201642928            4       41296.062   1613143424    806571712
   221807216            1       14468.520    443614432    221807216
   221807216            2       29026.512    887228864    443614432
   221807216            4       46110.380   1774457728    887228864
   243987936            1       16121.244    487975872    243987936
   243987936            2       32204.229    975951744    487975872
   243987936            4       50890.921   1951903488    975951744
   268386720            1       17657.234    536773440    268386720
   268386720            2       35264.469   1073546880    536773440
   268386720            4       54865.557   2147093760   1073546880
   295225392            1       19360.480    590450784    295225392
   295225392            2       38660.090   1180901568    590450784
   324747920            1       20992.627    649495840    324747920
   324747920            2       42251.538   1298991680    649495840
   357222704            1       23237.109    714445408    357222704
   357222704            2       46667.800   1428890816    714445408
   392944960            1       25766.080    785889920    392944960
   392944960            2       51584.445   1571779840    785889920
   432239456            1       28389.303    864478912    432239456
   432239456            2       56819.620   1728957824    864478912
   475463392            1       30530.009    950926784    475463392
   475463392            2       61238.783   1901853568    950926784
   523009728            1       33657.310   1046019456    523009728
   523009728            2       67206.484   2092038912   1046019456
   575310688            1       37605.781   1150621376    575310688
   632841744            1       41280.761   1265683488    632841744
   696125904            1       45454.331   1392251808    696125904
   765738480            1       50306.178   1531476960    765738480
   842312320            1       54442.309   1684624640    842312320
   926543552            1       59925.177   1853087104    926543552
  1019197904            1       66705.636   2038395808   1019197904

META_DATA
FLOPS          8
OPENMP_THREADS 2
ERT_VERSION  1.1.0
HOSTNAME  ('cachyos-laptop', [], ['127.0.1.1'])
UNAME  uname_result(system='Linux', node='cachyos-laptop', release='6.18.0-2-cachyos', version='#1 SMP PREEMPT_DYNAMIC Sat, 06 Dec 2025 07:42:36 +0000', machine='x86_64')
TIMESTAMP_DATA  1765908518.109289
CONFIG  {'ERT_MPI': ['False'], 'ERT_OPENMP': ['True'], 'ERT_OPENMP_CFLAGS': ['-fopenmp'], 'ERT_OPENMP_LDFLAGS': ['-fopenmp'], 'ERT_PRECISION': ['FP64'], 'ERT_TRIALS_MIN': ['1'], 'ERT_TRIALS': ['3', '#', 'Run', 'each', 'test', '3', 'times', 'to', 'filter', 'out', 'background', 'noise'], 'ERT_RESULTS': ['Results/5500U'], 'ERT_GNUPLOT': ['gnuplot'], 'ERT_DRIVER': ['driver1'], 'ERT_KERNEL': ['kernel1'], 'ERT_CC': ['g++'], 'ERT_LD': ['g++'], 'ERT_CFLAGS': ['-O3', '-march=native', '-fopenmp', '-fstrict-aliasing', '-funroll-loops', '-Wno-all'], 'ERT_LDFLAGS': ['-O3', '-march=native', '-fopenmp'], 'ERT_LDLIBS': ['-lm'], 'ERT_RUN': ['export', 'OMP_NUM_THREADS=ERT_OPENMP_THREADS;', './ERT_CODE'], 'ERT_WORKING_SET_MIN': ['128'], 'ERT_MEMORY_MAX': ['1073741824'], 'ERT_ALIGN': ['64'], 'ERT_MIN_PROCS': ['1'], 'ERT_MAX_PROCS': ['1'], 'ERT_OPENMP_THREADS': ['1,2,4,8,12', '#', 'Logical', 'Threads'], 'ERT_NUM_EXPERIMENTS': ['5'], 'ERT_FLOPS': ['1,2,4,8'], 'ERT_GPU': [False], 'ERT_HIP': [False], 'ERT_OCL': [False], 'ERT_SYCL': [False], 'ERT_WSS_MULT': [1.1]}
