fp64
 1024 1048576 20167.636 20198.517 20295.539 105.81062409823164 106.31887717301227 106.48167430233272 52.90531204911582 53.159438586506134 53.24083715116636
 1120 524288 11097.19 11110.619 11204.54 104.81511244549084 105.70114230359263 105.8290540217839 52.40755622274542 52.850571151796316 52.91452701089195
 1232 524288 12381.009 12387.659 12416.515 104.04252980808222 104.28488804866197 104.34090081026514 52.02126490404111 52.142444024330985 52.17045040513257
 1352 524288 13622.123 13628.58 13635.322 103.97075712623435 104.02219101329706 104.07149840006583 51.98537856311717 52.01109550664853 52.03574920003292
 1480 524288 14905.705 14908.433 14966.254 103.69277976974064 104.09494277500526 104.11399393722068 51.84638988487032 52.04747138750263 52.05699696861034
 1624 524288 16540.786 16548.641 16831.306 101.17381408192567 102.90194971297039 102.95081648477888 50.586907040962835 51.450974856485196 51.47540824238944
 1784 524288 18184.207 18194.094 18218.0 102.68194005928201 102.81685826180737 102.87276118227209 51.34097002964101 51.408429130903684 51.43638059113604
 1960 524288 19652.57 19666.224 19703.738 104.30553634036342 104.50450274541772 104.57710925339535 52.15276817018171 52.25225137270886 52.288554626697675
 2152 262144 10813.733 10819.303 10859.336 103.89841294163843 104.28285223179348 104.33656684514033 51.94920647081921 52.14142611589674 52.16828342257016
 2360 262144 11883.696 11888.949 11923.768 103.76918437192002 104.0730917425922 104.11909560796573 51.88459218596001 52.0365458712961 52.059547803982866
 2592 262144 12847.678 12859.12 12883.56 105.47973510427242 105.68020953222303 105.77432715857293 52.73986755213621 52.840104766111516 52.887163579286465
 2848 262144 14109.132 14113.346 14144.892 105.56264579467981 105.7985982912911 105.83019735019845 52.781322897339905 52.89929914564555 52.91509867509922
 3128 262144 15672.739 15677.29 15701.99 104.44363192181373 104.60818572597687 104.63856151754969 52.221815960906866 52.30409286298843 52.319280758774845
 3440 262144 17117.318 17143.53 17167.06 105.05879981779057 105.20299611573581 105.36409500600503 52.529399908895286 52.60149805786791 52.682047503002515
 3784 262144 18835.902 18845.663 18858.467 105.19973823959286 105.27121237390267 105.32576523279853 52.59986911979643 52.635606186951335 52.662882616399266
 4160 131072 10278.644 10291.204 10343.777 105.42754740362248 105.96612796714554 106.09561339024876 52.71377370181124 52.98306398357277 53.04780669512438
 4576 131072 11311.957 11326.304 11340.676 105.77596467794336 105.91018429312862 106.04451060059722 52.88798233897168 52.95509214656431 53.02225530029861
 5032 131072 12507.664 12509.972 12515.948 105.39422247519724 105.44456918049059 105.46402653605023 52.69711123759862 52.722284590245295 52.73201326802511
 5528 131072 13796.308 13816.556 13832.183 104.76524435803083 104.88373745237236 105.03766891838019 52.382622179015414 52.44186872618618 52.518834459190096
 6080 131072 15044.406 15066.934 15081.841 105.67910906897905 105.78366640485717 105.94207042803816 52.83955453448952 52.891833202428586 52.97103521401908
 6688 131072 16549.804 16556.62 16566.384 105.82991870766732 105.89233019783025 105.93594171870555 52.91495935383366 52.946165098915124 52.967970859352775
 7352 131072 18298.693 18302.86 18316.22 105.22273089098077 105.29953723079343 105.32351616588137 52.611365445490385 52.64976861539672 52.661758082940686
 8080 131072 20039.663 20065.276 20135.632 105.19280050410138 105.56164390661759 105.69656385938228 52.59640025205069 52.780821953308795 52.84828192969114
 8888 65536 11060.779 11072.913 11093.329 105.01517948309296 105.20880422342341 105.32422137717425 52.50758974154648 52.60440211171171 52.66211068858713
 9776 65536 12106.985 12133.046 12193.292 105.08727848065969 105.60908381951242 105.83641360751663 52.543639240329846 52.80454190975621 52.918206803758316
 10752 65536 13295.496 13317.612 13362.825 105.46318940792834 105.82123461773777 105.99725982392835 52.73159470396417 52.910617308868886 52.99862991196417
 11824 65536 14651.514 14657.309 14683.96 105.54341798806317 105.73532481303357 105.77714548817276 52.771708994031584 52.867662406516786 52.88857274408638
 13000 65536 16115.792 16119.821 16122.005 105.69008011100357 105.7043995711863 105.73082601215006 52.845040055501784 52.85219978559315 52.86541300607503
 14296 65536 17742.324 17766.614 17803.332 105.25025944581611 105.46777860992533 105.61216850734999 52.625129722908056 52.733889304962666 52.806084253674996
 15720 65536 19468.45 19506.05 19557.839 105.35171293720128 105.63142409662642 105.8354332265794 52.67585646860064 52.81571204831321 52.9177166132897
 17288 32768 10705.708 10714.152 10719.477 105.69418340092524 105.74671406565822 105.83012053009477 52.84709170046262 52.87335703282911 52.91506026504739
 19016 32768 11761.519 11775.488 11835.956 105.29209267084128 105.83277533805818 105.95847152055784 52.64604633542064 52.91638766902909 52.97923576027892
 20912 32768 12967.057 12976.03 12983.648 105.55498978407302 105.61695927028528 105.69004454904454 52.77749489203651 52.80847963514264 52.84502227452227
 23000 32768 14268.255 14277.028 14293.611 105.45466782326733 105.57715513340732 105.6420704564083 52.727333911633664 52.78857756670366 52.82103522820415
 25296 32768 15651.949 15692.591 15706.652 105.54755119041282 105.6421247453655 105.91643609367752 52.77377559520641 52.82106237268275 52.95821804683876
 27824 32768 17207.991 17238.072 17273.288 105.5661009067874 105.7817639930962 105.96667931776578 52.7830504533937 52.8908819965481 52.98333965888289
 30600 32768 18925.562 18948.742 18974.134 105.69133748080414 105.83296769780284 105.96259175817339 52.84566874040207 52.91648384890142 52.981295879086694
 33656 16384 10433.76 10438.736 10478.834 105.24451556346821 105.64878812913746 105.69917345233165 52.622257781734106 52.82439406456873 52.849586726165825
 37016 16384 11528.46 11544.924 11563.25 104.89613975309709 105.06264813869713 105.21268998634685 52.448069876548544 52.531324069348564 52.60634499317342
 40712 16384 12608.19 12620.978 12645.734 105.49413865577118 105.7010650046296 105.80827351110666 52.74706932788559 52.8505325023148 52.90413675555333
 44776 16384 13863.104 13877.394 13939.888 105.25335411590106 105.72734102670861 105.83632410173075 52.62667705795053 52.86367051335431 52.91816205086538
 49248 16384 15245.55 15294.896 15343.338 105.17649184290929 105.50960686493062 105.85111484990702 52.58824592145464 52.75480343246531 52.92555742495351
 54168 16384 16767.786 16796.187 16814.603 105.56163734582374 105.67737927661796 105.85637388263424 52.78081867291187 52.83868963830898 52.92818694131712
 59584 16384 18443.02 18458.954 18477.021 105.6690097391782 105.77243499279534 105.86381796473678 52.8345048695891 52.88621749639767 52.93190898236839
 65536 16384 20284.114 20309.11 20397.4 105.28222459725258 105.73991908064903 105.87022179031334 52.64111229862629 52.869959540324516 52.93511089515667
 72088 8192 11167.622 11173.212 11183.155 105.61328998837985 105.70727486420199 105.76018708369608 52.806644994189924 52.853637432100996 52.88009354184804
 79296 8192 12259.496 12266.08 12306.185 105.5717644420265 105.91694037540925 105.97382339371863 52.78588222101325 52.95847018770463 52.986911696859316
 87224 8192 13500.828 13503.0 13514.028 105.74774715577028 105.83411212323189 105.85113861164665 52.87387357788514 52.917056061615945 52.92556930582332
 95944 8192 14829.754 14837.3 14864.454 105.75205089941414 105.94558956144313 105.99949911508983 52.87602544970707 52.972794780721564 52.99974955754492
 105536 8192 16320.247 16332.327 16350.364 105.75310886045106 105.86989986178943 105.94826316047791 52.87655443022553 52.93494993089472 52.974131580238954
 116088 8192 17942.606 17961.99 17971.829 105.83150952526869 105.88948061990904 106.00387658292225 52.91575476263434 52.94474030995452 53.00193829146112
 127696 8192 19748.494 19757.66 19793.462 105.70011774595065 105.89165235154366 105.94080054914568 52.850058872975325 52.94582617577183 52.97040027457284
 140464 4096 10864.64 10875.166 10880.079 105.7603614826694 105.80814012402203 105.91065032987747 52.8801807413347 52.904070062011016 52.955325164938735
 154504 4096 11943.326 11948.796 11985.072 105.60610466086479 105.92671998082483 105.97523403447248 52.80305233043239 52.963359990412414 52.98761701723624
 169952 4096 13127.681 13137.116 13171.811 105.69896455392504 105.9781145268109 106.0542820929302 52.84948227696252 52.98905726340545 53.0271410464651
 186944 4096 14442.991 14456.941 14499.44 105.62099281075683 105.93148633587147 106.03380200126138 52.810496405378416 52.965743167935734 53.01690100063069
 205632 4096 15888.844 15900.906 15921.407 105.80329640464565 105.93970834114735 106.02013236456976 52.901648202322825 52.969854170573676 53.01006618228488
 226192 4096 17485.207 17499.23 17508.414 105.8328220934232 105.88836560237222 105.97328724790047 52.9164110467116 52.94418280118611 52.986643623950236
 248808 4096 19230.572 19241.3 19245.391 105.90770205707953 105.93021968370121 105.98931409840539 52.953851028539766 52.965109841850605 52.994657049202694
 273688 2048 10585.78 10589.053 10599.53 105.76186378075253 105.86650647607487 105.89923916801595 52.88093189037627 52.93325323803744 52.949619584007976
 301056 2048 11638.863 11649.331 11672.381 105.64471601809436 105.85375039991567 105.94895532321328 52.82235800904718 52.926875199957834 52.97447766160664
 331160 2048 12800.575 12825.412 12844.411 105.6047926214756 105.7612309062664 105.96643978883759 52.8023963107378 52.8806154531332 52.983219894418795
 364272 2048 14067.713 14083.121 14110.8 105.73873288544945 105.94655204624033 106.06259254791452 52.869366442724726 52.973276023120164 53.03129627395726
 400696 2048 15499.549 15501.842 15511.962 105.80549488194981 105.8745674223747 105.89023048348051 52.902747440974906 52.93728371118735 52.945115241740254
 440760 2048 17039.955 17047.418 17070.453 105.75893680150138 105.90184155747221 105.94822345481545 52.87946840075069 52.950920778736105 52.974111727407724
 484832 2048 18739.993 18768.614 18784.612 105.71801387220559 105.80812584243033 105.96972325443238 52.859006936102794 52.904062921215164 52.98486162721619
 533312 1024 10344.861 10365.256 10406.242 104.9584447488344 105.37346844110748 105.58121331934764 52.4792223744172 52.68673422055374 52.79060665967382
 586640 1024 11376.481 11384.405 11405.133 105.34192981353222 105.53372969426158 105.60723654353224 52.67096490676611 52.76686484713079 52.80361827176612
 645304 1024 12533.733 12540.829 12575.247 105.0939669018032 105.38239473642452 105.4420572067396 52.5469834509016 52.69119736821226 52.7210286033698
 709832 1024 13788.689 13800.382 13817.813 105.20738238388375 105.34026782736883 105.42959783921444 52.60369119194188 52.67013391368442 52.71479891960722
 780808 1024 15114.318 15126.179 15139.769 105.62213888468179 105.71703428869908 105.79999600378926 52.811069442340894 52.85851714434954 52.89999800189463
 858888 1024 16678.11 16706.572 16729.236 105.14542469243663 105.28806412231067 105.46774328745884 52.57271234621832 52.644032061155336 52.73387164372942
 944776 1024 18360.608 18375.975 18387.688 105.22808783790546 105.29516110029536 105.38328839654983 52.61404391895273 52.64758055014768 52.691644198274915
 1039248 1024 20180.162 20205.9 20227.48 105.22219792084827 105.3345757427286 105.46892061619722 52.61109896042414 52.6672878713643 52.73446030809861
 1143168 512 11099.978 11111.354 11123.917 105.23307859992124 105.35205988397095 105.4600317225854 52.61653929996062 52.676029941985476 52.7300158612927
 1257480 512 12214.728 12234.893 12245.132 105.15685090205643 105.24485338776563 105.41859957913104 52.57842545102822 52.622426693882815 52.70929978956552
 1383224 512 13427.371 13434.087 13472.807 105.13186865958964 105.43488187920772 105.48761749414685 52.56593432979482 52.71744093960386 52.74380874707342
 1521544 512 14788.425 14793.635 14811.172 105.19498767551953 105.31969025868221 105.3567946552794 52.597493837759764 52.65984512934111 52.6783973276397
 1673696 512 16230.493 16243.999 16258.015 105.41660245731104 105.50756029965282 105.59535708496345 52.70830122865552 52.75378014982641 52.79767854248173
 1841064 512 17871.666 17879.822 17899.994 105.32123843170004 105.4400617634784 105.4881809004264 52.66061921585002 52.7200308817392 52.7440904502132
 2025168 512 19668.457 19676.807 19701.022 105.26215502931775 105.39169449596166 105.4364372355188 52.63107751465888 52.69584724798083 52.7182186177594
 2227680 256 10800.075 10812.876 10849.527 105.12644099599919 105.48277442560148 105.6077999458337 52.563220497999595 52.74138721280074 52.80389997291685
 2450448 256 11898.702 11911.517 11927.271 105.18997816013402 105.32910090293285 105.44254121163806 52.59498908006701 52.664550451466425 52.72127060581903
 2695488 256 13086.879 13101.28 13127.517 105.12954247174083 105.34007791605094 105.45599573435345 52.56477123587042 52.67003895802547 52.727997867176725
 2965032 256 14388.504 14406.659 14421.356 105.2672428307019 105.37463155059059 105.50759022619722 52.63362141535095 52.687315775295296 52.75379511309861
 3261528 256 15835.771 15850.331 15887.105 105.1105494676343 105.35441411286617 105.45128090068995 52.55527473381715 52.67720705643308 52.725640450344976
 3587680 256 17410.108 17413.726 17425.799 105.41222012258952 105.48530280079062 105.50722373462588 52.70611006129476 52.74265140039531 52.75361186731294
 3946448 256 19196.155 19230.382 21203.195 95.2960804256151 105.072347288785 105.25969268324829 47.64804021280755 52.5361736443925 52.629846341624145
 4341088 128 10907.194 10967.486 11135.117 99.80304005786378 101.32846561190048 101.88858179289741 49.90152002893189 50.66423280595024 50.944290896448706
 4775192 128 19516.012 19944.55 20152.505 60.65991061657099 61.292390753363705 62.63826605558554 30.329955308285495 30.646195376681852 31.31913302779277
 5252704 128 33016.44 33301.291 34242.308 39.26990622244272 40.37958240117479 40.72795928331462 19.63495311122136 20.189791200587393 20.36397964165731
 5777968 128 40462.222 40768.154 41183.522 35.91630186461469 36.28223657122174 36.55656399690556 17.958150932307344 18.14111828561087 18.27828199845278
 6355760 128 46254.357 46809.087 46965.337 34.6441580947242 34.759801232611096 35.176676653401536 17.3220790473621 17.379900616305548 17.588338326700768
 6991336 128 51616.209 51734.807 52235.403 34.26377347945415 34.59531637955081 34.6748056603692 17.131886739727076 17.297658189775404 17.3374028301846
 7690464 128 57142.258 57294.682 57948.517 33.97427381963891 34.361981169561254 34.45363996641505 16.987136909819455 17.180990584780627 17.226819983207523
 8459504 64 31770.306 31819.173 32138.254 33.692449876088475 34.030315998470485 34.082659197553845 16.846224938044237 17.015157999235242 17.041329598776922
 9305448 64 35014.272 35123.829 35584.947 33.47194374070587 33.911375209120855 34.01748132875645 16.735971870352934 16.955687604560428 17.008740664378227
 10235992 64 36625.892 36879.454 37027.997 35.38422496901466 35.52674548815175 35.77269806835012 17.69211248450733 17.763372744075873 17.88634903417506
 11259584 64 40179.709 40387.934 41544.86 34.690855908528754 35.684587183885164 35.86951692457504 17.345427954264377 17.842293591942582 17.93475846228752
 12385536 64 44464.997 44547.032 45218.441 35.05978032281122 35.58819828894549 35.65385617815289 17.52989016140561 17.794099144472746 17.826928089076446
 13624088 64 48832.989 49210.382 49454.528 35.262357857302774 35.43730394126995 35.71117188833147 17.631178928651387 17.718651970634976 17.855585944165735
 14986496 64 53591.608 53995.449 55178.832 34.76462655099332 35.5265401719319 35.7942513686098 17.38231327549666 17.76327008596595 17.8971256843049
 16485144 64 58989.601 59403.269 60055.77 35.13564861461272 35.52158774292371 35.770684938180885 17.56782430730636 17.760793871461853 17.885342469090443
 18133656 32 33197.074 33389.518 33634.935 34.50442178645507 34.75803346427464 34.959526372715864 17.252210893227534 17.37901673213732 17.479763186357932
 19947016 32 36556.807 36780.389 37613.095 33.940547141893006 34.70895927718437 34.921239811781156 16.970273570946503 17.354479638592185 17.460619905890578
 21941712 32 40251.619 40477.732 40975.298 34.27112520328711 34.6923974890688 34.88728162710673 17.135562601643556 17.3461987445344 17.443640813553365
 24135880 32 44132.363 44629.882 45076.305 34.26847697476534 34.611257094517974 35.001441459184946 17.13423848738267 17.305628547258987 17.500720729592473
 26549464 32 48563.218 49295.258 49502.509 34.32483989851908 34.46915108954293 34.98873769032357 17.16241994925954 17.234575544771467 17.494368845161784
 29204408 32 56119.323 56374.713 57237.487 32.65485977747416 33.154618667415654 33.30549999685492 16.32742988873708 16.577309333707827 16.65274999842746
 32124848 32 61329.351 62072.823 63346.34 32.45633878768686 33.12222922421299 33.52375719743063 16.22816939384343 16.561114612106493 16.761878598715317
 35337328 16 35165.745 35560.736 35649.567 31.719725964694046 31.798962091223313 32.156136490212276 15.859862982347023 15.899481045611656 16.078068245106138
 38871056 16 37132.176 37541.062 37843.878 32.86856045778396 33.13368684135787 33.498542934839044 16.43428022889198 16.566843420678936 16.749271467419522
 42758160 16 40878.366 41335.883 41571.996 32.913048485812425 33.10104975863223 33.471521831376535 16.456524242906212 16.550524879316114 16.735760915688267
 47033976 16 46782.968 47045.97 47359.042 31.780356367850512 31.991841851703768 32.17169188581622 15.890178183925256 15.995920925851884 16.08584594290811
 51737368 16 49568.376 49805.441 50024.872 33.09545251809939 33.24126325876725 33.400242444900755 16.547726259049696 16.620631629383624 16.700121222450377
 56911104 16 54533.379 54718.772 54838.687 33.20931677302923 33.282094269220806 33.39524088540341 16.604658386514615 16.641047134610403 16.697620442701705
 62602208 16 62582.618 62742.16 63179.837 31.707436282243023 31.92862113768477 32.01001683886091 15.853718141121512 15.964310568842386 16.005008419430457
 68862424 8 35811.334 35957.24 36260.138 30.385951206252997 30.641917566531802 30.766761830207166 15.192975603126499 15.320958783265901 15.383380915103583
 75748664 8 40582.75 40916.484 41110.256 29.481174332750445 29.620791072859536 29.86437892947126 14.740587166375223 14.810395536429768 14.93218946473563
 83323528 8 43233.487 43348.422 43589.358 30.584906710486532 30.754901481765586 30.836662515794757 15.292453355243266 15.377450740882793 15.418331257897378
 91655880 8 47794.204 47906.824 48003.826 30.549524948282247 30.611381793959037 30.683513005049733 15.274762474141124 15.305690896979518 15.341756502524866
 100821464 8 52486.285 52575.902 52718.667 30.599093562058385 30.68218257101894 30.73457045016617 15.299546781029193 15.34109128550947 15.367285225083085
 110903608 8 59305.623 59965.118 60553.89 29.303777643352063 29.59149897778905 29.92056466551241 14.651888821676032 14.795749488894526 14.960282332756204
 121993968 8 65428.256 65840.763 66076.579 29.54002034518161 29.64582120653735 29.83272988355367 14.770010172590805 14.822910603268674 14.916364941776836
 134193360 8 69817.555 69858.737 70015.411 30.666016657389903 30.73479212771912 30.752921095561145 15.333008328694952 15.36739606385956 15.376460547780573
 147612696 4 44437.367 44488.69 44809.116 26.354047421957617 26.543860203570837 26.57451707253492 13.177023710978808 13.271930101785419 13.28725853626746
 162373960 4 48575.98 48877.274 49292.547 26.352699526766187 26.57659835939296 26.741440522661613 13.176349763383094 13.28829917969648 13.370720261330806
 178611352 4 53456.222 53833.77 54074.115 26.42467317310695 26.54264815560939 26.730112277669004 13.212336586553475 13.271324077804694 13.365056138834502
 196472480 4 59912.444 60426.77 60731.397 25.880844466660303 26.011316507567756 26.234613964337694 12.940422233330152 13.005658253783878 13.117306982168847
 216119728 4 65910.465 66502.185 66823.643 25.873444583079674 25.99851153762843 26.231916646317092 12.936722291539837 12.999255768814216 13.115958323158546
 237731696 4 72198.886 72631.942 73058.965 26.031761714664317 26.184809542886793 26.34186859891439 13.015880857332158 13.092404771443396 13.170934299457196
 261504864 4 79497.683 79854.615 80298.572 26.05325175645714 26.19809652829708 26.315721830534358 13.02662587822857 13.09904826414854 13.157860915267179
 287655344 2 54878.258 55306.139 55472.458 20.742210053140244 20.804586919365313 20.966798472356757 10.371105026570122 10.402293459682657 10.483399236178379
 316420872 2 60628.62 61106.967 61381.794 20.619851677844412 20.71258892623488 20.876006875960563 10.309925838922206 10.35629446311744 10.438003437980282
 348062952 2 67104.908 67307.458 67594.58 20.59709237042378 20.684956011858297 20.747391651293228 10.29854618521189 10.342478005929149 10.373695825646614
 382869240 2 73893.671 74041.917 74349.268 20.598413423518846 20.68391827294261 20.725414494564763 10.299206711759423 10.341959136471305 10.362707247282382
 421156160 2 79818.283 80038.354 80734.068 20.866341579616673 21.04771719818226 21.105748917199836 10.433170789808337 10.52385859909113 10.552874458599918
 463271776 2 87687.668 87836.662 88656.152 20.901957305794188 21.09696636695962 21.132813156805582 10.450978652897094 10.54848318347981 10.566406578402791
 509598952 2 98434.196 98728.538 99129.309 20.562998255137643 20.64647010168428 20.70820802965669 10.281499127568821 10.32323505084214 10.354104014828344
 560558840 1 54165.969 54454.767 55017.619 20.377430001105648 20.58805393474551 20.697823757200766 10.188715000552824 10.294026967372755 10.348911878600383
 616614720 1 58485.323 58596.372 59089.301 20.87060464634706 21.04617398496958 21.08613540528792 10.43530232317353 10.52308699248479 10.54306770264396
 678276192 1 64171.363 64746.098 65008.142 20.867422791440493 20.95187858270625 21.139528920400213 10.433711395720247 10.475939291353125 10.569764460200107
 746103808 1 71325.292 71602.425 72022.724 20.71856676789953 20.84018266141126 20.921156775635772 10.359283383949766 10.42009133070563 10.460578387817886
 820714184 1 78331.049 79042.573 79299.975 20.698977118214724 20.766383300806766 20.95501578180065 10.349488559107362 10.383191650403383 10.477507890900325
 902785600 1 85613.858 86242.923 86390.419 20.90013245566039 20.93587667477365 21.08970722940672 10.450066227830195 10.467938337386824 10.54485361470336
 993064160 1 95609.042 96152.823 96567.368 20.56728231424926 20.65595432387877 20.77343605220937 10.28364115712463 10.327977161939385 10.386718026104685
 
META_DATA
 FLOPS          8
 OPENMP_THREADS 1
 ERT_VERSION  1.1.0
 HOSTNAME  ('cachyos-laptop', [], ['127.0.1.1'])
 UNAME  uname_result(system='Linux', node='cachyos-laptop', release='6.18.0-2-cachyos', version='#1 SMP PREEMPT_DYNAMIC Sat, 06 Dec 2025 07:42:36 +0000', machine='x86_64')
 TIMESTAMP_DATA  1765908367.474498
 CONFIG  {'ERT_MPI': ['False'], 'ERT_OPENMP': ['True'], 'ERT_OPENMP_CFLAGS': ['-fopenmp'], 'ERT_OPENMP_LDFLAGS': ['-fopenmp'], 'ERT_PRECISION': ['FP64'], 'ERT_TRIALS_MIN': ['1'], 'ERT_TRIALS': ['3', '#', 'Run', 'each', 'test', '3', 'times', 'to', 'filter', 'out', 'background', 'noise'], 'ERT_RESULTS': ['Results/5500U'], 'ERT_GNUPLOT': ['gnuplot'], 'ERT_DRIVER': ['driver1'], 'ERT_KERNEL': ['kernel1'], 'ERT_CC': ['g++'], 'ERT_LD': ['g++'], 'ERT_CFLAGS': ['-O3', '-march=native', '-fopenmp', '-fstrict-aliasing', '-funroll-loops', '-Wno-all'], 'ERT_LDFLAGS': ['-O3', '-march=native', '-fopenmp'], 'ERT_LDLIBS': ['-lm'], 'ERT_RUN': ['export', 'OMP_NUM_THREADS=ERT_OPENMP_THREADS;', './ERT_CODE'], 'ERT_WORKING_SET_MIN': ['128'], 'ERT_MEMORY_MAX': ['1073741824'], 'ERT_ALIGN': ['64'], 'ERT_MIN_PROCS': ['1'], 'ERT_MAX_PROCS': ['1'], 'ERT_OPENMP_THREADS': ['1,2,4,8,12', '#', 'Logical', 'Threads'], 'ERT_NUM_EXPERIMENTS': ['5'], 'ERT_FLOPS': ['1,2,4,8'], 'ERT_GPU': [False], 'ERT_HIP': [False], 'ERT_OCL': [False], 'ERT_SYCL': [False], 'ERT_WSS_MULT': [1.1]}
 TIMESTAMP_DATA  1765908389.1349053
 TIMESTAMP_DATA  1765908410.8287134
 TIMESTAMP_DATA  1765908432.6369288
 TIMESTAMP_DATA  1765908454.346738
 