fp64
        4096            1           0.734         8192         2048
        4096            2           2.292        16384         4096
        4096            4           0.275        32768         8192
        4096            8           0.275        65536        16384
        4096           16           0.366       131072        32768
        4096           32           0.825       262144        65536
        4096           64           1.192       524288       131072
        4096          128           2.384      1048576       262144
        4096          256           4.675      2097152       524288
        4096          512           9.350      4194304      1048576
        4096         1024          19.066      8388608      2097152
        4096         2048          37.216     16777216      4194304
        4096         4096          75.992     33554432      8388608
        4096         8192         152.075     67108864     16777216
        4096        16384         295.625    134217728     33554432
        4096        32768         597.850    268435456     67108864
        4096        65536        1221.092    536870912    134217728
        4096       131072        2211.092   1073741824    268435456
        4096       262144        4093.742   2147483648    536870912
        4480            1          26.675         8960         2240
        4480            2           0.275        17920         4480
        4480            4           0.275        35840         8960
        4480            8           0.366        71680        17920
        4480           16           0.367       143360        35840
        4480           32           0.642       286720        71680
        4480           64           1.192       573440       143360
        4480          128           2.475      1146880       286720
        4480          256           4.950      2293760       573440
        4480          512           9.992      4587520      1146880
        4480         1024          20.075      9175040      2293760
        4480         2048          39.783     18350080      4587520
        4480         4096          80.300     36700160      9175040
        4480         8192         165.275     73400320     18350080
        4480        16384         313.592    146800640     36700160
        4480        32768         632.133    293601280     73400320
        4480        65536        1184.700    587202560    146800640
        4480       131072        2274.525   1174405120    293601280
        4928            1          12.100         9856         2464
        4928            2           0.275        19712         4928
        4928            4           0.275        39424         9856
        4928            8           0.367        78848        19712
        4928           16           0.366       157696        39424
        4928           32           1.009       315392        78848
        4928           64           1.467       630784       157696
        4928          128           2.750      1261568       315392
        4928          256           5.408      2523136       630784
        4928          512          11.184      5046272      1261568
        4928         1024          22.367     10092544      2523136
        4928         2048          49.500     20185088      5046272
        4928         4096          89.834     40370176     10092544
        4928         8192         178.842     80740352     20185088
        4928        16384         363.550    161480704     40370176
        4928        32768         687.316    322961408     80740352
        4928        65536        1277.742    645922816    161480704
        4928       131072        2623.866   1291845632    322961408
        5408            1          32.267        10816         2704
        5408            2           0.366        21632         5408
        5408            4           0.275        43264        10816
        5408            8           0.366        86528        21632
        5408           16           0.642       173056        43264
        5408           32           0.917       346112        86528
        5408           64           1.742       692224       173056
        5408          128           3.300      1384448       346112
        5408          256           5.867      2768896       692224
        5408          512          12.833      5537792      1384448
        5408         1024          26.033     11075584      2768896
        5408         2048          51.700     22151168      5537792
        5408         4096         107.342     44302336     11075584
        5408         8192         197.266     88604672     22151168
        5408        16384         388.300    177209344     44302336
        5408        32768         717.566    354418688     88604672
        5408        65536        1448.333    708837376    177209344
        5408       131072        2681.341   1417674752    354418688
        5920            1          11.367        11840         2960
        5920            2           0.275        23680         5920
        5920            4           0.367        47360        11840
        5920            8           0.366        94720        23680
        5920           16           0.367       189440        47360
        5920           32           1.008       378880        94720
        5920           64           1.650       757760       189440
        5920          128           3.391      1515520       378880
        5920          256           6.325      3031040       757760
        5920          512          12.741      6062080      1515520
        5920         1024          27.683     12124160      3031040
        5920         2048          50.600     24248320      6062080
        5920         4096         101.842     48496640     12124160
        5920         8192         203.042     96993280     24248320
        5920        16384         410.941    193986560     48496640
        5920        32768         875.050    387973120     96993280
        5920        65536        1567.500    775946240    193986560
        5920       131072        3051.034   1551892480    387973120
        6496            1          29.059        12992         3248
        6496            2           0.366        25984         6496
        6496            4           0.367        51968        12992
        6496            8           0.458       103936        25984
        6496           16           0.641       207872        51968
        6496           32           4.858       415744       103936
        6496           64           2.017       831488       207872
        6496          128           3.759      1662976       415744
        6496          256           8.892      3325952       831488
        6496          512          14.666      6651904      1662976
        6496         1024          28.692     13303808      3325952
        6496         2048          57.566     26607616      6651904
        6496         4096         114.583     53215232     13303808
        6496         8192         229.258    106430464     26607616
        6496        16384         456.134    212860928     53215232
        6496        32768         882.017    425721856    106430464
        6496        65536        1732.866    851443712    212860928
        6496       131072        3346.475   1702887424    425721856
        7136            1           0.733        14272         3568
        7136            2           3.484        28544         7136
        7136            4           0.458        57088        14272
        7136            8           0.458       114176        28544
        7136           16           0.641       228352        57088
        7136           32           1.192       456704       114176
        7136           64           2.108       913408       228352
        7136          128           4.217      1826816       456704
        7136          256           8.067      3653632       913408
        7136          512          16.317      7307264      1826816
        7136         1024          32.359     14614528      3653632
        7136         2048          64.625     29229056      7307264
        7136         4096         127.875     58458112     14614528
        7136         8192         254.650    116916224     29229056
        7136        16384         489.042    233832448     58458112
        7136        32768         979.642    467664896    116916224
        7136        65536        1856.434    935329792    233832448
        7136       131072        3618.909   1870659584    467664896
        7840            1           0.641        15680         3920
        7840            2           1.100        31360         7840
        7840            4           0.367        62720        15680
        7840            8           0.275       125440        31360
        7840           16           0.734       250880        62720
        7840           32           1.100       501760       125440
        7840           64           2.108      1003520       250880
        7840          128           4.217      2007040       501760
        7840          256           8.525      4014080      1003520
        7840          512          16.867      8028160      2007040
        7840         1024          33.916     16056320      4014080
        7840         2048          67.192     32112640      8028160
        7840         4096         134.108     64225280     16056320
        7840         8192         276.283    128450560     32112640
        7840        16384         541.017    256901120     64225280
        7840        32768        1042.433    513802240    128450560
        7840        65536        1846.900   1027604480    256901120
        7840       131072        3541.266   2055208960    513802240
        8608            1           0.917        17216         4304
        8608            2           0.367        34432         8608
        8608            4           0.366        68864        17216
        8608            8           0.458       137728        34432
        8608           16           0.733       275456        68864
        8608           32           1.375       550912       137728
        8608           64           2.475      1101824       275456
        8608          128           8.159      2203648       550912
        8608          256           9.441      4407296      1101824
        8608          512          18.792      8814592      2203648
        8608         1024          37.400     17629184      4407296
        8608         2048          74.617     35258368      8814592
        8608         4096         148.775     70516736     17629184
        8608         8192         297.917    141033472     35258368
        8608        16384         606.008    282066944     70516736
        8608        32768        1109.350    564133888    141033472
        8608        65536        1950.575   1128267776    282066944
        9440            1          11.825        18880         4720
        9440            2           0.367        37760         9440
        9440            4           0.366        75520        18880
        9440            8           0.366       151040        37760
        9440           16           0.642       302080        75520
        9440           32           1.192       604160       151040
        9440           64           2.200      1208320       302080
        9440          128           4.400      2416640       604160
        9440          256           8.525      4833280      1208320
        9440          512          16.409      9666560      2416640
        9440         1024          33.092     19333120      4833280
        9440         2048          65.450     38666240      9666560
        9440         4096         130.900     77332480     19333120
        9440         8192         261.525    154664960     38666240
        9440        16384         603.167    309329920     77332480
        9440        32768        1287.275    618659840    154664960
        9440        65536        2386.541   1237319680    309329920
       10368            1          27.592        20736         5184
       10368            2           0.367        41472        10368
       10368            4           0.459        82944        20736
       10368            8           0.458       165888        41472
       10368           16           0.917       331776        82944
       10368           32           1.558       663552       165888
       10368           64           3.025      1327104       331776
       10368          128           5.775      2654208       663552
       10368          256          11.275      5308416      1327104
       10368          512          22.642     10616832      2654208
       10368         1024          44.825     21233664      5308416
       10368         2048          89.650     42467328     10616832
       10368         4096         177.833     84934656     21233664
       10368         8192         458.883    169869312     42467328
       10368        16384         687.775    339738624     84934656
       10368        32768        1378.941    679477248    169869312
       10368        65536        2613.325   1358954496    339738624
       11392            1           0.642        22784         5696
       11392            2           0.275        45568        11392
       11392            4           0.275        91136        22784
       11392            8           0.733       182272        45568
       11392           16           0.917       364544        91136
       11392           32           1.650       729088       182272
       11392           64           3.300      1458176       364544
       11392          128           6.508      2916352       729088
       11392          256          13.016      5832704      1458176
       11392          512          29.975     11665408      2916352
       11392         1024          55.733     23330816      5832704
       11392         2048         103.492     46661632     11665408
       11392         4096         203.684     93323264     23330816
       11392         8192         432.209    186646528     46661632
       11392        16384         765.784    373293056     93323264
       11392        32768        1472.259    746586112    186646528
       11392        65536        2760.450   1493172224    373293056
       12512            1           0.642        25024         6256
       12512            2           0.825        50048        12512
       12512            4           0.458       100096        25024
       12512            8           0.642       200192        50048
       12512           16           0.917       400384       100096
       12512           32           1.834       800768       200192
       12512           64           3.575      1601536       400384
       12512          128           6.966      3203072       800768
       12512          256          16.225      6406144      1601536
       12512          512          45.558     12812288      3203072
       12512         1024          53.717     25624576      6406144
       12512         2048         107.342     51249152     12812288
       12512         4096         213.766    102498304     25624576
       12512         8192         433.216    204996608     51249152
       12512        16384         879.817    409993216    102498304
       12512        32768        1609.025    819986432    204996608
       12512        65536        2614.242   1639972864    409993216
       13760            1           0.825        27520         6880
       13760            2           0.458        55040        13760
       13760            4           4.858       110080        27520
       13760            8           0.733       220160        55040
       13760           16           1.191       440320       110080
       13760           32           2.200       880640       220160
       13760           64           4.033      1761280       440320
       13760          128           7.883      3522560       880640
       13760          256          15.400      7045120      1761280
       13760          512          42.625     14090240      3522560
       13760         1024          61.967     28180480      7045120
       13760         2048         125.308     56360960     14090240
       13760         4096         237.508    112721920     28180480
       13760         8192         474.100    225443840     56360960
       13760        16384         928.675    450887680    112721920
       13760        32768        1759.633    901775360    225443840
       13760        65536        3232.625   1803550720    450887680
       15136            1          12.650        30272         7568
       15136            2           0.366        60544        15136
       15136            4           0.367       121088        30272
       15136            8           0.550       242176        60544
       15136           16           0.825       484352       121088
       15136           32           1.833       968704       242176
       15136           64           3.483      1937408       484352
       15136          128           6.875      3874816       968704
       15136          256          13.383      7749632      1937408
       15136          512          27.500     15499264      3874816
       15136         1024          54.358     30998528      7749632
       15136         2048         110.917     61997056     15499264
       15136         4096         214.316    123994112     30998528
       15136         8192         469.517    247988224     61997056
       15136        16384        1028.317    495976448    123994112
       15136        32768        1854.875    991952896    247988224
       15136        65536        3752.558   1983905792    495976448
       16640            1          57.292        33280         8320
       16640            2           0.367        66560        16640
       16640            4           0.275       133120        33280
       16640            8           0.733       266240        66560
       16640           16           1.008       532480       133120
       16640           32           1.925      1064960       266240
       16640           64           3.758      2129920       532480
       16640          128           7.333      4259840      1064960
       16640          256          19.342      8519680      2129920
       16640          512          29.425     17039360      4259840
       16640         1024          59.308     34078720      8519680
       16640         2048         118.433     68157440     17039360
       16640         4096         236.591    136314880     34078720
       16640         8192         514.250    272629760     68157440
       16640        16384        1069.567    545259520    136314880
       16640        32768        1936.917   1090519040    272629760
       18304            1           1.284        36608         9152
       18304            2           0.367        73216        18304
       18304            4           0.550       146432        36608
       18304            8           0.825       292864        73216
       18304           16           1.650       585728       146432
       18304           32           2.841      1171456       292864
       18304           64           5.408      2342912       585728
       18304          128          10.542      4685824      1171456
       18304          256          20.992      9371648      2342912
       18304          512          41.434     18743296      4685824
       18304         1024          86.625     37486592      9371648
       18304         2048         166.833     74973184     18743296
       18304         4096         315.242    149946368     37486592
       18304         8192         635.708    299892736     74973184
       18304        16384        1182.133    599785472    149946368
       18304        32768        2194.500   1199570944    299892736
       20128            1          12.650        40256        10064
       20128            2           0.550        80512        20128
       20128            4           0.458       161024        40256
       20128            8           0.917       322048        80512
       20128           16           1.559       644096       161024
       20128           32           2.933      1288192       322048
       20128           64           5.500      2576384       644096
       20128          128          10.908      5152768      1288192
       20128          256          21.725     10305536      2576384
       20128          512          42.717     20611072      5152768
       20128         1024          85.250     41222144     10305536
       20128         2048         170.775     82444288     20611072
       20128         4096         364.466    164888576     41222144
       20128         8192         725.817    329777152     82444288
       20128        16384        1218.342    659554304    164888576
       20128        32768        2260.958   1319108608    329777152
       22112            1           4.859        44224        11056
       22112            2           0.550        88448        22112
       22112            4           0.733       176896        44224
       22112            8           1.100       353792        88448
       22112           16           1.742       707584       176896
       22112           32           3.300      1415168       353792
       22112           64           6.234      2830336       707584
       22112          128          12.375      5660672      1415168
       22112          256          24.933     11321344      2830336
       22112          512          49.866     22642688      5660672
       22112         1024         100.008     45285376     11321344
       22112         2048         287.559     90570752     22642688
       22112         4096         396.916    181141504     45285376
       22112         8192         764.775    362283008     90570752
       22112        16384        1393.609    724566016    181141504
       22112        32768        2783.184   1449132032    362283008
       24320            1          45.925        48640        12160
       24320            2           0.550        97280        24320
       24320            4           0.641       194560        48640
       24320            8           1.009       389120        97280
       24320           16           1.834       778240       194560
       24320           32           3.392      1556480       389120
       24320           64           6.508      3112960       778240
       24320          128          13.017      6225920      1556480
       24320          256          29.792     12451840      3112960
       24320          512          51.242     24903680      6225920
       24320         1024         101.842     49807360     12451840
       24320         2048         223.667     99614720     24903680
       24320         4096         411.492    199229440     49807360
       24320         8192         831.783    398458880     99614720
       24320        16384        1553.567    796917760    199229440
       24320        32768        3018.858   1593835520    398458880
       26752            1           1.466        53504        13376
       26752            2           0.550       107008        26752
       26752            4           0.642       214016        53504
       26752            8           1.375       428032       107008
       26752           16           1.925       856064       214016
       26752           32           3.850      1712128       428032
       26752           64           7.608      3424256       856064
       26752          128          15.125      6848512      1712128
       26752          256          30.250     13697024      3424256
       26752          512          60.500     27394048      6848512
       26752         1024         121.000     54788096     13697024
       26752         2048         249.241    109576192     27394048
       26752         4096         472.817    219152384     54788096
       26752         8192         930.142    438304768    109576192
       26752        16384        1729.659    876609536    219152384
       26752        32768        3396.433   1753219072    438304768
       29408            1          15.675        58816        14704
       29408            2           0.459       117632        29408
       29408            4           0.642       235264        58816
       29408            8           1.191       470528       117632
       29408           16           1.925       941056       235264
       29408           32           8.708      1882112       470528
       29408           64           9.167      3764224       941056
       29408          128          14.575      7528448      1882112
       29408          256          29.609     15056896      3764224
       29408          512          59.125     30113792      7528448
       29408         1024         118.067     60227584     15056896
       29408         2048         247.317    120455168     30113792
       29408         4096         473.000    240910336     60227584
       29408         8192         986.700    481820672    120455168
       29408        16384        1916.841    963641344    240910336
       29408        32768        3514.408   1927282688    481820672
       32320            1          10.358        64640        16160
       32320            2           0.459       129280        32320
       32320            4           0.642       258560        64640
       32320            8           1.100       517120       129280
       32320           16           1.925      1034240       258560
       32320           32           3.759      2068480       517120
       32320           64           7.425      4136960      1034240
       32320          128          14.666      8273920      2068480
       32320          256          68.841     16547840      4136960
       32320          512          61.875     33095680      8273920
       32320         1024         117.241     66191360     16547840
       32320         2048         228.891    132382720     33095680
       32320         4096         492.525    264765440     66191360
       32320         8192        1017.500    529530880    132382720
       32320        16384        2014.283   1059061760    264765440
       32320        32768        3898.125   2118123520    529530880
       35552            1          13.109        71104        17776
       35552            2           0.458       142208        35552
       35552            4           0.733       284416        71104
       35552            8           1.467       568832       142208
       35552           16           2.292      1137664       284416
       35552           32           4.492      2275328       568832
       35552           64           8.616      4550656      1137664
       35552          128          17.233      9101312      2275328
       35552          256          36.575     18202624      4550656
       35552          512          67.925     36405248      9101312
       35552         1024         135.392     72810496     18202624
       35552         2048         270.325    145620992     36405248
       35552         4096         599.592    291241984     72810496
       35552         8192        1132.909    582483968    145620992
       35552        16384        2151.417   1164967936    291241984
       39104            1          12.559        78208        19552
       39104            2           0.459       156416        39104
       39104            4           0.734       312832        78208
       39104            8           1.284       625664       156416
       39104           16           2.292      1251328       312832
       39104           32           4.492      2502656       625664
       39104           64           8.984      5005312      1251328
       39104          128          19.892     10010624      2502656
       39104          256          34.834     20021248      5005312
       39104          512          70.125     40042496     10010624
       39104         1024         135.025     80084992     20021248
       39104         2048         315.425    160169984     40042496
       39104         4096         562.558    320339968     80084992
       39104         8192        1252.258    640679936    160169984
       39104        16384        2348.775   1281359872    320339968
       43008            1           5.134        86016        21504
       43008            2           0.733       172032        43008
       43008            4           0.917       344064        86016
       43008            8           1.192       688128       172032
       43008           16           1.925      1376256       344064
       43008           32           3.300      2752512       688128
       43008           64           6.050      5505024      1376256
       43008          128          11.734     11010048      2752512
       43008          256          23.559     22020096      5505024
       43008          512          45.467     44040192     11010048
       43008         1024          90.016     88080384     22020096
       43008         2048         179.575    176160768     44040192
       43008         4096         336.050    352321536     88080384
       43008         8192         661.009    704643072    176160768
       43008        16384        1276.826   1409286144    352321536
       47296            1           2.017        94592        23648
       47296            2           0.550       189184        47296
       47296            4           0.734       378368        94592
       47296            8           0.917       756736       189184
       47296           16           1.650      1513472       378368
       47296           32           2.842      3026944       756736
       47296           64           5.316      6053888      1513472
       47296          128          10.175     12107776      3026944
       47296          256          19.984     24215552      6053888
       47296          512          39.600     48431104     12107776
       47296         1024          78.925     96862208     24215552
       47296         2048         174.716    193724416     48431104
       47296         4096         369.234    387448832     96862208
       47296         8192         725.542    774897664    193724416
       47296        16384        1383.342   1549795328    387448832
       52000            1           3.483       104000        26000
       52000            2           0.733       208000        52000
       52000            4           1.191       416000       104000
       52000            8           1.833       832000       208000
       52000           16           3.300      1664000       416000
       52000           32           6.233      3328000       832000
       52000           64          12.192      6656000      1664000
       52000          128          28.325     13312000      3328000
       52000          256          48.033     26624000      6656000
       52000          512          95.425     53248000     13312000
       52000         1024         182.692    106496000     26624000
       52000         2048         361.716    212992000     53248000
       52000         4096         846.908    425984000    106496000
       52000         8192        1738.183    851968000    212992000
       52000        16384        3180.742   1703936000    425984000
       57184            1          27.775       114368        28592
       57184            2           0.825       228736        57184
       57184            4           1.558       457472       114368
       57184            8           2.567       914944       228736
       57184           16           4.491      1829888       457472
       57184           32           8.708      3659776       914944
       57184           64          16.958      7319552      1829888
       57184          128          33.825     14639104      3659776
       57184          256          66.183     29278208      7319552
       57184          512         129.250     58556416     14639104
       57184         1024         264.275    117112832     29278208
       57184         2048         551.375    234225664     58556416
       57184         4096        1001.000    468451328    117112832
       57184         8192        1916.017    936902656    234225664
       57184        16384        3699.025   1873805312    468451328
       62880            1          47.300       125760        31440
       62880            2           0.733       251520        62880
       62880            4           1.466       503040       125760
       62880            8           2.658      1006080       251520
       62880           16           7.241      2012160       503040
       62880           32           8.525      4024320      1006080
       62880           64          17.050      8048640      2012160
       62880          128          34.192     16097280      4024320
       62880          256          71.408     32194560      8048640
       62880          512         134.200     64389120     16097280
       62880         1024         268.492    128778240     32194560
       62880         2048         545.600    257556480     64389120
       62880         4096        1061.592    515112960    128778240
       62880         8192        2045.266   1030225920    257556480
       62880        16384        3379.750   2060451840    515112960
       69152            1           6.783       138304        34576
       69152            2           0.641       276608        69152
       69152            4           1.650       553216       138304
       69152            8           2.933      1106432       276608
       69152           16           5.316      2212864       553216
       69152           32          10.358      4425728      1106432
       69152           64          20.258      8851456      2212864
       69152          128          39.692     17702912      4425728
       69152          256          80.300     35405824      8851456
       69152          512         159.958     70811648     17702912
       69152         1024         332.567    141623296     35405824
       69152         2048         663.209    283246592     70811648
       69152         4096        1210.458    566493184    141623296
       69152         8192        2321.275   1132986368    283246592
       76064            1          44.092       152128        38032
       76064            2           0.916       304256        76064
       76064            4           1.833       608512       152128
       76064            8           3.208      1217024       304256
       76064           16           6.050      2434048       608512
       76064           32          11.550      4868096      1217024
       76064           64          22.458      9736192      2434048
       76064          128          45.192     19472384      4868096
       76064          256          94.509     38944768      9736192
       76064          512         179.484     77889536     19472384
       76064         1024         361.258    155779072     38944768
       76064         2048         729.116    311558144     77889536
       76064         4096        1477.758    623116288    155779072
       76064         8192        2739.183   1246232576    311558144
       83648            1          12.467       167296        41824
       83648            2           0.916       334592        83648
       83648            4           2.016       669184       167296
       83648            8           3.667      1338368       334592
       83648           16           6.783      2676736       669184
       83648           32          13.200      5353472      1338368
       83648           64          26.033     10706944      2676736
       83648          128          51.700     21413888      5353472
       83648          256         102.758     42827776     10706944
       83648          512         205.517     85655552     21413888
       83648         1024         426.341    171311104     42827776
       83648         2048         895.859    342622208     85655552
       83648         4096        1622.867    685244416    171311104
       83648         8192        3154.342   1370488832    342622208
       92000            1          61.691       184000        46000
       92000            2           1.559       368000        92000
       92000            4           2.292       736000       184000
       92000            8           4.217      1472000       368000
       92000           16           7.700      2944000       736000
       92000           32          14.758      5888000      1472000
       92000           64          28.416     11776000      2944000
       92000          128          56.008     23552000      5888000
       92000          256         110.825     47104000     11776000
       92000          512         231.275     94208000     23552000
       92000         1024         456.317    188416000     47104000
       92000         2048         941.875    376832000     94208000
       92000         4096        1337.508    753664000    188416000
       92000         8192        3449.967   1507328000    376832000
      101184            1           3.025       202368        50592
      101184            2           1.192       404736       101184
      101184            4           2.750       809472       202368
      101184            8           4.675      1618944       404736
      101184           16           8.708      3237888       809472
      101184           32          16.408      6475776      1618944
      101184           64          32.266     12951552      3237888
      101184          128          63.800     25903104      6475776
      101184          256         127.233     51806208     12951552
      101184          512         259.508    103612416     25903104
      101184         1024         532.675    207224832     51806208
      101184         2048        1014.566    414449664    103612416
      101184         4096        1943.609    828899328    207224832
      101184         8192        3633.300   1657798656    414449664
      111296            1          46.383       222592        55648
      111296            2           1.466       445184       111296
      111296            4           2.842       890368       222592
      111296            8           4.766      1780736       445184
      111296           16           8.892      3561472       890368
      111296           32          16.500      7122944      1780736
      111296           64          32.083     14245888      3561472
      111296          128          62.975     28491776      7122944
      111296          256         125.400     56983552     14245888
      111296          512         250.709    113967104     28491776
      111296         1024         518.741    227934208     56983552
      111296         2048        1078.550    455868416    113967104
      111296         4096        2070.567    911736832    227934208
      111296         8192        3840.925   1823473664    455868416
      122400            1           2.475       244800        61200
      122400            2           1.558       489600       122400
      122400            4           3.025       979200       244800
      122400            8           4.950      1958400       489600
      122400           16           9.258      3916800       979200
      122400           32          17.508      7833600      1958400
      122400           64          34.559     15667200      3916800
      122400          128          68.658     31334400      7833600
      122400          256         136.767     62668800     15667200
      122400          512         272.525    125337600     31334400
      122400         1024         564.759    250675200     62668800
      122400         2048        1069.842    501350400    125337600
      122400         4096        2130.059   1002700800    250675200
      122400         8192        4131.234   2005401600    501350400
      134624            1          13.933       269248        67312
      134624            2           6.416       538496       134624
      134624            4           2.933      1076992       269248
      134624            8           5.134      2153984       538496
      134624           16           6.325      4307968      1076992
      134624           32          18.425      8615936      2153984
      134624           64          36.483     17231872      4307968
      134624          128          71.958     34463744      8615936
      134624          256         143.641     68927488     17231872
      134624          512         287.466    137854976     34463744
      134624         1024         575.667    275709952     68927488
      134624         2048        1171.867    551419904    137854976
      134624         4096        2270.033   1102839808    275709952
      148064            1          30.342       296128        74032
      148064            2           3.850       592256       148064
      148064            4           3.392      1184512       296128
      148064            8           6.050      2369024       592256
      148064           16          11.183      4738048      1184512
      148064           32          21.633      9476096      2369024
      148064           64          42.350     18952192      4738048
      148064          128          84.150     37904384      9476096
      148064          256         162.708     75808768     18952192
      148064          512         316.067    151617536     37904384
      148064         1024         644.784    303235072     75808768
      148064         2048        1317.525    606470144    151617536
      148064         4096        2507.083   1212940288    303235072
      162848            1           2.383       325696        81424
      162848            2           2.383       651392       162848
      162848            4           3.850      1302784       325696
      162848            8           6.600      2605568       651392
      162848           16          12.191      5211136      1302784
      162848           32          23.558     10422272      2605568
      162848           64          46.017     20844544      5211136
      162848          128          90.750     41689088     10422272
      162848          256         185.167     83378176     20844544
      162848          512         363.183    166756352     41689088
      162848         1024         734.433    333512704     83378176
      162848         2048        1433.483    667025408    166756352
      162848         4096        2796.017   1334050816    333512704
      179104            1          14.667       358208        89552
      179104            2           2.475       716416       179104
      179104            4           4.308      1432832       358208
      179104            8           7.425      2865664       716416
      179104           16          13.658      5731328      1432832
      179104           32          29.792     11462656      2865664
      179104           64          69.667     22925312      5731328
      179104          128         100.466     45850624     11462656
      179104          256         204.050     91701248     22925312
      179104          512         400.125    183402496     45850624
      179104         1024         832.609    366804992     91701248
      179104         2048        1578.591    733609984    183402496
      179104         4096        2963.675   1467219968    366804992
      196992            1          31.625       393984        98496
      196992            2           2.384       787968       196992
      196992            4           4.767      1575936       393984
      196992            8           7.883      3151872       787968
      196992           16          18.700      6303744      1575936
      196992           32          28.050     12607488      3151872
      196992           64          55.183     25214976      6303744
      196992          128         109.909     50429952     12607488
      196992          256         227.058    100859904     25214976
      196992          512         437.892    201719808     50429952
      196992         1024         892.192    403439616    100859904
      196992         2048        1775.950    806879232    201719808
      196992         4096        3260.675   1613758464    403439616
      216672            1          49.775       433344       108336
      216672            2           2.659       866688       216672
      216672            4           4.858      1733376       433344
      216672            8           8.250      3466752       866688
      216672           16          15.675      6933504      1733376
      216672           32          30.066     13867008      3466752
      216672           64          58.575     27734016      6933504
      216672          128         116.142     55468032     13867008
      216672          256         242.092    110936064     27734016
      216672          512         492.892    221872128     55468032
      216672         1024         979.367    443744256    110936064
      216672         2048        1831.500    887488512    221872128
      216672         4096        3461.334   1774977024    443744256
      238336            1          14.851       476672       119168
      238336            2           3.392       953344       238336
      238336            4           5.592      1906688       476672
      238336            8           9.717      3813376       953344
      238336           16          18.241      7626752      1906688
      238336           32          34.742     15253504      3813376
      238336           64          77.092     30507008      7626752
      238336          128         135.942     61014016     15253504
      238336          256         255.567    122028032     30507008
      238336          512         511.775    244056064     61014016
      238336         1024         987.066    488112128    122028032
      238336         2048        1996.134    976224256    244056064
      238336         4096        4021.875   1952448512    488112128
      262144            1          15.584       524288       131072
      262144            2           3.209      1048576       262144
      262144            4           5.775      2097152       524288
      262144            8           9.717      4194304      1048576
      262144           16          21.083      8388608      2097152
      262144           32          34.375     16777216      4194304
      262144           64          68.475     33554432      8388608
      262144          128         153.908     67108864     16777216
      262144          256         268.858    134217728     33554432
      262144          512         536.616    268435456     67108864
      262144         1024        1092.117    536870912    134217728
      262144         2048        2067.542   1073741824    268435456
      262144         4096        4018.942   2147483648    536870912
      288352            1           3.025       576704       144176
      288352            2           4.034      1153408       288352
      288352            4           6.417      2306816       576704
      288352            8          11.275      4613632      1153408
      288352           16          20.809      9227264      2306816
      288352           32          44.183     18454528      4613632
      288352           64          77.825     36909056      9227264
      288352          128         154.641     73818112     18454528
      288352          256         295.350    147636224     36909056
      288352          512         561.734    295272448     73818112
      288352         1024        1139.233    590544896    147636224
      288352         2048        1915.192   1181089792    295272448
      317184            1          11.458       634368       158592
      317184            2           4.125      1268736       317184
      317184            4           6.691      2537472       634368
      317184            8          11.092      5074944      1268736
      317184           16          21.450     10149888      2537472
      317184           32          41.617     20299776      5074944
      317184           64          81.308     40599552     10149888
      317184          128         162.250     81199104     20299776
      317184          256         329.908    162398208     40599552
      317184          512         665.225    324796416     81199104
      317184         1024        1356.850    649592832    162398208
      317184         2048        2522.392   1299185664    324796416
      348896            1           2.933       697792       174448
      348896            2           4.766      1395584       348896
      348896            4           7.975      2791168       697792
      348896            8          13.475      5582336      1395584
      348896           16          30.250     11164672      2791168
      348896           32          48.125     22329344      5582336
      348896           64          90.292     44658688     11164672
      348896          128         187.458     89317376     22329344
      348896          256         377.666    178634752     44658688
      348896          512         756.617    357269504     89317376
      348896         1024        1516.442    714539008    178634752
      348896         2048        2661.175   1429078016    357269504
      383776            1          10.541       767552       191888
      383776            2           4.858      1535104       383776
      383776            4           8.250      3070208       767552
      383776            8          14.575      6140416      1535104
      383776           16          27.225     12280832      3070208
      383776           32          52.616     24561664      6140416
      383776           64         104.867     49123328     12280832
      383776          128         203.500     98246656     24561664
      383776          256         401.317    196493312     49123328
      383776          512         789.250    392986624     98246656
      383776         1024        1672.916    785973248    196493312
      383776         2048        3032.150   1571946496    392986624
      422144            1           9.900       844288       211072
      422144            2           7.425      1688576       422144
      422144            4           9.166      3377152       844288
      422144            8          15.767      6754304      1688576
      422144           16          28.875     13508608      3377152
      422144           32          55.733     27017216      6754304
      422144           64         112.566     54034432     13508608
      422144          128         214.684    108068864     27017216
      422144          256         440.092    216137728     54034432
      422144          512         934.359    432275456    108068864
      422144         1024        1732.225    864550912    216137728
      422144         2048        3116.117   1729101824    432275456
      464352            1          59.859       928704       232176
      464352            2           7.700      1857408       464352
      464352            4          12.741      3714816       928704
      464352            8          21.175      7429632      1857408
      464352           16          39.142     14859264      3714816
      464352           32          76.633     29718528      7429632
      464352           64         129.250     59437056     14859264
      464352          128         238.608    118874112     29718528
      464352          256         483.175    237748224     59437056
      464352          512        1001.367    475496448    118874112
      464352         1024        1923.992    950992896    237748224
      464352         2048        3651.725   1901985792    475496448
      510784            1          12.925      1021568       255392
      510784            2           6.417      2043136       510784
      510784            4          10.817      4086272      1021568
      510784            8          18.883      8172544      2043136
      510784           16          35.109     16345088      4086272
      510784           32          67.100     32690176      8172544
      510784           64         131.725     65380352     16345088
      510784          128         260.791    130760704     32690176
      510784          256         515.166    261521408     65380352
      510784          512        1037.758    523042816    130760704
      510784         1024        2024.275   1046085632    261521408
      510784         2048        3814.250   2092171264    523042816
      561856            1          44.183      1123712       280928
      561856            2           6.692      2247424       561856
      561856            4          11.733      4494848      1123712
      561856            8          20.350      8989696      2247424
      561856           16          37.950     17979392      4494848
      561856           32          77.367     35958784      8989696
      561856           64         144.741     71917568     17979392
      561856          128         287.741    143835136     35958784
      561856          256         596.566    287670272     71917568
      561856          512        1158.666    575340544    143835136
      561856         1024        2269.300   1150681088    287670272
      618016            1           5.317      1236032       309008
      618016            2           8.250      2472064       618016
      618016            4          13.108      4944128      1236032
      618016            8          22.825      9888256      2472064
      618016           16          42.259     19776512      4944128
      618016           32          84.791     39553024      9888256
      618016           64         158.217     79106048     19776512
      618016          128         314.050    158212096     39553024
      618016          256         632.866    316424192     79106048
      618016          512        1301.483    632848384    158212096
      618016         1024        2421.467   1265696768    316424192
      679808            1           5.133      1359616       339904
      679808            2           9.075      2719232       679808
      679808            4          14.300      5438464      1359616
      679808            8          24.933     10876928      2719232
      679808           16          46.292     21753856      5438464
      679808           32          89.192     43507712     10876928
      679808           64         174.991     87015424     21753856
      679808          128         346.683    174030848     43507712
      679808          256         733.058    348061696     87015424
      679808          512        1425.508    696123392    174030848
      679808         1024        2804.634   1392246784    348061696
      747776            1          21.634      1495552       373888
      747776            2           9.900      2991104       747776
      747776            4          15.767      5982208      1495552
      747776            8          27.500     11964416      2991104
      747776           16          50.967     23928832      5982208
      747776           32         195.525     47857664     11964416
      747776           64         193.875     95715328     23928832
      747776          128         383.991    191430656     47857664
      747776          256         792.550    382861312     95715328
      747776          512        1672.367    765722624    191430656
      747776         1024        3135.733   1531445248    382861312
      822528            1          20.442      1645056       411264
      822528            2          10.358      3290112       822528
      822528            4          17.050      6580224      1645056
      822528            8          30.342     13160448      3290112
      822528           16          56.100     26320896      6580224
      822528           32         111.742     52641792     13160448
      822528           64         214.408    105283584     26320896
      822528          128         421.850    210567168     52641792
      822528          256         865.425    421134336    105283584
      822528          512        1678.141    842268672    210567168
      822528         1024        3151.958   1684537344    421134336
      904768            1           6.692      1809536       452384
      904768            2          12.008      3619072       904768
      904768            4          18.883      7238144      1809536
      904768            8          33.092     14476288      3619072
      904768           16          61.508     28952576      7238144
      904768           32         122.100     57905152     14476288
      904768           64         231.550    115810304     28952576
      904768          128         458.333    231620608     57905152
      904768          256         928.859    463241216    115810304
      904768          512        1878.800    926482432    231620608
      904768         1024        3190.734   1852964864    463241216
      995232            1          18.242      1990464       497616
      995232            2          12.925      3980928       995232
      995232            4          20.717      7961856      1990464
      995232            8          36.391     15923712      3980928
      995232           16          67.650     31847424      7961856
      995232           32         130.075     63694848     15923712
      995232           64         263.083    127389696     31847424
      995232          128         534.600    254779392     63694848
      995232          256        1091.017    509558784    127389696
      995232          512        1988.525   1019117568    254779392
      995232         1024        3831.666   2038235136    509558784
     1094752            1          20.533      2189504       547376
     1094752            2          15.309      4379008      1094752
     1094752            4          23.375      8758016      2189504
     1094752            8          40.791     17516032      4379008
     1094752           16          75.625     35032064      8758016
     1094752           32         145.200     70064128     17516032
     1094752           64         285.450    140128256     35032064
     1094752          128         571.634    280256512     70064128
     1094752          256        1051.967    560513024    140128256
     1094752          512        2246.109   1121026048    280256512
     1204224            1          56.467      2408448       602112
     1204224            2          21.725      4816896      1204224
     1204224            4          34.558      9633792      2408448
     1204224            8          55.183     19267584      4816896
     1204224           16         100.009     38535168      9633792
     1204224           32         189.750     77070336     19267584
     1204224           64         388.116    154140672     38535168
     1204224          128         631.584    308281344     77070336
     1204224          256        1293.783    616562688    154140672
     1204224          512        2405.700   1233125376    308281344
     1324640            1          23.833      2649280       662320
     1324640            2          18.425      5298560      1324640
     1324640            4          27.592     10597120      2649280
     1324640            8          48.492     21194240      5298560
     1324640           16          90.658     42388480     10597120
     1324640           32         183.883     84776960     21194240
     1324640           64         360.159    169553920     42388480
     1324640          128         720.775    339107840     84776960
     1324640          256        1376.466    678215680    169553920
     1324640          512        2597.558   1356431360    339107840
     1457088            1          24.659      2914176       728544
     1457088            2          20.442      5828352      1457088
     1457088            4          32.450     11656704      2914176
     1457088            8          62.241     23313408      5828352
     1457088           16         104.958     46626816     11656704
     1457088           32         205.517     93253632     23313408
     1457088           64         391.600    186507264     46626816
     1457088          128         761.291    373014528     93253632
     1457088          256        1350.984    746029056    186507264
     1457088          512        3130.784   1492058112    373014528
     1602784            1          28.967      3205568       801392
     1602784            2          22.092      6411136      1602784
     1602784            4          35.017     12822272      3205568
     1602784            8          61.050     25644544      6411136
     1602784           16         114.125     51289088     12822272
     1602784           32         217.525    102578176     25644544
     1602784           64         426.250    205156352     51289088
     1602784          128         880.184    410312704    102578176
     1602784          256        1646.792    820625408    205156352
     1602784          512        3285.517   1641250816    410312704
     1763040            1          14.300      3526080       881520
     1763040            2          17.325      7052160      1763040
     1763040            4          25.300     14104320      3526080
     1763040            8          42.075     28208640      7052160
     1763040           16          74.984     56417280     14104320
     1763040           32         141.625    112834560     28208640
     1763040           64         292.692    225669120     56417280
     1763040          128         493.533    451338240    112834560
     1763040          256         874.500    902676480    225669120
     1763040          512        1808.126   1805352960    451338240
     1939328            1          66.458      3878656       969664
     1939328            2          13.934      7757312      1939328
     1939328            4          20.167     15514624      3878656
     1939328            8          35.383     31029248      7757312
     1939328           16          71.958     62058496     15514624
     1939328           32         130.533    124116992     31029248
     1939328           64         260.150    248233984     62058496
     1939328          128         520.208    496467968    124116992
     1939328          256        1552.466    992935936    248233984
     1939328          512        4151.858   1985871872    496467968
     2133248            1          59.675      4266496      1066624
     2133248            2          33.458      8532992      2133248
     2133248            4          50.600     17065984      4266496
     2133248            8          87.541     34131968      8532992
     2133248           16         184.158     68263936     17065984
     2133248           32         315.608    136527872     34131968
     2133248           64         694.650    273055744     68263936
     2133248          128        1248.683    546111488    136527872
     2133248          256        2356.383   1092222976    273055744
     2346560            1          60.408      4693120      1173280
     2346560            2          36.117      9386240      2346560
     2346560            4          57.934     18772480      4693120
     2346560            8         101.016     37544960      9386240
     2346560           16         187.275     75089920     18772480
     2346560           32         354.567    150179840     37544960
     2346560           64         564.392    300359680     75089920
     2346560          128        1331.550    600719360    150179840
     2346560          256        2616.900   1201438720    300359680
     2581216            1          27.408      5162432      1290608
     2581216            2          39.600     10324864      2581216
     2581216            4          63.709     20649728      5162432
     2581216            8         110.733     41299456     10324864
     2581216           16         205.884     82598912     20649728
     2581216           32         408.100    165197824     41299456
     2581216           64         810.792    330395648     82598912
     2581216          128        1476.658    660791296    165197824
     2581216          256        2865.225   1321582592    330395648
     2839328            1          18.242      5678656      1419664
     2839328            2          42.534     11357312      2839328
     2839328            4          67.191     22714624      5678656
     2839328            8         117.700     45429248     11357312
     2839328           16         217.800     90858496     22714624
     2839328           32         423.041    181716992     45429248
     2839328           64         834.717    363433984     90858496
     2839328          128        1635.333    726867968    181716992
     2839328          256        2941.034   1453735936    363433984
     3123232            1          40.700      6246464      1561616
     3123232            2          47.575     12492928      3123232
     3123232            4          74.342     24985856      6246464
     3123232            8         153.542     49971712     12492928
     3123232           16         241.817     99943424     24985856
     3123232           32         461.725    199886848     49971712
     3123232           64         929.591    399773696     99943424
     3123232          128        1681.258    799547392    199886848
     3123232          256        3363.800   1599094784    399773696
     3435552            1          23.467      6871104      1717776
     3435552            2          55.642     13742208      3435552
     3435552            4          81.217     27484416      6871104
     3435552            8         140.800     54968832     13742208
     3435552           16         261.525    109937664     27484416
     3435552           32         503.342    219875328     54968832
     3435552           64         957.275    439750656    109937664
     3435552          128        1766.142    879501312    219875328
     3435552          256        3606.533   1759002624    439750656
     3779104            1          46.842      7558208      1889552
     3779104            2          53.442     15116416      3779104
     3779104            4          85.158     30232832      7558208
     3779104            8         149.783     60465664     15116416
     3779104           16         277.566    120931328     30232832
     3779104           32         560.633    241862656     60465664
     3779104           64        1081.392    483725312    120931328
     3779104          128        2003.192    967450624    241862656
     3779104          256        3907.383   1934901248    483725312
     4156992            1          51.516      8313984      2078496
     4156992            2          58.941     16627968      4156992
     4156992            4          93.133     33255936      8313984
     4156992            8         163.259     66511872     16627968
     4156992           16         303.783    133023744     33255936
     4156992           32         588.775    266047488     66511872
     4156992           64        1161.875    532094976    133023744
     4156992          128        2214.300   1064189952    266047488
     4156992          256        4156.442   2128379904    532094976
     4572672            1          76.541      9145344      2286336
     4572672            2          80.300     18290688      4572672
     4572672            4         104.134     36581376      9145344
     4572672            8         176.183     73162752     18290688
     4572672           16         331.192    146325504     36581376
     4572672           32         642.583    292651008     73162752
     4572672           64        1289.383    585302016    146325504
     4572672          128        2336.400   1170604032    292651008
     5029920            1          61.600     10059840      2514960
     5029920            2          46.384     20119680      5029920
     5029920            4          69.392     40239360     10059840
     5029920            8         115.408     80478720     20119680
     5029920           16         239.617    160957440     40239360
     5029920           32         475.933    321914880     80478720
     5029920           64         953.334    643829760    160957440
     5029920          128        1811.242   1287659520    321914880
     5532896            1          88.459     11065792      2766448
     5532896            2          78.466     22131584      5532896
     5532896            4         130.809     44263168     11065792
     5532896            8         217.983     88526336     22131584
     5532896           16         433.675    177052672     44263168
     5532896           32         792.092    354105344     88526336
     5532896           64        1528.267    708210688    177052672
     5532896          128        2877.692   1416421376    354105344
     6086176            1          83.050     12172352      3043088
     6086176            2          82.500     24344704      6086176
     6086176            4          95.150     48689408     12172352
     6086176            8         125.400     97378816     24344704
     6086176           16         216.883    194757632     48689408
     6086176           32         415.616    389515264     97378816
     6086176           64         847.275    779030528    194757632
     6086176          128        1648.991   1558061056    389515264
     6694784            1          69.208     13389568      3347392
     6694784            2          99.550     26779136      6694784
     6694784            4         164.083     53558272     13389568
     6694784            8         275.641    107116544     26779136
     6694784           16         526.991    214233088     53558272
     6694784           32        1049.308    428466176    107116544
     6694784           64        1951.858    856932352    214233088
     6694784          128        3594.801   1713864704    428466176
     7364256            1         115.592     14728512      3682128
     7364256            2         111.192     29457024      7364256
     7364256            4         188.742     58914048     14728512
     7364256            8         303.600    117828096     29457024
     7364256           16         611.967    235656192     58914048
     7364256           32        1087.350    471312384    117828096
     7364256           64        2064.700    942624768    235656192
     7364256          128        3813.975   1885249536    471312384
     8100672            1         107.342     16201344      4050336
     8100672            2         119.258     32402688      8100672
     8100672            4         184.525     64805376     16201344
     8100672            8         320.283    129610752     32402688
     8100672           16         610.775    259221504     64805376
     8100672           32        1202.300    518443008    129610752
     8100672           64        2219.983   1036886016    259221504
     8100672          128        4178.075   2073772032    518443008
     8910720            1          99.550     17821440      4455360
     8910720            2         129.434     35642880      8910720
     8910720            4         194.884     71285760     17821440
     8910720            8         338.708    142571520     35642880
     8910720           16         625.900    285143040     71285760
     8910720           32        1263.442    570286080    142571520
     8910720           64        2287.451   1140572160    285143040
     9801792            1          93.225     19603584      4900896
     9801792            2         159.684     39207168      9801792
     9801792            4         224.033     78414336     19603584
     9801792            8         387.108    156828672     39207168
     9801792           16         720.409    313657344     78414336
     9801792           32        1354.558    627314688    156828672
     9801792           64        2237.675   1254629376    313657344
    10781952            1          82.042     21563904      5390976
    10781952            2         181.867     43127808     10781952
    10781952            4         280.500     86255616     21563904
    10781952            8         441.192    172511232     43127808
    10781952           16         821.242    345022464     86255616
    10781952           32        1548.250    690044928    172511232
    10781952           64        2882.550   1380089856    345022464
    11860128            1         206.617     23720256      5930064
    11860128            2         177.650     47440512     11860128
    11860128            4         173.525     94881024     23720256
    11860128            8         255.659    189762048     47440512
    11860128           16         438.808    379524096     94881024
    11860128           32         849.750    759048192    189762048
    11860128           64        1677.683   1518096384    379524096
    13046112            1          67.467     26092224      6523056
    13046112            2         136.950     52184448     13046112
    13046112            4         210.284    104368896     26092224
    13046112            8         275.550    208737792     52184448
    13046112           16         501.967    417475584    104368896
    13046112           32         967.542    834951168    208737792
    13046112           64        1884.758   1669902336    417475584
    14350720            1         139.791     28701440      7175360
    14350720            2         137.134     57402880     14350720
    14350720            4         180.584    114805760     28701440
    14350720            8         306.717    229611520     57402880
    14350720           16         565.217    459223040    114805760
    14350720           32        1067.641    918446080    229611520
    14350720           64        1986.875   1836892160    459223040
    15785792            1         134.750     31571584      7892896
    15785792            2         270.692     63143168     15785792
    15785792            4         426.067    126286336     31571584
    15785792            8         717.383    252572672     63143168
    15785792           16        1311.109    505145344    126286336
    15785792           32        2061.767   1010290688    252572672
    15785792           64        4311.725   2020581376    505145344
    17364352            1         158.766     34728704      8682176
    17364352            2         274.450     69457408     17364352
    17364352            4         414.241    138914816     34728704
    17364352            8         741.217    277829632     69457408
    17364352           16        1313.125    555659264    138914816
    17364352           32        2357.667   1111318528    277829632
    19100768            1         209.000     38201536      9550384
    19100768            2         306.717     76403072     19100768
    19100768            4         461.267    152806144     38201536
    19100768            8         793.742    305612288     76403072
    19100768           16        1393.609    611224576    152806144
    19100768           32        2675.934   1222449152    305612288
    21010816            1         191.767     42021632     10505408
    21010816            2         321.292     84043264     21010816
    21010816            4         785.216    168086528     42021632
    21010816            8         942.517    336173056     84043264
    21010816           16        1742.767    672346112    168086528
    21010816           32        2966.609   1344692224    336173056
    23111872            1         184.525     46223744     11555936
    23111872            2         403.333     92447488     23111872
    23111872            4         584.191    184894976     46223744
    23111872            8        1070.117    369789952     92447488
    23111872           16        1731.767    739579904    184894976
    23111872           32        3234.733   1479159808    369789952
    25423040            1         225.134     50846080     12711520
    25423040            2         463.284    101692160     25423040
    25423040            4         628.008    203384320     50846080
    25423040            8        1064.708    406768640    101692160
    25423040           16        1958.917    813537280    203384320
    25423040           32        2673.642   1627074560    406768640
    27965344            1         249.425     55930688     13982672
    27965344            2         465.300    111861376     27965344
    27965344            4         669.075    223722752     55930688
    27965344            8        1162.333    447445504    111861376
    27965344           16        2065.983    894891008    223722752
    27965344           32        3753.841   1789782016    447445504
    30761856            1         393.341     61523712     15380928
    30761856            2         627.550    123047424     30761856
    30761856            4         797.683    246094848     61523712
    30761856            8        1289.200    492189696    123047424
    30761856           16        2270.125    984379392    246094848
    30761856           32        4086.592   1968758784    492189696
    33838016            1         330.642     67676032     16919008
    33838016            2         624.433    135352064     33838016
    33838016            4         868.908    270704128     67676032
    33838016            8        1453.559    541408256    135352064
    33838016           16        2437.508   1082816512    270704128
    37221792            1         387.017     74443584     18610896
    37221792            2         660.733    148887168     37221792
    37221792            4         941.417    297774336     74443584
    37221792            8        1583.450    595548672    148887168
    37221792           16        2649.350   1191097344    297774336
    40943968            1         424.234     81887936     20471984
    40943968            2         720.592    163775872     40943968
    40943968            4         968.366    327551744     81887936
    40943968            8        1701.792    655103488    163775872
    40943968           16        2940.208   1310206976    327551744
    45038336            1         540.192     90076672     22519168
    45038336            2         840.767    180153344     45038336
    45038336            4        1233.925    360306688     90076672
    45038336            8        1967.625    720613376    180153344
    45038336           16        3271.308   1441226752    360306688
    49542144            1         627.916     99084288     24771072
    49542144            2         892.466    198168576     49542144
    49542144            4         853.050    396337152     99084288
    49542144            8        1178.283    792674304    198168576
    49542144           16        2000.992   1585348608    396337152
    54496352            1        1666.500    108992704     27248176
    54496352            2        2791.525    217985408     54496352
    54496352            4        3279.650    435970816    108992704
    54496352            8        3539.892    871941632    217985408
    54496352           16        4681.600   1743883264    435970816
    59945984            1        1308.450    119891968     29972992
    59945984            2        2011.717    239783936     59945984
    59945984            4        2248.308    479567872    119891968
    59945984            8        2359.225    959135744    239783936
    59945984           16        4562.708   1918271488    479567872
    65940576            1        2169.750    131881152     32970288
    65940576            2        3268.925    263762304     65940576
    65940576            4        2003.375    527524608    131881152
    65940576            8        2807.292   1055049216    263762304
    65940576           16        4922.683   2110098432    527524608
    72534624            1        2309.725    145069248     36267312
    72534624            2        4073.575    290138496     72534624
    72534624            4        3021.058    580276992    145069248
    72534624            8        2924.442   1160553984    290138496
    79788064            1        2590.317    159576128     39894032
    79788064            2        4781.609    319152256     79788064
    79788064            4        2679.050    638304512    159576128
    79788064            8        3480.033   1276609024    319152256
    87766848            1        2901.983    175533696     43883424
    87766848            2        4363.975    351067392     87766848
    87766848            4        2829.933    702134784    175533696
    87766848            8        3699.392   1404269568    351067392
    96543520            1        3132.341    193087040     48271760
    96543520            2        4256.542    386174080     96543520
    96543520            4        3056.533    772348160    193087040
    96543520            8        4811.216   1544696320    386174080
   106197856            1        3531.917    212395712     53098928
   106197856            2        4955.042    424791424    106197856
   106197856            4        4004.091    849582848    212395712
   106197856            8        5837.517   1699165696    424791424
   116817632            1        3826.350    233635264     58408816
   116817632            2        4869.791    467270528    116817632
   116817632            4        4555.742    934541056    233635264
   116817632            8        6933.392   1869082112    467270528
   128499392            1        4266.258    256998784     64249696
   128499392            2        7388.609    513997568    128499392
   128499392            4        7015.616   1027995136    256998784
   128499392            8        9370.717   2055990272    513997568
   141349312            1        4712.858    282698624     70674656
   141349312            2        6880.133    565397248    141349312
   141349312            4        6627.684   1130794496    282698624
   155484224            1        4338.034    310968448     77742112
   155484224            2        7669.292    621936896    155484224
   155484224            4        9560.650   1243873792    310968448
   171032640            1        4455.092    342065280     85516320
   171032640            2        7785.159    684130560    171032640
   171032640            4        9834.642   1368261120    342065280
   188135904            1        5057.984    376271808     94067952
   188135904            2        8869.484    752543616    188135904
   188135904            4       11530.017   1505087232    376271808
   206949472            1        5659.500    413898944    103474736
   206949472            2       10254.567    827797888    206949472
   206949472            4       13263.983   1655595776    413898944
   227644416            1        6386.325    455288832    113822208
   227644416            2       11380.784    910577664    227644416
   227644416            4       15278.542   1821155328    455288832
   250408832            1        7151.833    500817664    125204416
   250408832            2       12634.234   1001635328    250408832
   250408832            4       17589.917   2003270656    500817664
   275449696            1        8285.109    550899392    137724848
   275449696            2       13896.942   1101798784    275449696
   302994656            1        8982.783    605989312    151497328
   302994656            2       15520.267   1211978624    302994656
   333294112            1        9953.533    666588224    166647056
   333294112            2       18298.959   1333176448    333294112
   366623520            1       10852.692    733247040    183311760
   366623520            2       20152.367   1466494080    366623520
   403285856            1       12193.500    806571712    201642928
   403285856            2       22639.192   1613143424    403285856
   443614432            1       14401.842    887228864    221807216
   443614432            2       25641.093   1774457728    443614432
   487975872            1       15123.901    975951744    243987936
   487975872            2       28522.817   1951903488    487975872
   536773440            1       16463.883   1073546880    268386720
   536773440            2       31607.584   2147093760    536773440
   590450784            1       17940.084   1180901568    295225392
   649495840            1       19832.542   1298991680    324747920
   714445408            1       23454.201   1428890816    357222704
   785889920            1       24286.167   1571779840    392944960
   864478912            1       26823.042   1728957824    432239456
   950926784            1       29942.459   1901853568    475463392
  1046019456            1       33521.309   2092038912    523009728

META_DATA
FLOPS          4
OPENMP_THREADS 4
ERT_VERSION  1.1.0
HOSTNAME  ('DESKTOP-1DMF7BU.localdomain', ['DESKTOP-1DMF7BU'], ['127.0.1.1'])
UNAME  uname_result(system='Linux', node='DESKTOP-1DMF7BU', release='6.6.87.2-microsoft-standard-WSL2', version='#1 SMP PREEMPT_DYNAMIC Thu Jun  5 18:30:46 UTC 2025', machine='x86_64')
TIMESTAMP_DATA  1765959713.8647318
CONFIG  {'ERT_MPI': ['False'], 'ERT_OPENMP': ['True'], 'ERT_OPENMP_CFLAGS': ['-fopenmp'], 'ERT_OPENMP_LDFLAGS': ['-fopenmp'], 'ERT_PRECISION': ['FP64'], 'ERT_TRIALS_MIN': ['1'], 'ERT_TRIALS': ['3', '#', 'Run', 'each', 'test', '3', 'times', 'to', 'filter', 'out', 'background', 'noise'], 'ERT_RESULTS': ['Results/7800X3D'], 'ERT_GNUPLOT': ['gnuplot'], 'ERT_DRIVER': ['driver1'], 'ERT_KERNEL': ['kernel1'], 'ERT_CC': ['g++'], 'ERT_LD': ['g++'], 'ERT_CFLAGS': ['-O3', '-march=native', '-fopenmp', '-fstrict-aliasing', '-funroll-loops', '-Wno-all'], 'ERT_LDFLAGS': ['-O3', '-march=native', '-fopenmp'], 'ERT_LDLIBS': ['-lm'], 'ERT_RUN': ['export', 'OMP_NUM_THREADS=ERT_OPENMP_THREADS;', './ERT_CODE'], 'ERT_WORKING_SET_MIN': ['128'], 'ERT_MEMORY_MAX': ['1073741824'], 'ERT_ALIGN': ['64'], 'ERT_MIN_PROCS': ['1'], 'ERT_MAX_PROCS': ['1'], 'ERT_OPENMP_THREADS': ['1,2,4,8,16', '#', 'Logical', 'Threads'], 'ERT_NUM_EXPERIMENTS': ['5'], 'ERT_FLOPS': ['1,2,4,8,16', '#', '16', 'for', 'AVX-51'], 'ERT_GPU': [False], 'ERT_HIP': [False], 'ERT_OCL': [False], 'ERT_SYCL': [False], 'ERT_WSS_MULT': [1.1]}
